edge_sum,num_lines,glcm_contrast,glcm_homogenity,lbp_hist,label,filename
1016685,0,117.97479283879646,0.8354589675366556,"[0.004196166992171493, 0.008480072021452026, 0.006786346435520987, 0.02682113647450706, 0.07699966430634689, 0.04903793334942231, 0.01550292968744086, 0.007343292236300113, 0.8048324584930235]",0,Normal-1655.png
1445340,0,245.38744878302344,0.8525629643491236,"[0.004878997802715763, 0.009811401367150072, 0.005855560302712038, 0.02418136596670463, 0.06374359130835058, 0.04147338867171679, 0.01251983642573349, 0.007709503173798715, 0.8298263549773032]",0,Normal-2226.png
985320,0,151.63013316413895,0.8455947004118426,"[0.005046844482402623, 0.00936508178707365, 0.007259368896456683, 0.026107788085837906, 0.06310653686499364, 0.04693984985333656, 0.016750335693295478, 0.008514404296842519, 0.8169097900359462]",0,Normal-755.png
1082475,0,175.7797440680039,0.8364733064692371,"[0.005065917968730675, 0.009525299072229288, 0.007583618164033571, 0.02717971801747444, 0.07325744628878304, 0.04892730712871961, 0.015609741210877954, 0.00878143310543525, 0.8040695190399014]",0,Normal-3004.png
1140870,0,83.77746223703525,0.7994106749581922,"[0.004333496093733469, 0.009033203124965541, 0.007961273193329005, 0.033626556396356096, 0.10111999511680175, 0.06231307983374667, 0.017768859863213467, 0.009941101074180827, 0.7539024352998585]",0,Normal-3216.png
1765620,0,237.25154797578278,0.6065124107341024,"[0.010723114013630968, 0.023445129394441815, 0.020652770996014966, 0.07158660888644566, 0.1601791381829827, 0.11893844604446815, 0.046306610107245225, 0.03133773803698983, 0.516830444333966]",0,Normal-1801.png
1354305,0,164.1986874694227,0.8412943567933586,"[0.004695892333966461, 0.009159088134730686, 0.007621765136689675, 0.026767730712788512, 0.06936645507786039, 0.04204559326155836, 0.013977050781196682, 0.006801605224583429, 0.8195648193328111]",0,Normal-1367.png
1027650,0,142.0430069716243,0.8668602388501739,"[0.004272460937483701, 0.007366180419893775, 0.005245208740214366, 0.021064758300700894, 0.061496734618906035, 0.03738403320298239, 0.011440277099565733, 0.005577087402322475, 0.8461532592741159]",0,Normal-1372.png
2541075,0,406.35069104696663,0.6660768798202418,"[0.010005950927696206, 0.019783020019455783, 0.015396118164003767, 0.05516433715799269, 0.14689254760686152, 0.09060668945277936, 0.031826019286987965, 0.017917633056572273, 0.6124076843238357]",0,Normal-2810.png
1102365,0,95.5772076810176,0.794195393444542,"[0.004455566406233003, 0.009483337402307574, 0.00884628295895063, 0.03323745727526383, 0.10279846191367036, 0.06127166748023501, 0.019882202148361654, 0.010097503662070855, 0.7499275207490923]",0,Normal-1758.png
1449675,0,205.7306980797456,0.8420909133981209,"[0.005065917968730675, 0.009670257568322486, 0.006927490234348573, 0.026966094970600256, 0.07224655151339628, 0.044727325439282505, 0.01448440551752287, 0.007278442382784735, 0.8126335144011969]",0,Normal-768.png
1101600,0,179.39888087084148,0.8386373799746503,"[0.004661560058575967, 0.00902557373043432, 0.006935119628879795, 0.026809692382710228, 0.07159042358371127, 0.04645919799786965, 0.014511108398382143, 0.008232116699187346, 0.8117752075164345]",0,Normal-634.png
991440,0,114.60332451687867,0.8527031701295553,"[0.004108428955062453, 0.007987976074188278, 0.007564544677705519, 0.02503585815420137, 0.0633811950681176, 0.0412940979002331, 0.013664245605416625, 0.006721496582005609, 0.8302421569792547]",0,Normal-2357.png
1163055,0,206.92943905944227,0.8332645046181547,"[0.005229949951151924, 0.009082794189418477, 0.00860595703121717, 0.029605865478402688, 0.07355117797823504, 0.04742431640606909, 0.01686096191399818, 0.007804870605438977, 0.8018341064422537]",0,Normal-2519.png
802995,0,104.06850843933465,0.8758643877438679,"[0.0033912658691276883, 0.0061340332031016, 0.00672531127927122, 0.021423339843668277, 0.052516937255659035, 0.03280639648424985, 0.011928558349563871, 0.0056304931640410215, 0.8594436645475028]",0,Normal-116.png
840735,0,87.32986026174167,0.8626994559551809,"[0.004074096679671959, 0.006977081298801509, 0.007358551025362555, 0.024219512939360734, 0.05513763427713342, 0.036262512206892916, 0.014236450195258191, 0.006481170654272151, 0.8452529907194318]",0,Normal-2754.png
1163565,0,186.62208751223093,0.8218358909286434,"[0.005050659179668233, 0.00928497314449583, 0.007289886474581566, 0.028373718261610514, 0.08163070678679797, 0.050342559814261084, 0.015701293945252603, 0.007648468017548948, 0.7946777343719685]",0,Normal-1386.png
2621400,0,410.82872125733843,0.7487481477506124,"[0.008491516113248858, 0.01590728759759557, 0.011878967285110936, 0.04745864868145958, 0.11409378051714289, 0.0670356750485724, 0.02110671997062261, 0.011508941650346721, 0.7025184631320857]",0,Normal-796.png
917745,0,119.35406219422698,0.829618949198964,"[0.004398345947248847, 0.008316040039030777, 0.00920486450191801, 0.02954483032215292, 0.07394027709932731, 0.045696258544747556, 0.01712036132805969, 0.008071899414031709, 0.8037071227996685]",0,Normal-2824.png
1077375,0,97.79750183463793,0.8316737776677688,"[0.004436492919904951, 0.008476257324186415, 0.008365631103483713, 0.029430389404184607, 0.07754135131806357, 0.04454040527326759, 0.016166687011657077, 0.008415222167936649, 0.8026275634735007]",0,Normal-1311.png
1153875,0,139.6514455418297,0.8366032338223888,"[0.004524230957013991, 0.009593963623010276, 0.006752014160130493, 0.02605438232411936, 0.07454681396455938, 0.048240661620909724, 0.01582717895501775, 0.008869171142544291, 0.80559158324888]",0,Normal-1767.png
1590180,0,222.91910775440311,0.7316167235891792,"[0.008735656738247926, 0.015373229980410106, 0.01303100585932529, 0.04700088500958633, 0.11235809326129013, 0.08761215209927516, 0.029792785644417598, 0.017761230468682245, 0.6683349609349505]",0,Normal-1539.png
1076610,0,151.2358350660469,0.8445942824100924,"[0.004539489746076433, 0.00826263427731223, 0.006412506103491163, 0.024673461913968377, 0.07419586181612321, 0.04576492309552854, 0.013313293456980464, 0.006286621093726018, 0.8165512084929788]",0,Normal-1555.png
1096245,0,127.39734053938355,0.8401793230183341,"[0.00494003295896553, 0.009010314941371878, 0.007194519042941305, 0.026878356933491217, 0.07278442382784735, 0.04530334472638968, 0.015232086181582519, 0.008289337158171503, 0.8103675842254243]",0,Normal-528.png
1410915,0,210.1607601516634,0.8557493898289836,"[0.004730224609356955, 0.008548736572233014, 0.006149291992164042, 0.02478027343740547, 0.06759262084935153, 0.042957305908039256, 0.011684417724564801, 0.005722045898415672, 0.8278350830046546]",0,Normal-787.png
1295910,1,98.64285714285714,0.7796328854239956,"[0.004524230957013991, 0.010292053222616988, 0.009166717529261906, 0.036235809326033645, 0.11134338378863776, 0.06261062622046429, 0.020393371581953455, 0.010204315185507948, 0.7352294921846954]",0,Normal-1531.png
771120,0,100.76629770058707,0.8583131607640722,"[0.004570007324201317, 0.008903503417934786, 0.008029937744109993, 0.025722503662011252, 0.05373764038065438, 0.03769302368149684, 0.015808105468689698, 0.008972167968715774, 0.8365631103483713]",0,Normal-2495.png
1423410,0,198.3031051247554,0.8227508735116057,"[0.0054092407226356155, 0.010677337646443644, 0.007698059082001884, 0.02863311767567202, 0.08124923706023693, 0.05086898803691532, 0.016143798828063417, 0.008701324462857431, 0.790618896481359]",0,Normal-1380.png
1455540,0,280.19039337695693,0.8478025535314295,"[0.00519943237302704, 0.010269165039023326, 0.006999969482395172, 0.025829315185448343, 0.06613922119115395, 0.042121887206870566, 0.01406097412104011, 0.008243560790984178, 0.8211364746062426]",0,Normal-190.png
833340,0,111.08695419520546,0.7949496050609793,"[0.004142761230452947, 0.010025024414024258, 0.009040832519496762, 0.035213470458850045, 0.0955123901363544, 0.06258773803687062, 0.019649505615159418, 0.012420654296827618, 0.7514076232881493]",0,Normal-1905.png
912390,0,168.88570587695696,0.8304193029409953,"[0.004947662353496751, 0.009254455566370947, 0.007598876953096013, 0.029415130615122163, 0.07287979125948761, 0.051391601562303955, 0.016883850097591843, 0.01056671142574094, 0.7970619201629751]",0,Normal-1090.png
1155150,0,158.1125703277886,0.8607104771661065,"[0.004070281982406348, 0.007781982421845314, 0.006668090820287063, 0.023036956787021494, 0.056591033935331, 0.036933898925640356, 0.012359619140577852, 0.005836486816383986, 0.8467216491666919]",0,Normal-1254.png
847620,0,110.16602709148728,0.8506624149957083,"[0.004249572753890039, 0.008060455322234877, 0.00757980346676796, 0.027698516845597463, 0.06585311889623316, 0.04430770874006535, 0.014884948730411967, 0.007213592529269357, 0.8201522827117151]",0,Normal-1639.png
2053515,0,278.122913099315,0.751130996297463,"[0.007568359374971129, 0.015106201171817374, 0.01047515869136629, 0.03933715820297494, 0.11141586303668435, 0.07249450683566096, 0.02206039428702522, 0.010921478271442712, 0.7106208801242423]",0,Normal-1814.png
962880,0,174.55338032045003,0.8424783068078419,"[0.004814147949200385, 0.009433746337854638, 0.007614135742158454, 0.02649688720693017, 0.07113647460910363, 0.044780731201001046, 0.014835357665959031, 0.007961273193329005, 0.8129272460906489]",0,Normal-465.png
799680,0,115.06920407289627,0.9067949330876234,"[0.002841949462879784, 0.004970550537090414, 0.004402160644514457, 0.01687622070306062, 0.04100418090804671, 0.0249366760252955, 0.007518768310518193, 0.0035934448242050418, 0.8938560485805745]",0,Normal-378.png
630870,0,97.46978962818002,0.913079304875743,"[0.0030860900878788523, 0.004455566406233003, 0.0046119689941230314, 0.015560150146425018, 0.03590011596665993, 0.024795532226467912, 0.008728027343716705, 0.004398345947248847, 0.898464202877432]",0,Normal-3263.png
631890,0,72.81782045009786,0.9092289873391943,"[0.002868652343739057, 0.005313873290995354, 0.004962921142559193, 0.014968872070255398, 0.03866195678696189, 0.02429199218740733, 0.008995056152309437, 0.004608154296857421, 0.8953285217251002]",0,Normal-205.png
868785,0,117.12884509540118,0.8216678337005359,"[0.004692077636700851, 0.008472442626920805, 0.00893402099605967, 0.03229141235339244, 0.07858657836884084, 0.04919433593731234, 0.01839828491203919, 0.008537292480436182, 0.790893554684483]",0,Normal-383.png
455430,0,51.71602097602739,0.9021113190279335,"[0.0037345886230326286, 0.006870269775364417, 0.006347656249975786, 0.017593383788995387, 0.03340148925768508, 0.02462768554678105, 0.012111663818313172, 0.006370544433569448, 0.8889427185024683]",0,Normal-3158.png
2181780,0,309.4168335677593,0.6793189975493596,"[0.010238647460898443, 0.01881027221672512, 0.017646789550713932, 0.05706405639626669, 0.13647079467721376, 0.08737564086880731, 0.03312683105456113, 0.017520904540948786, 0.6217460632300501]",0,Normal-1721.png
1463955,0,192.7421875,0.8155560871888033,"[0.0057640075683373865, 0.011680603027299192, 0.009849548339806176, 0.03338241577135703, 0.0761222839352565, 0.05109024047832073, 0.019710540771409185, 0.011524200439409164, 0.7808761596649899]",0,Normal-1611.png
1431315,0,193.91059197651663,0.7899437098837699,"[0.006698608398411947, 0.012020111083938521, 0.01072692871089658, 0.03710556030259283, 0.09136581420863583, 0.06150436401343725, 0.020122528076095113, 0.011611938476518204, 0.748844146725659]",0,Normal-2649.png
380715,0,64.50054274706457,0.8993389710153092,"[0.00306320190428519, 0.005435943603494888, 0.005554199218728812, 0.0189857482909432, 0.04435729980451829, 0.031642913818238666, 0.011039733886676636, 0.006137847900367211, 0.8737831115689324]",0,Normal-3432.png
1265310,0,95.16272474315066,0.7702913619786564,"[0.00451278686521716, 0.010459899902303848, 0.010105133056602076, 0.03659820556626664, 0.1094627380366918, 0.06216430664038786, 0.02017593383781366, 0.010002136230430595, 0.7365188598604716]",0,Normal-1510.png
1943100,0,219.81493089530332,0.784616043270594,"[0.00825500488278101, 0.012535095214795932, 0.0122680664062032, 0.037902832031105414, 0.08345794677702538, 0.05382156372049781, 0.019992828369064356, 0.01099777221675492, 0.7607688903779573]",0,Normal-1004.png
1237770,0,116.52930069716243,0.7776979942176704,"[0.0044441223144361715, 0.01005554199214914, 0.00859069824215473, 0.03440475463854063, 0.1070480346675604, 0.06835937499973922, 0.019607543945237702, 0.010101318359336467, 0.7373886108370308]",0,Normal-1618.png
863175,0,121.04324394569468,0.8327160250413725,"[0.005657196044900294, 0.01004409790035231, 0.010242462158164052, 0.03296661376940549, 0.06558609008764044, 0.045932769775215404, 0.01941299438469157, 0.01030731201167943, 0.7998504638641363]",0,Normal-2542.png
902445,0,162.81439961472603,0.8890490086215714,"[0.003242492675768881, 0.005931854248024246, 0.005249023437479976, 0.02016448974601683, 0.046768188476384094, 0.0311813354490998, 0.01091003417964588, 0.005550384521463202, 0.8710021972623023]",0,Normal-1174.png
335835,0,37.85030118639922,0.9319990406597564,"[0.00272750854491147, 0.004814147949200385, 0.0039024353027194885, 0.011802673339798725, 0.02305221557608394, 0.018062591552665472, 0.009349822998011207, 0.0046119689941230314, 0.9216766357386715]",0,Normal-1999.png
877200,0,123.03796171722117,0.8945766709089639,"[0.0032844543456905955, 0.005752563476540556, 0.005546569824197592, 0.019271850585863982, 0.04296874999983609, 0.028053283691299235, 0.009609222412072719, 0.0043754577636551835, 0.8811378478970293]",0,Normal-214.png
989655,0,92.13418083414872,0.8639463924390974,"[0.004776000976544281, 0.007904052734344849, 0.00783920288082947, 0.02437210082998515, 0.05452728271463574, 0.034164428710807174, 0.014686584472600225, 0.007419586181612321, 0.844310760494826]",0,Normal-160.png
1039635,0,141.10786906800394,0.8937029004606456,"[0.0033187866210810896, 0.0057296752929468925, 0.006759643554661714, 0.020294189453047583, 0.0397605895994577, 0.02571105957021442, 0.00902938842769993, 0.004249572753890039, 0.8851470947231859]",0,Normal-2469.png
1355835,0,246.4815809992661,0.7601598436914991,"[0.007869720458954354, 0.014781951904240486, 0.01107025146480152, 0.04239654540999452, 0.0991668701168092, 0.07520675659150998, 0.02731323242177081, 0.018062591552665472, 0.7041320800754389]",0,Normal-1545.png
916215,0,167.0491186093444,0.86929492404564,"[0.004352569580061521, 0.008251190185515398, 0.005920410156227416, 0.024070739746001928, 0.055580139159944225, 0.04234313964827597, 0.015003204345645891, 0.009605407714807107, 0.8348731994597058]",0,Normal-3111.png
1070745,0,140.4797616499511,0.8460313115117831,"[0.004497528076154719, 0.008361816406218102, 0.007884979248016797, 0.025653839111230262, 0.06403732299780258, 0.04049682617172051, 0.014911651611271242, 0.007568359374971129, 0.8265876769987999]",0,Normal-436.png
1430805,0,196.24066627935426,0.8364850600908948,"[0.005218505859355093, 0.009220123290980453, 0.006481170654272151, 0.025329589843653376, 0.07526779174775974, 0.044059753417800676, 0.013492584228464154, 0.006702423095677557, 0.814228057858222]",0,Normal-179.png
968235,0,119.28709790851272,0.8726315766111086,"[0.004245758056624429, 0.007282257080050345, 0.007530212402315025, 0.023231506347567626, 0.049594879150201436, 0.03433227539049403, 0.012706756591748402, 0.006244659423804303, 0.8548316955533797]",0,Normal-3430.png
1491750,0,113.97034384173185,0.7317195984547495,"[0.005611419677712969, 0.01209259033198512, 0.011852264404251661, 0.0447998046873291, 0.1301269531245036, 0.073463439941126, 0.02477645874013986, 0.014118194580024269, 0.6831588745091127]",0,Normal-1202.png
1176825,0,199.50663527397262,0.8020081060053308,"[0.006347656249975786, 0.011692047119096024, 0.009757995605431526, 0.03699874877915574, 0.08591461181607851, 0.0617790222165612, 0.021236419677653363, 0.012447357177686892, 0.7538261413545463]",0,Normal-2675.png
1548615,0,269.80941169275934,0.8057093981332505,"[0.006229400634741862, 0.01072692871089658, 0.009799957275353242, 0.033863067626823944, 0.08427047729460041, 0.05459976196268234, 0.01831436157219576, 0.009098052978480918, 0.7730979919404102]",0,Normal-310.png
415905,0,54.192445878180045,0.9128584698032928,"[0.0029678344726449283, 0.006172180175757705, 0.005313873290995354, 0.01641845703118737, 0.03023529052722841, 0.023200988769442744, 0.010799407958943179, 0.005924224853493026, 0.8989677429164925]",0,Normal-1051.png
649740,0,62.120979085127196,0.9054298310590766,"[0.0037956237792823957, 0.006027221679664508, 0.006462097167944099, 0.016216278076110015, 0.034538269042836994, 0.021961212158119348, 0.010227203369101611, 0.005371093749979511, 0.8954010009731468]",0,Normal-1125.png
632655,0,73.99315068493152,0.8762458108052116,"[0.0033836364745964674, 0.00604629516599256, 0.005725860595681282, 0.0221252441405406, 0.05889511108375971, 0.03722381591782675, 0.01327896118158997, 0.00629806518552285, 0.8470230102506751]",0,Normal-3168.png
558195,0,97.49731684197651,0.8913447733961584,"[0.003295898437487427, 0.00613021850583599, 0.00545120239255733, 0.01898193359367759, 0.04430770874006535, 0.031227111816287127, 0.011520385742143553, 0.005844116210915206, 0.8732414245572157]",0,Normal-3022.png
479400,0,47.19590875733856,0.9525915138905534,"[0.0016555786132749345, 0.003028869628894696, 0.0020713806152264733, 0.0075073242187213615, 0.020484924316328104, 0.012554168701123984, 0.004386901855452015, 0.0020484924316328105, 0.9462623596155308]",0,Normal-427.png
998580,0,154.2898192881605,0.8458476928583948,"[0.004417419433576899, 0.008201599121062463, 0.006858825683567585, 0.026336669921774532, 0.07172775268527325, 0.044139862060378496, 0.014766693115178043, 0.007560729980439908, 0.8159904479949341]",0,Normal-1346.png
946305,0,150.05269997553816,0.8612580896124845,"[0.005287170410136081, 0.00868606567379499, 0.007331848144503281, 0.02401351928701777, 0.053592681884561184, 0.03920745849594418, 0.015361785888613274, 0.00852584838863935, 0.8379936218229752]",0,Normal-3030.png
1163310,0,172.0811941964286,0.8158490248667671,"[0.007240295410128631, 0.012722015380810844, 0.008071899414031709, 0.03379821777330857, 0.0723991394040207, 0.06762313842747641, 0.024284362792876112, 0.016799926757748412, 0.7570610046357839]",0,Normal-1746.png
1163310,0,163.8427715264187,0.8373824289412094,"[0.004669189453107189, 0.009353637695276818, 0.007434844970674763, 0.02700805664052197, 0.07168579101535154, 0.044506072997877094, 0.015167236328067142, 0.008049011230438045, 0.8121261596648707]",0,Normal-1219.png
1298715,0,255.13711625489242,0.7937728555152453,"[0.005542755126931981, 0.011867523193314104, 0.009731292724572252, 0.035160064697131496, 0.08692550659146528, 0.06190490722632635, 0.02112197875968505, 0.012538909912061542, 0.7552070617646972]",0,Normal-580.png
601290,0,98.8827742783757,0.8921574371174885,"[0.002803802490223679, 0.005718231201150062, 0.004981994628887245, 0.01872634887688169, 0.04670715332013432, 0.031230926513552738, 0.01141357421870646, 0.00519180297849582, 0.8732261657681533]",0,Normal-818.png
890715,0,99.1816864909491,0.882098784439186,"[0.0035667419433457687, 0.006324768066382123, 0.00519180297849582, 0.017856597900322506, 0.05378723144510732, 0.03293609619128061, 0.010704040527302916, 0.005603790283181748, 0.8640289306607665]",0,Normal-1720.png
333795,0,56.11678235078277,0.9275600652825167,"[0.0023574829101472568, 0.003948211669906813, 0.004138946533187336, 0.012760162353466949, 0.029277801513560187, 0.020202636718672933, 0.007484436035127699, 0.0037345886230326286, 0.9160957336390835]",0,Normal-237.png
1185240,0,94.50064594545009,0.7935598854563187,"[0.004344940185530301, 0.008911132812466006, 0.008728027343716705, 0.03210830688464314, 0.10338973998983997, 0.05997085571266185, 0.017143249511653354, 0.009571075439416614, 0.7558326721162574]",0,Normal-3238.png
1020255,0,136.443699547456,0.8946407535509647,"[0.003929138183578761, 0.006683349609349505, 0.004474639892561055, 0.017524719238214397, 0.04879760742168885, 0.032341003417845376, 0.010738372802693411, 0.005672454833962736, 0.8698387145962911]",0,Normal-911.png
1872975,0,183.73093505381598,0.8030367442291464,"[0.007469177246065257, 0.012870788574169652, 0.011360168456987915, 0.03446960449205601, 0.07989883422821083, 0.04972076415996658, 0.01933670043937936, 0.010440826415975796, 0.7744331359833738]",0,Normal-1673.png
1300500,0,232.6010732632094,0.8721342261792216,"[0.0040550231933439065, 0.00808715820309415, 0.0050201416015433495, 0.02042007446281273, 0.055206298827914405, 0.03656768798814176, 0.009750366210900306, 0.005840301513649596, 0.855052947994785]",0,Normal-480.png
1226550,0,139.78493456457926,0.8246085036824353,"[0.0063400268554445645, 0.012977600097606744, 0.009471893310510742, 0.02802276611317435, 0.06451034545873828, 0.04944229125957702, 0.02059555053703081, 0.015285491943301066, 0.7933540344208017]",0,Normal-1492.png
1277040,0,123.90313875978468,0.8716879582161866,"[0.0039062499999850987, 0.007549285888643077, 0.005905151367164974, 0.02034378051750052, 0.051719665527146456, 0.031665802001832326, 0.010772705078083904, 0.0053596496581826795, 0.8627777099576462]",0,Normal-2967.png
1340025,2,195.5034552348337,0.831771134593314,"[0.0057830810546654395, 0.01082229614253684, 0.008243560790984178, 0.02655792236317994, 0.07023620605441956, 0.04785919189434868, 0.01594924926751728, 0.009384155273401702, 0.8051643371551317]",0,Normal-2369.png
316200,0,66.58998899217221,0.9314276415973644,"[0.0019340515136644972, 0.004501342773420329, 0.0033760070800652464, 0.013721466064400781, 0.025405883788965584, 0.02376556396475309, 0.00920486450191801, 0.005657196044900294, 0.9124336242640975]",0,Normal-1070.png
720630,0,82.97740337573387,0.8927085402050529,"[0.003517150878892833, 0.006278991699194797, 0.005653381347634684, 0.018161773681571344, 0.04615402221662081, 0.028812408447155713, 0.011188507080035444, 0.005405426025370005, 0.8748283386197097]",0,Normal-774.png
1162545,0,143.02832222358117,0.8200888973943095,"[0.004371643066389573, 0.009548187255822951, 0.008117675781219033, 0.02868270874012496, 0.0820007324215622, 0.052658081054486626, 0.017490386962823904, 0.0094566345214483, 0.7876739501923078]",0,Normal-1290.png
909075,0,124.05557424168298,0.8647134269985907,"[0.0037117004394389658, 0.007427215576143543, 0.00595855712888352, 0.023124694824130536, 0.0621795654294503, 0.04145812988265435, 0.012741088867138897, 0.00629806518552285, 0.8371009826628223]",0,Normal-862.png
375615,0,51.04837328767124,0.9304298074204752,"[0.002479553222646791, 0.0037155151367045764, 0.0035705566406113794, 0.011947631835891924, 0.030540466308477246, 0.01839447021477358, 0.007167816162082031, 0.0035362243652208854, 0.9186477661097768]",0,Normal-2078.png
1247715,0,165.2419352372798,0.7958676049077184,"[0.0061035156249767165, 0.010520935058553615, 0.009643554687463212, 0.03406906127916691, 0.09045028686488933, 0.0582351684568091, 0.018604278564382154, 0.00944519042965147, 0.7629280090302928]",0,Normal-141.png
649485,0,80.8916608060176,0.8992187175334702,"[0.003303527832018648, 0.00613021850583599, 0.005302429199198522, 0.018093109130790354, 0.04422378540022193, 0.029342651367075565, 0.0108070373534744, 0.005229949951151924, 0.877567291256418]",0,Normal-1024.png
857565,0,104.97669245352249,0.8579092283741024,"[0.0034523010253774554, 0.007205963134738137, 0.0060691833495862225, 0.02171325683585467, 0.06443023681616046, 0.04401779174787896, 0.012817382812451105, 0.006263732910132356, 0.8340301513640059]",0,Normal-891.png
897855,0,110.6697651663405,0.8766597712021654,"[0.0037307739257670183, 0.007038116455051277, 0.006889343261692469, 0.021068572997966505, 0.04896926879864132, 0.03240966796862636, 0.012531280517530321, 0.005813598632790322, 0.8615493774381197]",0,Normal-605.png
733380,0,115.43122783145789,0.8697300942009192,"[0.004405975341780067, 0.007377624511690607, 0.007331848144503281, 0.02322769165030202, 0.059822082519303044, 0.03786468505844931, 0.013656616210885405, 0.007198333740206915, 0.8391151428190646]",0,Normal-1504.png
503370,0,162.59422012597844,0.9370438738451567,"[0.0018653869628835092, 0.004997253417949687, 0.0018463134765554568, 0.008857727050747461, 0.019020080566333693, 0.020648956298749355, 0.006118774414039158, 0.0056648254394315155, 0.9309806823694955]",0,Normal-1335.png
1208190,0,246.8821512659002,0.8311832136056907,"[0.0052909851074016915, 0.01064682006831876, 0.008903503417934786, 0.02799606323231508, 0.06977844238254631, 0.04639816284161988, 0.016883850097591843, 0.010517120361288004, 0.8035850524871689]",0,Normal-2569.png
960075,0,137.15601302592958,0.8366335201098838,"[0.004631042480451084, 0.00834274291989005, 0.007606506347627233, 0.027812957763565776, 0.07339477539034502, 0.04615402221662081, 0.015659332275330888, 0.00817489624020319, 0.8082237243621512]",0,Normal-1039.png
952425,0,164.2985567514676,0.8451325566940283,"[0.0041580200195153886, 0.008544921874967403, 0.006435394287084826, 0.023731231689362597, 0.06900405883762739, 0.04947662353496751, 0.014026641845649617, 0.007862091064423133, 0.8167610168425874]",0,Normal-11.png
1809990,0,224.74131604696666,0.8064950444312835,"[0.005836486816383986, 0.010700225830037307, 0.006145477294898432, 0.026531219482320664, 0.08203124999968707, 0.05777359008767023, 0.013607025146432469, 0.007053375244113719, 0.7903213500946414]",0,Normal-1224.png
539580,0,111.13775837818005,0.9039124065617195,"[0.002841949462879784, 0.004795074462872333, 0.0044593811034986134, 0.016395568847593706, 0.037631988525247066, 0.026962280273334645, 0.009784698486290799, 0.004245758056624429, 0.892883300777844]",0,Normal-3103.png
1107975,0,191.70450480063596,0.8253577938778442,"[0.004993438720684076, 0.00946044921871391, 0.008449554443327142, 0.030002593994026175, 0.07835006713837299, 0.04936599731426481, 0.01574325561517432, 0.008331298828093218, 0.7953033447235286]",0,Normal-1360.png
660960,0,124.05732479207433,0.7389926776939708,"[0.007335662841768891, 0.016899108886654284, 0.016124725341735365, 0.05755996704079605, 0.10830688476521184, 0.0938720703121419, 0.036724090576031786, 0.027900695800674818, 0.6352767944311704]",0,Normal-2610.png
1343340,0,189.45323202054792,0.8079470562491737,"[0.0055961608886505275, 0.011211395263629107, 0.008914947509731617, 0.031635284423707444, 0.09107208251918383, 0.05744934082009335, 0.018657684326100703, 0.009662628173791264, 0.7658004760712974]",0,Normal-2174.png
1073040,0,197.78201825464774,0.8860248864288031,"[0.003849029541000942, 0.007320404052706449, 0.005355834960917069, 0.019405364990160347, 0.0466270446775565, 0.03353881835924706, 0.010231018066367222, 0.005989074707008404, 0.8676834106412212]",0,Normal-2430.png
620160,0,52.51377507338552,0.9355571706198167,"[0.0022010803222572285, 0.0034217834472525716, 0.003074645996082021, 0.010177612304648675, 0.02682876586903828, 0.017318725585871435, 0.006015777587867676, 0.002838134765614173, 0.9281234741175532]",0,Normal-3292.png
1272450,0,195.7473588857632,0.831620949574756,"[0.00502395629880896, 0.009841918945274955, 0.0073051452636440075, 0.027820587158096998, 0.07474899291963673, 0.050445556640432564, 0.016025543212829493, 0.009166717529261906, 0.7996215820281997]",0,Normal-3311.png
921060,0,122.79640105185906,0.9149772676876966,"[0.0026626586913960928, 0.004619598388654253, 0.004779815673809891, 0.01601028442376705, 0.03296661376940549, 0.02010345458976706, 0.007278442382784735, 0.003200531005847166, 0.9083786010707535]",0,Normal-845.png
1389240,0,177.46360154721128,0.8066740642291877,"[0.0051383972167772735, 0.010875701904255387, 0.008434295654264701, 0.03075027465808582, 0.08651351928677935, 0.055286407470492224, 0.016880035400326232, 0.008312225341765166, 0.7778091430634391]",0,Normal-1031.png
644130,0,82.02000519814091,0.8881151263207129,"[0.003814697265610448, 0.007755279540986041, 0.006782531738255377, 0.020565032958905924, 0.03866195678696189, 0.029766082763558327, 0.013660430908151014, 0.0075073242187213615, 0.8714866638150349]",0,Normal-3228.png
1969875,0,287.43975125366933,0.6819857083918737,"[0.007431030273409153, 0.017284393310480938, 0.01346206665033927, 0.05489730834939996, 0.14660263061467513, 0.09623336791955477, 0.029163360595591874, 0.017929077148369107, 0.6169967651343651]",0,Normal-1133.png
1475940,0,185.82191016389424,0.8300164374961072,"[0.0051727294921677675, 0.010463714599569459, 0.007881164550751186, 0.02654647827138311, 0.0752868652340878, 0.04699325561505511, 0.015735626220643097, 0.008541107177701793, 0.803379058834826]",0,Normal-1023.png
1052895,0,121.24473306017615,0.8523875845008131,"[0.0041732788085778304, 0.008052825927703657, 0.007041931152316887, 0.02554702758779317, 0.06592559814427976, 0.03882217407211753, 0.013275146484324358, 0.006740570068333661, 0.8304214477507385]",0,Normal-2218.png
861135,0,118.42360261741682,0.8555928631386693,"[0.003738403320298239, 0.007442474365205984, 0.007965087890594615, 0.026554107665914328, 0.06298828124975972, 0.04043197631820514, 0.013980865478462293, 0.006496429443334593, 0.8304023742644103]",0,Normal-264.png
1103130,0,147.40068875366921,0.8358683237537765,"[0.004974365234356024, 0.009178161621058738, 0.00801467895504755, 0.02844619750965711, 0.07311248779268985, 0.049507141113092394, 0.016506195068296408, 0.008918762206997227, 0.80134201049499]",0,Normal-2919.png
960075,0,122.76578553082189,0.8850222463347417,"[0.003303527832018648, 0.005718231201150062, 0.006290435790991629, 0.02045059204093761, 0.049350738525202366, 0.028820037841686935, 0.010280609130820158, 0.004505157470685939, 0.871280670162692]",0,Normal-238.png
779280,0,128.839216915362,0.9149497989593237,"[0.003143310546863009, 0.005851745605446428, 0.0037918090820167854, 0.012733459472607676, 0.032146453857299244, 0.02520370483388823, 0.008491516113248858, 0.005905151367164974, 0.9027328491176501]",0,Normal-883.png
1175040,0,167.10763973825834,0.8966706952650022,"[0.0038375854492041107, 0.007122039794894707, 0.004558563232404485, 0.017997741699150093, 0.044105529784988, 0.028770446777233998, 0.00894165039059089, 0.004878997802715763, 0.8797874450650033]",0,Normal-314.png
926925,0,145.22975018346378,0.8304048105037889,"[0.004619598388654253, 0.008399963378874206, 0.008689880371060601, 0.030273437499884516, 0.08014678955047551, 0.0500946044919964, 0.017139434814387743, 0.009555816650354172, 0.7910804748504978]",0,Normal-2027.png
1030710,0,123.51275837818001,0.865251209867789,"[0.0044441223144361715, 0.00825881958004662, 0.0067634582519273245, 0.02291870117178757, 0.05992507934547453, 0.03863143920883701, 0.013820648193306653, 0.006786346435520987, 0.8384513854948484]",0,Normal-2858.png
894285,0,139.5466189151174,0.8489888299975513,"[0.004402160644514457, 0.008022308349578773, 0.007556915283174297, 0.027210235595599326, 0.06643676757787156, 0.04500198364240646, 0.014408111572210662, 0.00876617431637281, 0.818195343014457]",0,Normal-842.png
1168920,0,140.14505106409004,0.8879556650111092,"[0.0036964416503765243, 0.006702423095677557, 0.005584716796853696, 0.020072937011642176, 0.048160552978331904, 0.02641296386708674, 0.010074615478477194, 0.00502777099607457, 0.8742675781216649]",0,Normal-1972.png
1672545,0,240.86282641267118,0.7402729164106349,"[0.007884979248016797, 0.014022827148384006, 0.01319122314448093, 0.04588699340802808, 0.11410903930620533, 0.07978820800750813, 0.025405883788965584, 0.014278411865179906, 0.6854324340794166]",0,Normal-3424.png
989910,0,132.98790667808217,0.8158322624296291,"[0.004741668701153787, 0.009517669677698067, 0.008945465087856501, 0.033172607421748455, 0.08175659179656312, 0.0522842407224568, 0.01866149902336631, 0.008857727050747461, 0.7820625305145947]",0,Normal-1665.png
1015665,0,113.83515777886497,0.814182617996815,"[0.0043754577636551835, 0.009361267089808039, 0.008289337158171503, 0.03133392333972422, 0.086605072021154, 0.0564842224118939, 0.01729583740227777, 0.009490966796838795, 0.7767639160126618]",0,Normal-849.png
1119195,0,194.97373792196674,0.7780388366990167,"[0.006206512451148199, 0.012657165527295466, 0.010490417480428732, 0.037769317626809046, 0.10103225707969271, 0.06311416625952486, 0.022670745849522892, 0.0125961303710457, 0.7334632873507176]",0,Normal-618.png
1023825,0,129.8711816597358,0.8595827969939042,"[0.004699707031232072, 0.00774765014645482, 0.00587463378904009, 0.022186279296790366, 0.06453323364233195, 0.04030609130843999, 0.012706756591748402, 0.006393432617163111, 0.8355522155729844]",0,Normal-2687.png
580380,0,80.76142826565555,0.895023006191805,"[0.003208160400378387, 0.005981445312477182, 0.005405426025370005, 0.01823425292961794, 0.041255950927576994, 0.03152084350573913, 0.011672973632767971, 0.005908966064430584, 0.8768119811978271]",0,Normal-2627.png
2375325,1,361.76440190802344,0.7127222890049684,"[0.008956909179653331, 0.016902923583919895, 0.013179779052684098, 0.04903030395489109, 0.12931060790966298, 0.08263015747038792, 0.025440216064356078, 0.014457702636663598, 0.6600914001439663]",0,Normal-977.png
968745,1,133.6493777519569,0.8845264149448133,"[0.004402160644514457, 0.007015228271457613, 0.0057640075683373865, 0.019916534423752148, 0.04431533813459657, 0.03141784667956765, 0.010112762451133298, 0.005523681640603928, 0.8715324401822222]",0,Normal-1333.png
1103640,0,131.6531922700587,0.8740457098827107,"[0.0037422180175638495, 0.00800323486325072, 0.006767272949192935, 0.02161788940421441, 0.048328399658018766, 0.03146743774402058, 0.011047363281207857, 0.005886077880836922, 0.8631401061978793]",0,Normal-549.png
750975,0,77.90654812866927,0.8921004367833276,"[0.003047943115222748, 0.00536346435544829, 0.005767822265602998, 0.017620086669854658, 0.04653930664044747, 0.028652191162000074, 0.010490417480428732, 0.005035400390605791, 0.8774833679165746]",0,Normal-2626.png
962625,0,142.30433586105673,0.8483821370448666,"[0.004047393798812685, 0.007537841796846245, 0.007442474365205984, 0.02590560913076055, 0.06734085082982123, 0.04071807861312592, 0.014129638671821099, 0.0068321228027083125, 0.8260459899870832]",0,Normal-1037.png
1896180,0,324.52262337940306,0.8062404924211283,"[0.0060005187988052345, 0.01225280761714076, 0.008789062499966473, 0.03422546386705694, 0.08473587036100488, 0.05365753173807656, 0.016475677490171526, 0.009952545165977659, 0.7739105224579852]",0,Normal-282.png
391680,0,51.89317056017613,0.9103756074095126,"[0.003482818603502339, 0.007122039794894707, 0.004779815673809891, 0.015735626220643097, 0.027687072753800633, 0.02629089355458721, 0.012321472167921748, 0.007968902587860226, 0.8946113586391654]",0,Normal-2666.png
481185,0,68.36173709637964,0.9167086725946226,"[0.002792358398426848, 0.004215240478499545, 0.004112243652328063, 0.015014648437442723, 0.036636352538922744, 0.02386093139639335, 0.008327484130827609, 0.004390716552717625, 0.9006500244106268]",0,Normal-2923.png
880260,0,139.8053066903131,0.8840365886071729,"[0.0038223266601416688, 0.0064086914062255525, 0.005641937255837852, 0.020217895507735374, 0.05054855346660404, 0.02999114990222934, 0.01098251342769248, 0.005424499511698057, 0.8669624328580209]",0,Normal-250.png
315180,0,77.45968383072406,0.9133607818557493,"[0.0025253295898341166, 0.004772186279278671, 0.0043106079101398066, 0.015277862548769843, 0.034595489501821154, 0.026695251464741915, 0.010318756103476262, 0.005542755126931981, 0.8959617614711916]",0,Normal-3133.png
716040,0,101.5413863747554,0.9120171970074182,"[0.0024986267089748436, 0.004665374755841578, 0.0028915405273327198, 0.013816833496041042, 0.03823852539047913, 0.03091049194324146, 0.0076103210448928435, 0.004772186279278671, 0.894596099850103]",0,Normal-1843.png
416925,0,86.18698783023484,0.9156972129448938,"[0.002765655517567575, 0.004482269287092277, 0.004047393798812685, 0.014434814453069935, 0.035488128661974, 0.024742126464749367, 0.008914947509731617, 0.004928588867168699, 0.9001960754360191]",0,Normal-3339.png
1119960,0,123.55904476516633,0.8645164134563337,"[0.004356384277327131, 0.008155822753875138, 0.008083343505828539, 0.02403640747061143, 0.052406311034956334, 0.03404617309557325, 0.013713836669869561, 0.007057189941379329, 0.8481445312467646]",0,Normal-2375.png
749445,0,116.83263132950093,0.8626051103093135,"[0.0036926269531109136, 0.006851196289036365, 0.006530761718725087, 0.023700714111237715, 0.05976486206031889, 0.039966583251800664, 0.012527465820264712, 0.006099700927711106, 0.8408660888639798]",0,Normal-330.png
1018980,0,96.78585952788649,0.7893087892744133,"[0.004909515380840647, 0.010746002197224632, 0.009716033935509811, 0.03467178344713336, 0.09857940673790519, 0.06204605102515394, 0.020217895507735374, 0.011966705322219976, 0.7471466064424623]",0,Normal-129.png
1094715,0,125.73783023483368,0.9005650928194389,"[0.0037002563476421346, 0.006996154785129561, 0.00579452514646227, 0.019706726074143574, 0.037178039550639426, 0.026622772216695317, 0.009544372558557342, 0.0050697326659962854, 0.8853874206509194]",0,Normal-1707.png
670395,0,125.51658818493149,0.8787827626474252,"[0.0042915344238117535, 0.006595611572240465, 0.006954193115207847, 0.02068710327140546, 0.0510787963865239, 0.03479766845689851, 0.012073516845657068, 0.006198883056616978, 0.8573226928678233]",0,Normal-1959.png
882300,0,146.7883018896771,0.8469294853872019,"[0.0041885375976402715, 0.00851821899410813, 0.0073394775390345016, 0.02529907226552849, 0.06693649291966652, 0.041152954101405514, 0.014583587646428742, 0.007213592529269357, 0.8247680664031037]",0,Normal-1276.png
880515,0,94.04328981164382,0.8875922591873098,"[0.00340652465819013, 0.005985260009742793, 0.005683898925759568, 0.02016830444328244, 0.0474281311033347, 0.03049850463855553, 0.011081695556598352, 0.005203247070292651, 0.8705444335904291]",0,Normal-215.png
862155,0,129.7780011619373,0.8700525910657593,"[0.003856658935532163, 0.006633758544896569, 0.005912780761696194, 0.020446777343672, 0.059806823730240606, 0.03584671020494138, 0.011692047119096024, 0.005718231201150062, 0.8500862121549603]",0,Normal-2611.png
1307895,0,157.02663664995106,0.8481610831556895,"[0.005237579345683145, 0.009643554687463212, 0.0077972412109077556, 0.0251922607420914, 0.065502166747797, 0.039813995361176246, 0.015567779540956238, 0.009395599365198534, 0.8218498229949117]",0,Normal-275.png
1125570,0,162.50739970645793,0.8466297586003925,"[0.0043754577636551835, 0.007595062255830402, 0.007282257080050345, 0.0253753662108407, 0.06384658813452207, 0.04164123535140365, 0.013732910156197613, 0.00630187988278846, 0.8298492431608968]",0,Normal-3177.png
1276275,0,183.51455479452056,0.8370761540991554,"[0.00476837158201306, 0.009731292724572252, 0.006687164306615115, 0.025733947753808082, 0.07601928710908501, 0.05000305175762175, 0.014888763427677578, 0.008769989013638419, 0.803398132321154]",0,Normal-2630.png
991695,0,158.12053189212327,0.8477701318777812,"[0.0049858093261528555, 0.008892059326137954, 0.009223937988246063, 0.02577972412099541, 0.057540893554467995, 0.03947067260727131, 0.015365600585878884, 0.007938385009735342, 0.8308029174772995]",0,Normal-2035.png
1168410,0,138.9715936888454,0.8442010611003594,"[0.004554748535138875, 0.008583068847623507, 0.006965637207004678, 0.02580642700185468, 0.0699539184567644, 0.04480361938459471, 0.014091491699164994, 0.007934570312469733, 0.8173065185515697]",0,Normal-1349.png
1681980,0,265.4400264493639,0.7390412884290197,"[0.007591247558564791, 0.013862609863228369, 0.012569427490186426, 0.047924041747864056, 0.11925888061477943, 0.07889556884735528, 0.025306701660059713, 0.012615203857373752, 0.6819763183567734]",0,Normal-1444.png
1146480,0,118.28296232876713,0.7827036270055203,"[0.0049018859863094255, 0.011283874511675705, 0.009983062744102543, 0.03648376464829833, 0.0998916625972752, 0.062652587890386, 0.022174835204993533, 0.011138916015582508, 0.741489410397562]",0,Normal-1026.png
2521695,0,370.27773743272996,0.6627498667951565,"[0.009723663330041031, 0.01907348632805224, 0.014633178710881678, 0.05293273925761058, 0.15274810790957355, 0.09718322753869177, 0.03083801269519486, 0.01643371582024981, 0.6064338684058898]",0,Normal-771.png
1130160,0,121.8560267857143,0.8623902100447991,"[0.004577636718732537, 0.007759094238251651, 0.0078124999999701975, 0.023551940917878905, 0.055335998534945155, 0.03506469726549124, 0.012275695800734421, 0.006443023681616047, 0.8471794128385651]",0,Normal-2512.png
794325,0,77.34259570694714,0.8925106943749882,"[0.0034637451171742866, 0.006355285644507006, 0.006206512451148199, 0.019020080566333693, 0.04274749755843068, 0.027378082275286184, 0.011306762695269368, 0.0052223205566207034, 0.8782997131314152]",0,Normal-1131.png
588285,0,97.95176048801369,0.8968312708705234,"[0.0033836364745964674, 0.005718231201150062, 0.0053596496581826795, 0.01914596557609884, 0.03947830200180252, 0.03288650512682767, 0.01142120361323768, 0.007255554199191072, 0.8753509521450983]",0,Normal-2798.png
2837640,0,428.93013851516616,0.6949731879825682,"[0.009323120117151935, 0.019313812255785698, 0.011753082275345791, 0.047252655029116616, 0.1352691650385465, 0.08370590209929006, 0.02565002441396465, 0.01346206665033927, 0.6542701721166447]",0,Normal-1781.png
917490,0,145.0643269936399,0.8550675290813607,"[0.004199981689437103, 0.008277893066374673, 0.006488800048803372, 0.022926330566318792, 0.06573104858373363, 0.04124832153304577, 0.012840270996044768, 0.006519317626928256, 0.8317680358854989]",0,Normal-2044.png
1737570,0,243.40466380259295,0.7755457621086539,"[0.0075759887695023495, 0.013290405273386801, 0.011127471923785676, 0.038005828857276894, 0.10138702392539449, 0.06391143798803745, 0.02284240722647536, 0.011829376220658, 0.7300300598116682]",0,Normal-3160.png
958545,0,135.5003439946184,0.8735783731674474,"[0.0035133361816272225, 0.006893157958958079, 0.00545120239255733, 0.019931793212814592, 0.05383300781229464, 0.03480148315416412, 0.010631561279256319, 0.005821228027321544, 0.8591232299771915]",0,Normal-3275.png
2206515,0,387.8275937194228,0.7465500090270341,"[0.007007598876926393, 0.015090942382754931, 0.010604858398397045, 0.04224777221663571, 0.11503982543901428, 0.07437896728487252, 0.02113723754874749, 0.01371002197260395, 0.7007827758762329]",0,Normal-468.png
998070,0,110.39489817759295,0.8370235692404664,"[0.004566192626935707, 0.00902557373043432, 0.009696960449181759, 0.029178619384654318, 0.06496047973608032, 0.042415618896322574, 0.01745605468743341, 0.008045196533172434, 0.8146553039519704]",0,Normal-41.png
854505,0,167.8805344911937,0.9007036274420152,"[0.0036506652831891986, 0.005737304687478114, 0.00527572631833925, 0.01778793334954152, 0.038764953613133375, 0.025146484374904073, 0.009384155273401702, 0.004634857177716695, 0.8896179199184814]",0,Normal-3298.png
768825,0,124.64756222480426,0.8482535151974261,"[0.0048561096191221, 0.008728027343716705, 0.008380889892546154, 0.027652740478410136, 0.06512451171850157, 0.04415512084944093, 0.016170501708922688, 0.008148193359343917, 0.816783905026181]",0,Normal-2144.png
1727370,0,252.08470676369862,0.7995094640849606,"[0.006607055664037296, 0.012916564941356977, 0.009094238281215307, 0.033012390136592816, 0.0878791809078679, 0.05513381957986781, 0.018497467040945063, 0.010276794433554547, 0.7665824890107475]",0,Normal-668.png
1949985,0,317.55263882093936,0.7661339005807288,"[0.006462097167944099, 0.011856079101517272, 0.010410308837850912, 0.04257965087874382, 0.10528945922811397, 0.06559371948217166, 0.02103424072257601, 0.01029968261714821, 0.7264747619601193]",0,Normal-987.png
1281885,0,100.05862814946184,0.8120848002853934,"[0.004520416259748381, 0.009059906005824814, 0.008144378662078306, 0.028419494628797837, 0.0919342041012118, 0.05219268798808215, 0.01585769653314263, 0.008380889892546154, 0.7814903259247532]",0,Normal-3271.png
1334415,0,215.5975186521526,0.883542211954505,"[0.004322052001936637, 0.008449554443327142, 0.005302429199198522, 0.02120971679679409, 0.052009582519332846, 0.033821105956902235, 0.011024475097614195, 0.0064086914062255525, 0.8574523925748541]",0,Normal-460.png
1067685,1,150.53648636252439,0.8285184993174067,"[0.004878997802715763, 0.009258270263636558, 0.008411407470671038, 0.028327941894423187, 0.07839965820282593, 0.046070098876777384, 0.016136169433532195, 0.008529663085904962, 0.7999877929656982]",0,Normal-1488.png
898620,0,114.31329500978474,0.863505957789735,"[0.0035896301269394315, 0.006370544433569448, 0.006477355957006541, 0.024002075195220938, 0.061355590820078444, 0.03773117065415294, 0.012866973876904041, 0.005867004394508869, 0.8417396545378046]",0,Normal-1062.png
1534080,0,263.25121162548925,0.7264845814711721,"[0.00859069824215473, 0.01575088500970554, 0.013988494872993513, 0.04667663574200944, 0.12414932250929203, 0.07739257812470476, 0.027381896972551795, 0.015796661376892864, 0.6702728271458805]",0,Normal-2839.png
2060655,0,253.5939755075832,0.6658770155451192,"[0.009544372558557342, 0.019535064697191105, 0.016227722167906845, 0.05889892578102532, 0.15501785278261176, 0.0998611450191503, 0.03440475463854063, 0.018421173095632855, 0.5880889892555691]",0,Normal-293.png
588540,0,107.38818646037183,0.8570259083461418,"[0.003944396972641203, 0.007991790771453889, 0.007232666015597409, 0.02554702758779317, 0.06061553955055002, 0.04627227783185473, 0.01671600341790498, 0.008800506591763303, 0.8228797912566266]",0,Normal-1730.png
2077740,1,453.798533818493,0.7002701916378652,"[0.00859069824215473, 0.01719284057610629, 0.014526367187444586, 0.053615570068154844, 0.12436294555616621, 0.0899658203121568, 0.030178070068244255, 0.018585205078054102, 0.6429824829077034]",0,Normal-2635.png
594405,0,102.9914268896771,0.902344294820156,"[0.00340652465819013, 0.006431579589819215, 0.005428314208963668, 0.018077850341727913, 0.04685592651349313, 0.03065490722644556, 0.01055526733394411, 0.006198883056616978, 0.8723907470669846]",0,Normal-989.png
1945140,0,247.87678494985323,0.7699994892693198,"[0.007301330566378397, 0.013305664062449242, 0.010509490966756784, 0.04164505004866926, 0.10656738281209348, 0.06532287597631331, 0.021701812744057837, 0.010944366455036375, 0.7227020263644306]",0,Normal-524.png
967215,0,123.13132567881601,0.8575688976402777,"[0.004600524902326201, 0.008708953857388653, 0.007675170898408221, 0.023700714111237715, 0.05573654174783425, 0.037738800048684164, 0.014781951904240486, 0.007572174072236739, 0.8394851684538288]",0,Normal-3212.png
276420,0,34.39929366438356,0.9400369828667007,"[0.002239227294913333, 0.004436492919904951, 0.002880096435535888, 0.011180877685504223, 0.01984405517570555, 0.01821517944328989, 0.00833511352535883, 0.005203247070292651, 0.9276657104456799]",0,Normal-517.png
1980075,0,322.62834439212327,0.6839094232164366,"[0.009300231933558271, 0.018100738525321576, 0.01582336425775214, 0.055572509765413, 0.13573455810495097, 0.09662246704064703, 0.03316497802721723, 0.01906585693352102, 0.616615295407804]",0,Normal-1164.png
1327785,0,217.90466380259295,0.8284176682638116,"[0.004673004150372799, 0.009765624999962747, 0.007953643798797785, 0.030014038085823005, 0.07582473754853887, 0.04763793945294328, 0.014984130859317839, 0.00816726684567197, 0.8009796142547569]",0,Normal-123.png
722925,0,55.817950403620365,0.9114293964800781,"[0.0028114318847549, 0.004997253417949687, 0.0046463012695135255, 0.014312744140570401, 0.04035949707015854, 0.02324676513663007, 0.00894165039059089, 0.004535675048810823, 0.8961486816372064]",0,Normal-747.png
890205,0,162.4129846501957,0.8283975140464581,"[0.004974365234356024, 0.010250091552695274, 0.008316040039030777, 0.030254364013556464, 0.06899261474583056, 0.054237365722449346, 0.017940521240165937, 0.010864257812458556, 0.7941703796356423]",0,Normal-2711.png
817530,0,82.2624678938356,0.8653747878656559,"[0.0037536621093606807, 0.007316589355440839, 0.0069847106933327305, 0.022739410400303882, 0.057193756103297445, 0.03520202636705321, 0.013469696044870492, 0.006687164306615115, 0.8466529846159109]",0,Normal-2474.png
937635,0,128.54958109099803,0.8696012511457581,"[0.0036849975585796927, 0.007301330566378397, 0.006366729736303838, 0.022438049316320655, 0.054428100585729874, 0.037361145019388725, 0.011947631835891924, 0.0057144165038844515, 0.8507575988737077]",0,Normal-551.png
808860,0,112.93613931017613,0.8731202850080755,"[0.004184722900374661, 0.0071525573730195895, 0.0057487487792749455, 0.02178955078116688, 0.05355072021463947, 0.03526306152330298, 0.012271881103468812, 0.005737304687478114, 0.8543014526334598]",0,Normal-2874.png
1066665,0,116.8296079990215,0.8874675593420968,"[0.004497528076154719, 0.007678985595673832, 0.006488800048803372, 0.0194244384764884, 0.042896270751789485, 0.027702331542863074, 0.010768890380818295, 0.0064086914062255525, 0.8741340637173686]",0,Normal-3025.png
1552185,0,176.42304075954013,0.7058965511773341,"[0.008491516113248858, 0.01643371582024981, 0.014324188232367233, 0.050048828124809076, 0.1271018981928745, 0.08735656738247925, 0.03057098388660213, 0.019439697265550844, 0.6462326049780035]",0,Normal-3245.png
1187025,0,164.12707925636008,0.8310991482392256,"[0.004924774169903088, 0.009468078613245131, 0.007480621337862089, 0.027988433837783856, 0.07300567626925275, 0.052139282226363604, 0.01617813110345391, 0.009288787841761442, 0.7995262145965594]",0,Normal-2139.png
1231140,0,183.32984497309195,0.8173964942136133,"[0.0055618286132600335, 0.010921478271442712, 0.009132385253871413, 0.030109405517463265, 0.08171081542937579, 0.05091094970683704, 0.017444610595636578, 0.009738922119103474, 0.784469604489195]",0,Normal-3391.png
1108740,0,188.92390839041093,0.8314939580286784,"[0.004898071289043815, 0.00927734374996461, 0.007419586181612321, 0.027954101562393363, 0.07390213012667121, 0.05010986328105885, 0.01660156249993667, 0.008579254150357898, 0.8012580871551466]",0,Normal-1145.png
952935,0,88.67600675758312,0.7944351743433541,"[0.004554748535138875, 0.009502410888635626, 0.00902557373043432, 0.03291702270495256, 0.09889984130821647, 0.06167221069312411, 0.018783569335865846, 0.01031112670894504, 0.7543334960908724]",0,Normal-2251.png
332265,0,64.65737371575342,0.9243346264648854,"[0.0021858215331947866, 0.0043106079101398066, 0.004203796386702713, 0.013484954833932934, 0.03252410888659468, 0.023654937744050388, 0.00878143310543525, 0.004364013671858353, 0.9064903259242764]",0,Normal-3397.png
1333650,1,190.22223963429548,0.7993106176670582,"[0.006061553955055002, 0.012454986572218113, 0.009941101074180827, 0.03553009033189571, 0.08390808105436741, 0.05576705932595914, 0.021255493163981416, 0.012672424316357908, 0.7624092102021698]",0,Normal-1886.png
1019235,0,140.0536134723581,0.8281020604211493,"[0.005233764648417534, 0.009906768798790334, 0.009342193603479987, 0.029914855956917133, 0.07595443725556963, 0.04898071289043815, 0.01906585693352102, 0.009830474853478124, 0.7917709350555734]",0,Normal-1820.png
1618485,0,236.24776403498038,0.8550223097485368,"[0.0049018859863094255, 0.009361267089808039, 0.006649017333959011, 0.02408599853506437, 0.0630569458005407, 0.042629241943196755, 0.011955261230423144, 0.006481170654272151, 0.8308792114226117]",0,Normal-1832.png
1077120,0,223.44076412671225,0.8933712830352281,"[0.0037460327148294598, 0.006614685058568517, 0.005336761474589016, 0.01900100708000564, 0.04024505615219023, 0.028579711913953476, 0.009548187255822951, 0.005008697509746518, 0.8819198608364794]",0,Normal-1678.png
1814070,0,272.40615444593936,0.6416135111199285,"[0.008663177490201327, 0.01830673217766454, 0.01626586914056295, 0.058429718017355234, 0.16169357299743006, 0.11131668090777848, 0.03299331665026477, 0.01865386962883509, 0.5736770629860928]",0,Normal-1334.png
661215,0,80.98782259050878,0.8880749595447891,"[0.0029754638671761493, 0.0060005187988052345, 0.005012512207012129, 0.019119262695239565, 0.04758453369122473, 0.03189468383776896, 0.011650085449174308, 0.006137847900367211, 0.869625091549417]",0,Normal-2221.png
1258170,0,195.92753944471622,0.8415982233257825,"[0.004787445068341112, 0.009918212890587164, 0.007266998290987903, 0.027980804443252637, 0.06710433959935339, 0.04380416870100477, 0.015365600585878884, 0.008609771728482781, 0.8151626586882966]",0,Normal-540.png
2222580,0,418.087863869863,0.7906130889818168,"[0.007438659667940373, 0.013916015624946914, 0.009227752685511674, 0.03695297241196841, 0.09181976318324349, 0.058029174804466135, 0.018417358398367244, 0.009822845458946903, 0.7543754577607942]",0,Normal-2559.png
577575,0,63.94698278498043,0.9306119464684675,"[0.002708435058583418, 0.004367828369123963, 0.00306320190428519, 0.011520385742143553, 0.032150268554564855, 0.019718170165940404, 0.0060348510741957285, 0.0031890869140503344, 0.9172477722132978]",0,Normal-998.png
896325,0,96.19918817270056,0.8930495015819042,"[0.0035057067870960016, 0.005214691162089482, 0.005645751953103463, 0.017745971679619804, 0.0449447631834223, 0.027294158935442757, 0.009689331054650538, 0.004455566406233003, 0.881504058834528]",0,Normal-449.png
1221195,0,162.63066826687862,0.822198994888196,"[0.004932403564434309, 0.00918960571285557, 0.007682800292939442, 0.028980255126842575, 0.08602905273404682, 0.05043792724590134, 0.01642608642571859, 0.008274078369109062, 0.7880477905243376]",0,Normal-1410.png
1622820,0,231.14922486545984,0.818013317519853,"[0.0053596496581826795, 0.011177062988238612, 0.007980346679657057, 0.032608032226438106, 0.0868606567379499, 0.05428314208963667, 0.015869140624939465, 0.010021209716758647, 0.7758407592743841]",0,Normal-401.png
743835,0,67.34864236790605,0.9000419904237885,"[0.0025520324706933897, 0.005237579345683145, 0.0051383972167772735, 0.017665863037041984, 0.04703140258771121, 0.02681732177724145, 0.0094566345214483, 0.004280090332014923, 0.8818206787075736]",0,Normal-306.png
1159740,0,156.82967297578273,0.8973722278630089,"[0.0036888122558453034, 0.0076599121093457795, 0.0055274963378695394, 0.02002334594718924, 0.039909362792816504, 0.029308319091685072, 0.010318756103476262, 0.006484985351537762, 0.8770790100064199]",0,Normal-1111.png
606645,0,61.99723275440313,0.905049341834412,"[0.002845764160145394, 0.005542755126931981, 0.00579071044919666, 0.017169952392512625, 0.04433822631819024, 0.02587509155263567, 0.009181976318324347, 0.005344390869120238, 0.8839111328091281]",0,Normal-1816.png
347820,0,41.786471073874765,0.9085769901416502,"[0.003276824951159375, 0.0066795349120838945, 0.0049858093261528555, 0.01633834838860955, 0.031127929687381255, 0.02580642700185468, 0.012329101562452968, 0.006690979003880726, 0.89276504516261]",0,Normal-2714.png
1568760,0,225.492787579501,0.7111332975559866,"[0.00801467895504755, 0.015026092529239555, 0.015640258789002836, 0.05481719970682214, 0.12304687499953061, 0.09258270263636557, 0.03210830688464314, 0.018096923828055965, 0.6406669616674779]",0,Normal-513.png
1945140,0,199.8264967588063,0.724600889383665,"[0.008666992187466938, 0.016544342040952512, 0.012218475341750265, 0.04637908935529183, 0.11996841430618298, 0.08456802368131802, 0.02775192260731601, 0.015617370605409174, 0.6682853698704976]",0,Normal-1712.png
845835,0,118.37285576687867,0.8735177573657713,"[0.0038986206054538778, 0.006954193115207847, 0.006011962890602066, 0.02222824096671208, 0.05838394165016791, 0.03585052490220699, 0.012897491455028925, 0.006546020507787529, 0.847229003903018]",0,Normal-1388.png
530910,0,65.57307210127203,0.9028548128448803,"[0.0030174255370978642, 0.005832672119118375, 0.005142211914042884, 0.017215728759699952, 0.04206466674788641, 0.029170989990123096, 0.010993957519489311, 0.005928039550758636, 0.8806343078579687]",0,Normal-741.png
1826310,0,421.520857540362,0.6802706428437233,"[0.011631011962846256, 0.021102905273357, 0.01959228515617526, 0.05832672119118375, 0.12144470214797422, 0.09099960327113724, 0.037010192870952564, 0.023975372314361667, 0.6159172058081973]",0,Normal-1491.png
880260,0,98.1380870841487,0.8522538034751596,"[0.004104614257796842, 0.007827758789032638, 0.006618499755834127, 0.02420043945303268, 0.06496047973608032, 0.04353713989241204, 0.014186859130805257, 0.007087707519504213, 0.8274765014616872]",0,Normal-1470.png
948090,0,103.98561338062618,0.7874720311986401,"[0.004554748535138875, 0.01021957397457039, 0.009490966796838795, 0.03630828857408024, 0.09826660156212513, 0.06880569457981565, 0.021183013915934818, 0.011978149414016807, 0.7391929626436645]",0,Normal-171.png
921570,0,138.8977953767123,0.9082920476452412,"[0.0032310485839720494, 0.005985260009742793, 0.004245758056624429, 0.016208648681578793, 0.03588104248033187, 0.024841308593655236, 0.00953674316402612, 0.004772186279278671, 0.8952980041469754]",0,Normal-1156.png
876690,0,93.09545468444227,0.8739192118747973,"[0.004314422607405417, 0.007598876953096013, 0.0075416564941118555, 0.021934509277260077, 0.046817779540837025, 0.03149414062487986, 0.013698577880807118, 0.006855010986301975, 0.8597450256314859]",0,Normal-2059.png
934320,0,115.79416890900198,0.852253557566511,"[0.0036849975585796927, 0.006862640380833196, 0.007263183593722293, 0.02655792236317994, 0.06680297851537016, 0.03987884521469162, 0.01439666748041383, 0.006351470947241396, 0.8282012939421531]",0,Normal-402.png
1200030,1,155.41537732387476,0.8209840187479196,"[0.005077362060527506, 0.010185241699179896, 0.007667541503877001, 0.028961181640514522, 0.08140945434539257, 0.05170440673808401, 0.016563415527280564, 0.009552001953088562, 0.7888793945282406]",0,Normal-2837.png
680340,0,91.81771342954987,0.8890146092326906,"[0.0036125183105330944, 0.006286621093726018, 0.005378723144510732, 0.018527984619069945, 0.04692459106427412, 0.03076934814441387, 0.01140594482417524, 0.005634307861306632, 0.8714599609341757]",0,Normal-1324.png
573495,0,69.57221593688847,0.8971878998941597,"[0.004062652587875127, 0.008308410644499555, 0.00536346435544829, 0.019371032714769854, 0.03711700439438966, 0.03358840942369999, 0.014511108398382143, 0.010494232177694343, 0.8671836852994264]",0,Normal-1686.png
563805,0,66.54383255870842,0.9082887186729732,"[0.002624511718739988, 0.00451278686521716, 0.004295349121077365, 0.01700592041009138, 0.04239654540999452, 0.02690505981435049, 0.00918960571285557, 0.004386901855452015, 0.8886833190884068]",0,Normal-2715.png
1996650,0,288.4635403926125,0.6889275508147547,"[0.008609771728482781, 0.016544342040952512, 0.01286315917963843, 0.05030059814433937, 0.1298637390131765, 0.09885787963829476, 0.030158996581916203, 0.01633834838860955, 0.6364631652807752]",0,Normal-1676.png
992715,1,141.3736087328767,0.7835218246364877,"[0.005317687988260964, 0.01090240478511466, 0.010547637939412888, 0.03728866577134213, 0.09932708740196484, 0.06304168701147826, 0.021675109863198566, 0.011386871337847188, 0.7405128478975658]",0,Normal-525.png
1050090,0,156.25574088796472,0.8475439093164996,"[0.004348754882795911, 0.00800704956051633, 0.006805419921849039, 0.024589538574124947, 0.07030105590793495, 0.044380187988111955, 0.01336669921869901, 0.00672912597653683, 0.8214721679656163]",0,Normal-778.png
927690,1,166.5424451137475,0.8847692672936814,"[0.0034713745117055076, 0.006347656249975786, 0.0037994384765480064, 0.01769256591790126, 0.04793167114239528, 0.042495727538900394, 0.009887695312462282, 0.0061531066894296525, 0.8622207641568671]",0,Normal-2596.png
1470840,0,183.44867218077295,0.7893974025143758,"[0.006774902343724155, 0.012111663818313172, 0.010025024414024258, 0.03591918945298798, 0.09355926513636184, 0.06232833862280911, 0.021430969238199496, 0.011432647705034512, 0.7464179992647307]",0,Normal-355.png
1000875,0,161.0047203705968,0.8479184200498341,"[0.003925323486313151, 0.008331298828093218, 0.0071868896484100836, 0.024971008300685993, 0.06709671020482216, 0.041507720947107286, 0.014099121093696215, 0.007225036621066189, 0.8256568908659909]",0,Normal-1194.png
1376235,0,247.1890556201076,0.8530403803143728,"[0.005310058593729744, 0.009853363037071787, 0.006446838378881657, 0.02501296997060771, 0.060089111327895774, 0.043838500976395266, 0.013961791992134239, 0.008567810058561066, 0.826919555660908]",0,Normal-2489.png
908820,0,96.9669841609589,0.8980954770021956,"[0.003143310546863009, 0.006343841552710175, 0.004898071289043815, 0.01770401000969809, 0.04689407348614924, 0.027797698974503335, 0.009761810302697136, 0.005050659179668233, 0.8784065246548522]",0,Normal-1851.png
1164585,0,150.52801645058705,0.8284770406898766,"[0.004981994628887245, 0.009075164794887255, 0.007637023925752117, 0.027481079101457667, 0.080543518066099, 0.04914093017559379, 0.014884948730411967, 0.007678985595673832, 0.7985763549774224]",0,Normal-1907.png
1515465,0,211.4324623899217,0.776797750697225,"[0.007320404052706449, 0.01387023925775959, 0.009410858154260975, 0.035488128661974, 0.09177398681605616, 0.07230377197238043, 0.023139953613192977, 0.013587951660104416, 0.7331047058077503]",0,Normal-3272.png
1190850,0,149.65405607876713,0.831861154110242,"[0.003986358642562918, 0.008426666259733479, 0.008464813232389585, 0.028690338134656178, 0.07341766357393868, 0.045509338378732646, 0.01506805419916127, 0.007266998290987903, 0.8091697692840226]",0,Normal-1316.png
326400,0,34.29491805283757,0.9337998571520394,"[0.0027465820312395227, 0.004837036132794048, 0.0038604736327977735, 0.011444091796831344, 0.023624420165925503, 0.01764297485344832, 0.008563995361295455, 0.004882812499981373, 0.9223976135218719]",0,Normal-1047.png
1408110,0,122.4393690374266,0.7472394479036596,"[0.005668640136697126, 0.013095855712840668, 0.011272430419878873, 0.04204559326155836, 0.12097549438430413, 0.07752609252900114, 0.024913787841701836, 0.014629364013616067, 0.6898727416965871]",0,Normal-1466.png
1588140,0,63.69100492294522,0.5199252564979739,"[0.010932922363239544, 0.022865295410069025, 0.025436401367090467, 0.09214401245082036, 0.22372436523352154, 0.15023803710880188, 0.05368804931620144, 0.03344726562487241, 0.38752365112156856]",0,Normal-574.png
1126590,0,187.63976119129154,0.83754069948781,"[0.0052070617675582615, 0.01039123535152286, 0.008499145507780078, 0.028072357177627287, 0.0675430297848986, 0.04886627197246984, 0.017910003662041055, 0.009994506835899374, 0.8035163879363879]",0,Normal-2315.png
1117920,0,247.09477816169266,0.8820012457256797,"[0.0036048889160018734, 0.0075416564941118555, 0.004520416259748381, 0.019271850585863982, 0.048057556152160424, 0.03465652465807092, 0.009601593017541498, 0.005855560302712038, 0.8668899536099743]",0,Normal-2010.png
1777095,0,220.77960264799415,0.632505615556128,"[0.009414672851526586, 0.018772125244069016, 0.017860412597588117, 0.06682968139622944, 0.1753273010247218, 0.11111068725543552, 0.038444519042822096, 0.021060943603435283, 0.5411796569803574]",0,Normal-2352.png
1442790,0,212.183280332681,0.8630956783958477,"[0.004238128662093207, 0.009479522705041963, 0.005180358886698988, 0.020347595214766128, 0.052658081054486626, 0.037925720214699074, 0.011215209960894717, 0.007900238037079238, 0.8510551452604254]",0,Normal-811.png
398055,0,42.872920743639924,0.9464881674864826,"[0.001548767089837842, 0.003143310546863009, 0.0022010803222572285, 0.008689880371060601, 0.021430969238199496, 0.01523590087884813, 0.00553512573240076, 0.0026283264160055987, 0.9395866394007126]",0,Normal-1072.png
1229865,0,116.6496720584638,0.7917511566851484,"[0.0051040649413867795, 0.010257720947226495, 0.009208679199183622, 0.03234481811511099, 0.0954017639156517, 0.06159210205054629, 0.018962860107349537, 0.01072692871089658, 0.7564010620088333]",0,Normal-3377.png
1088085,0,174.14477204623284,0.84363569404495,"[0.0050201416015433495, 0.00936889648433926, 0.007598876953096013, 0.028827667236218154, 0.07168197631808593, 0.04359054565413059, 0.015739440917908708, 0.008041381835906825, 0.8101310729949565]",0,Normal-1103.png
804525,0,77.23445144324855,0.876678477209316,"[0.0043411254882646895, 0.007537841796846245, 0.007076263427707381, 0.023880004882721403, 0.045612335204904125, 0.03482055664049217, 0.014057159423774501, 0.008098602294890981, 0.8545761108365838]",0,Normal-3396.png
428910,0,62.7966456702544,0.9093639099299183,"[0.0022621154785069956, 0.0055618286132600335, 0.0037307739257670183, 0.015735626220643097, 0.036479949951032715, 0.031696319579957215, 0.011600494384721372, 0.006015777587867676, 0.8869171142544292]",0,Normal-233.png
734655,0,72.51334699119374,0.8832579548495129,"[0.003253936767565712, 0.006706237792943167, 0.00629806518552285, 0.020313262939375635, 0.05068206787090041, 0.03152465820300474, 0.011928558349563871, 0.005928039550758636, 0.8633651733365503]",0,Normal-1278.png
1137810,0,148.86073951198628,0.816127491432758,"[0.006164550781226484, 0.010406494140585303, 0.010101318359336467, 0.03159332275378573, 0.07501983642549508, 0.05167388915995913, 0.019340515136644972, 0.012451171874952502, 0.7832489013641997]",0,Normal-3347.png
1389495,0,196.27568875366927,0.8383960824550936,"[0.004791259765606723, 0.009719848632775422, 0.007446289062471595, 0.029163360595591874, 0.07156753540011762, 0.04782485961895819, 0.01703643798821626, 0.008216857910124905, 0.8042335510223227]",0,Normal-2433.png
488325,0,56.61362524461839,0.8980307041478192,"[0.002845764160145394, 0.005607604980447358, 0.005573272705056864, 0.018417358398367244, 0.04228591918929182, 0.027896881103409207, 0.010528564453084836, 0.004760742187481839, 0.8820838928189008]",0,Normal-2984.png
1026120,0,116.86771113625244,0.8591971690569751,"[0.00510787963865239, 0.00936508178707365, 0.008892059326137954, 0.026195526122946945, 0.05559921264627228, 0.03699874877915574, 0.015861511230408243, 0.009105682373012139, 0.8328742980925259]",0,Normal-3405.png
924630,0,146.16222021771037,0.8536914500750753,"[0.0035400390624864956, 0.008209228515593685, 0.006038665771461339, 0.02477264404287425, 0.06439971923803559, 0.04273223876936824, 0.013668060302682234, 0.006805419921849039, 0.8298339843718344]",0,Normal-65.png
489090,0,92.37405974804305,0.8894451232528308,"[0.0031547546386598404, 0.005977630615211572, 0.00536346435544829, 0.01967239379875308, 0.04632568359357328, 0.034027099609245194, 0.012702941894482792, 0.006462097167944099, 0.8663139343228671]",0,Normal-1789.png
1251540,1,132.65107861423675,0.782744274041549,"[0.004722595214825735, 0.010349273681601146, 0.009811401367150072, 0.03593444824205042, 0.10644912719685955, 0.06169891357398338, 0.019557952880784768, 0.010368347167929198, 0.741107940671001]",0,Normal-2530.png
588030,0,83.29462756849314,0.8883775244531016,"[0.003116607666003736, 0.005577087402322475, 0.0060348510741957285, 0.02035140991203174, 0.047035217284976824, 0.031723022460816486, 0.011058807373004688, 0.005153656005839715, 0.8699493408169939]",0,Normal-1350.png
391425,0,48.50259142612523,0.9233538062220835,"[0.003047943115222748, 0.006114959716773548, 0.004047393798812685, 0.013736724853463222, 0.02434921264639149, 0.023868560790924573, 0.010543823242147279, 0.006786346435520987, 0.9075050353969287]",0,Normal-3484.png
573240,0,172.8287824119373,0.9219484278231085,"[0.00272750854491147, 0.004970550537090414, 0.003990173339828529, 0.01414108276361793, 0.02995681762683885, 0.021312713622965572, 0.008316040039030777, 0.004753112792950618, 0.9098320007289511]",0,Normal-603.png
1017960,0,133.31147566046965,0.8369259087525724,"[0.004405975341780067, 0.008628845214810834, 0.007587432861299181, 0.02706909179677174, 0.0736427307126097, 0.04519653320295259, 0.01549911499017525, 0.007446289062471595, 0.8105239868133143]",0,Normal-2300.png
897345,0,147.0195503608121,0.9070540228328807,"[0.003856658935532163, 0.006107330322242327, 0.0046806335449040195, 0.017246246337824834, 0.042015075683433475, 0.025241851806544334, 0.008819580078091355, 0.004436492919904951, 0.8875961303677078]",0,Normal-2092.png
603585,0,93.95530363258318,0.8849756549190207,"[0.003089904785144463, 0.0055618286132600335, 0.005775451660134218, 0.02043914794914078, 0.04818725585919118, 0.03286361694323401, 0.011455535888628176, 0.0052070617675582615, 0.8674201965298941]",0,Normal-3179.png
1997415,0,322.4880863197162,0.7359697641614644,"[0.007923126220672901, 0.014678955078069003, 0.013942718505806187, 0.04880142211895446, 0.11529541015581019, 0.07465362548799646, 0.02503585815420137, 0.013656616210885405, 0.6860122680637893]",0,Normal-2124.png
825690,0,121.85681415117418,0.8450681474133351,"[0.005111694335918, 0.008876800537075513, 0.009162902831996295, 0.02799987792958069, 0.06348800659155468, 0.04193878173812127, 0.016628265380795943, 0.008842468261685018, 0.8179512023894578]",0,Normal-1448.png
1214565,0,153.46621972847365,0.824988770002581,"[0.0049858093261528555, 0.009586334228479055, 0.007732391357392378, 0.028316497802626354, 0.07829666137665445, 0.049781799316216346, 0.015953063964782892, 0.008064270019500486, 0.7972831726043804]",0,Normal-366.png
992970,0,108.68745413405087,0.8653462025082551,"[0.004673004150372799, 0.008548736572233014, 0.007717132568329936, 0.023120880126864925, 0.056468963622831464, 0.03622436523423681, 0.013572692871041974, 0.007213592529269357, 0.842460632321005]",0,Normal-559.png
1485885,0,213.3814785653131,0.8028404615438768,"[0.006366729736303838, 0.012538909912061542, 0.010074615478477194, 0.036586761474469806, 0.08502197265592566, 0.06027221679664508, 0.020320892333906857, 0.012321472167921748, 0.7564964294404736]",0,Normal-1693.png
2195040,0,233.14197040117415,0.6925208048595847,"[0.007553100585908687, 0.01592636108392362, 0.012371063232374684, 0.050617218017385036, 0.14511871337835267, 0.09381103515589213, 0.028240203857314145, 0.015121459960879815, 0.6312408447241545]",0,Normal-825.png
1246440,0,205.58243257705476,0.8100205278303418,"[0.005493164062479045, 0.010421752929647744, 0.008632659912076443, 0.03148651123034864, 0.08205795288054635, 0.05372238159159194, 0.01831054687493015, 0.008907318115200395, 0.7809677123993646]",0,Normal-2466.png
2231505,0,377.4189510457435,0.6699460277033029,"[0.009319305419886324, 0.018611907958913376, 0.016635894775327165, 0.05796051025368515, 0.1443328857416369, 0.09413146972620341, 0.03250503540026663, 0.017917633056572273, 0.608585357663694]",0,Normal-805.png
1045755,0,204.3744113869863,0.739136057889203,"[0.007804870605438977, 0.013835906982369094, 0.01294326782221625, 0.04769515991192743, 0.11548995971635631, 0.08347702026335344, 0.02735519409169252, 0.01660537719720228, 0.674793243405629]",0,Normal-2545.png
798915,0,107.08096104452055,0.8669402278354279,"[0.0045967102050605895, 0.009304046630823883, 0.007823944091767029, 0.02452468872060957, 0.04860687255840833, 0.03678512573228155, 0.015644073486268447, 0.008579254150357898, 0.844135284420608]",0,Normal-2268.png
1214055,0,166.65026067147744,0.8984731072398378,"[0.0036849975585796927, 0.00689697265622369, 0.0044631958007642246, 0.016250610351500508, 0.044643402099439074, 0.0251197814940448, 0.0076103210448928435, 0.0035743713378769896, 0.8877563476528635]",0,Normal-3394.png
272595,0,34.34086044520548,0.9280425075023048,"[0.0026626586913960928, 0.0051383972167772735, 0.0038337707519385004, 0.013225555419871422, 0.02487182617178012, 0.020805358886639383, 0.010025024414024258, 0.005947113037086688, 0.9134902954066715]",0,Normal-2917.png
1116900,0,111.28184625733853,0.905950462117952,"[0.003288269042956206, 0.0057144165038844515, 0.004997253417949687, 0.015781402587830423, 0.03591537475572237, 0.021591186523355135, 0.008296966552702725, 0.003780364990219954, 0.9006347656215643]",0,Normal-1625.png
1979565,0,266.4758057118396,0.7693563736000216,"[0.0071525573730195895, 0.013889312744087641, 0.010868072509724167, 0.04316329956038222, 0.10980606079059675, 0.07015609741184174, 0.021961212158119348, 0.011627197265580645, 0.7113761901828332]",0,Normal-2229.png
925140,0,151.8143652152642,0.8964613487120647,"[0.0038681030273289944, 0.006801605224583429, 0.0060691833495862225, 0.01890182495109977, 0.03890228271469535, 0.026031494140525697, 0.010761260986287075, 0.005298614501932912, 0.8833656311001459]",0,Normal-133.png
2049945,0,240.1599880748532,0.5662094577316393,"[0.008602142333951561, 0.02010345458976706, 0.018180847167899396, 0.07288742065401883, 0.2170944213858906, 0.12803649902294909, 0.03812408447251082, 0.020683288574139848, 0.47628784179505806]",0,Normal-557.png
333030,0,78.12043633806262,0.9362151828703628,"[0.0018005371093681314, 0.0034255981445181823, 0.002529144287099727, 0.010650634765584371, 0.026489257812398952, 0.019897460937424095, 0.0069503784179422365, 0.0034790039062367285, 0.9247779846156129]",0,Normal-2724.png
1190340,0,129.48429473458904,0.8280334224666364,"[0.0042572021484212595, 0.009304046630823883, 0.007587432861299181, 0.0279312133787997, 0.07841873168915398, 0.050121307372855674, 0.015277862548769843, 0.008049011230438045, 0.7990531921356238]",0,Normal-538.png
2070345,0,334.7880802042563,0.6708561715704505,"[0.009319305419886324, 0.01853942871086678, 0.014770507812443654, 0.05538177490213248, 0.14339828491156234, 0.10128784179648861, 0.033576965331903165, 0.018543243408132386, 0.6051826477027695]",0,Normal-3255.png
1530765,0,250.5625038221624,0.8488947631579641,"[0.0060348510741957285, 0.010269165039023326, 0.007957458496063394, 0.028194427490126822, 0.06486511230444006, 0.041870117187340274, 0.014122009277289878, 0.008026123046844382, 0.8186607360808614]",0,Normal-946.png
2304690,0,282.8916225843933,0.6625993647470331,"[0.007987976074188278, 0.017246246337824834, 0.01362228393549491, 0.053169250488078426, 0.15591430664003023, 0.09767532348595552, 0.030273437499884516, 0.01626586914056295, 0.6078453063941656]",0,Normal-3442.png
868530,0,134.00295070939333,0.8916334106114397,"[0.0038299560546728897, 0.0065612792968499705, 0.005828857421852764, 0.020046234130782905, 0.04744720458966275, 0.02998733520496373, 0.011329650878863031, 0.006549835205053139, 0.8684196472134841]",0,Normal-1220.png
1980585,0,332.3178013392856,0.7018530992946669,"[0.008476257324186415, 0.01659011840813984, 0.012893676757763314, 0.049591064452935825, 0.1308555603022352, 0.09285736083948952, 0.028636932372937633, 0.014869689941349526, 0.645229339597148]",0,Normal-2481.png
760920,0,131.29841533145787,0.8878848319872045,"[0.004009246826156581, 0.006702423095677557, 0.005733489990212504, 0.019702911376877963, 0.04790878295880162, 0.03275680541979692, 0.011474609374956228, 0.006015777587867676, 0.8656959533658383]",0,Normal-3222.png
1287750,0,190.73895395058707,0.8001981540760184,"[0.005851745605446428, 0.011791229248001895, 0.009124755859340191, 0.03219223022448657, 0.08695220947232456, 0.056152343749785796, 0.019165039062426892, 0.009971618652305711, 0.7687988281220672]",0,Normal-3098.png
2433720,0,322.980961808953,0.7150601701723224,"[0.009391784667932923, 0.017124176025325302, 0.01328659057612119, 0.047981262206848216, 0.12478637695264898, 0.07885360717743357, 0.027229309081927378, 0.013946533203071798, 0.6674003601048759]",0,Normal-1025.png
918510,0,113.27839102250492,0.9172043325574651,"[0.002674102783192924, 0.005287170410136081, 0.0033226013183467002, 0.013050079345653342, 0.03609466552720606, 0.021583557128823913, 0.0060005187988052345, 0.0029335021972544343, 0.9090538024867666]",0,Normal-1647.png
1309425,0,167.3792120229941,0.8949036051964482,"[0.0040054321288909706, 0.007331848144503281, 0.005397796630838784, 0.02036666870109418, 0.04417419433576899, 0.027091979980365402, 0.008972167968715774, 0.004928588867168699, 0.8777313232388392]",0,Normal-1077.png
2639505,0,319.6575686460371,0.684845270683515,"[0.008495330810514467, 0.016475677490171526, 0.012611389160108141, 0.05380249023416976, 0.14917755126896218, 0.09403228759729754, 0.026554107665914328, 0.014465332031194818, 0.6243858337378525]",0,Normal-519.png
2291175,0,352.5038145181017,0.6630631937323238,"[0.00945281982418269, 0.01882171630852195, 0.015377044677675715, 0.05508041381814926, 0.15536499023378234, 0.0960960388179928, 0.031822204589722354, 0.017677307128838814, 0.6003074645973193]",0,Normal-1952.png
924885,0,162.95124067392368,0.8531410747930129,"[0.003997802734359749, 0.007793426513642145, 0.006542205810521918, 0.02519989013662262, 0.06674575805638601, 0.04455184936506442, 0.013816833496041042, 0.007274627685519125, 0.8240776061980283]",0,Normal-2549.png
1035045,0,168.26817820450094,0.9159023131835541,"[0.003517150878892833, 0.006175994873023315, 0.0051727294921677675, 0.0161743164061883, 0.028400421142469785, 0.0192413330077391, 0.007587432861299181, 0.003990173339828529, 0.9097404479945764]",0,Normal-3383.png
277695,0,34.05674382338552,0.9437942844506944,"[0.0025100708007716748, 0.004024505615219023, 0.0034790039062367285, 0.00970458984371298, 0.019233703613207878, 0.014408111572210662, 0.007221221923800578, 0.004169464111312219, 0.9352493286097135]",0,Normal-2703.png
1002150,0,164.08751223091977,0.8442464204847658,"[0.004989624023418466, 0.009265899658167778, 0.006778717040989766, 0.026119232177634736, 0.07039260864230959, 0.046981811523258275, 0.015560150146425018, 0.008178710937468801, 0.8117332458465129]",0,Normal-1369.png
1115370,0,165.73984069227006,0.8766774193550712,"[0.003517150878892833, 0.007106781005832265, 0.006175994873023315, 0.021591186523355135, 0.05540847778299176, 0.03387451171862078, 0.010700225830037307, 0.005813598632790322, 0.8558120727506415]",0,Normal-2003.png
1030965,0,183.41636726394324,0.8541788385235609,"[0.004787445068341112, 0.008392333984342986, 0.00630187988278846, 0.023963928222564834, 0.06713104248021266, 0.042957305908039256, 0.014640808105412899, 0.0077285766601267675, 0.8240966796843563]",0,Normal-1821.png
2739465,2,310.3306629158512,0.629465844143317,"[0.00885391235348185, 0.019626617431565754, 0.014648437499944121, 0.058593749999776484, 0.17151260375911134, 0.10609054565389217, 0.031230926513552738, 0.019489288330003778, 0.569953918454857]",0,Normal-1680.png
1426980,0,176.55080800513704,0.8186268757112959,"[0.005565643310525644, 0.010612487792928267, 0.008602142333951561, 0.02888870239246792, 0.07852172851532546, 0.05247879028300293, 0.01761245727532344, 0.00978851318355641, 0.7879295349091037]",0,Normal-901.png
1324980,0,120.18919704011738,0.7804490062496023,"[0.004215240478499545, 0.009857177734337398, 0.008907318115200395, 0.035461425781114726, 0.10887145996052218, 0.062438964843511816, 0.01856994628899166, 0.009990692138633763, 0.7416877746553738]",0,Normal-639.png
1341045,0,179.62947193003913,0.8577093036273916,"[0.0049171447753718674, 0.008388519287077375, 0.00629806518552285, 0.02495193481435794, 0.0640792846677243, 0.04193878173812127, 0.012760162353466949, 0.006771087646458545, 0.8298950195280842]",0,Normal-3135.png
441660,0,86.44742233365952,0.8985303616454259,"[0.0028915405273327198, 0.004913330078106257, 0.005344390869120238, 0.0184745788573514, 0.041873931884605885, 0.02928924560535702, 0.010826110839802451, 0.004814147949200385, 0.8815727233853089]",0,Normal-2457.png
2133330,0,260.4352525684931,0.7220830221953272,"[0.008392333984342986, 0.015476226806581587, 0.013099670410106278, 0.04834365844708121, 0.13138580322215504, 0.08069992065398902, 0.025657653808495873, 0.013298034667918021, 0.6636466979955152]",0,Normal-1126.png
1076610,0,137.56287457191777,0.8714902943762084,"[0.0038337707519385004, 0.007160186767550811, 0.006378173828100669, 0.022876739501865858, 0.05927276611305514, 0.03404235839830764, 0.010696411132771696, 0.005683898925759568, 0.8500556945768354]",0,Normal-1289.png
1206915,0,118.83551706213305,0.9052564662330523,"[0.003173828124987893, 0.005802154540993492, 0.00528335571287047, 0.01676940917962353, 0.03430938720690037, 0.020900726318279644, 0.007701873779267495, 0.003967285156234866, 0.9020919799770275]",0,Normal-413.png
947580,0,183.8266725782779,0.8968004974766652,"[0.0040893554687344005, 0.006343841552710175, 0.00493621826169992, 0.018016815185478145, 0.04573059082013805, 0.02664184570302337, 0.008415222167936649, 0.005924224853493026, 0.8799018859829716]",0,Normal-960.png
1209720,0,174.79823568982377,0.8397676977927659,"[0.00510787963865239, 0.010425567626913355, 0.006286621093726018, 0.02445220947256297, 0.06938552856418843, 0.04433059692365902, 0.013999938964790345, 0.01082229614253684, 0.8151893615691559]",0,Normal-3108.png
718080,0,105.78854268590997,0.8800894221375072,"[0.003261566162096933, 0.006420135498022384, 0.00672531127927122, 0.021862030029213476, 0.04705047607403927, 0.033306121826044824, 0.012401580810499566, 0.0055618286132600335, 0.8634109497037376]",0,Normal-2079.png
760665,0,82.21985842710373,0.9138015784097773,"[0.002883911132801499, 0.0051383972167772735, 0.004085540771468789, 0.01404953002924328, 0.036182403564315097, 0.02376556396475309, 0.008152008056609527, 0.0040054321288909706, 0.9017372131313257]",0,Normal-1776.png
1660305,0,220.73346532534248,0.7760703057263016,"[0.008625030517545222, 0.01763916015618271, 0.011783599853470673, 0.041255950927576994, 0.07593536376924158, 0.0678710937497411, 0.02885818481434304, 0.01915740966789567, 0.7288742065401883]",0,Normal-3087.png
865725,0,179.03720492906066,0.932524386866726,"[0.00297927856444176, 0.004642486572247915, 0.003276824951159375, 0.011619567871049424, 0.025096893310451136, 0.016502380371030797, 0.00579071044919666, 0.0031890869140503344, 0.9269027709925579]",0,Normal-530.png
1972425,0,329.04912625366933,0.6775296270676189,"[0.00878143310543525, 0.01804733276360303, 0.014598846435491185, 0.05532073974588272, 0.14525604247991464, 0.09922790527305897, 0.03146362304675498, 0.018108367919852795, 0.6091957092261917]",0,Normal-2102.png
537540,0,80.031509907045,0.9151218537673974,"[0.0025520324706933897, 0.004699707031232072, 0.005008697509746518, 0.014541625976507027, 0.03430938720690037, 0.023181915283114692, 0.008880615234341123, 0.004356384277327131, 0.9024696350063229]",0,Normal-1438.png
1063350,0,169.02785591976516,0.8076340257422437,"[0.004943847656231141, 0.010200500488242338, 0.009170532226527518, 0.032257080078001946, 0.08684921264615307, 0.056228637695098005, 0.019058227538989798, 0.008903503417934786, 0.7723884582490067]",0,Normal-3385.png
1605990,0,166.09548526174166,0.8646974582471852,"[0.004913330078106257, 0.008514404296842519, 0.006980895996067119, 0.02265167236319484, 0.057167053222438174, 0.033115386962764295, 0.012554168701123984, 0.006324768066382123, 0.8477783203092659]",0,Normal-2355.png
856800,0,138.89365979696674,0.8682327596518171,"[0.004287719726546143, 0.0077972412109077556, 0.006446838378881657, 0.023017883300693442, 0.05930328369118002, 0.03871917724594605, 0.013088226318309446, 0.00800323486325072, 0.83933639526047]",0,Normal-1953.png
954975,0,127.99700724681993,0.8664156547698558,"[0.004650115966779136, 0.007865905761688744, 0.007587432861299181, 0.024230957031157567, 0.056869506835720555, 0.03707885742173356, 0.014633178710881678, 0.007381439208956217, 0.8397026061979687]",0,Normal-164.png
1323705,0,100.83739756604697,0.7991141843075122,"[0.004573822021466927, 0.009120941162074582, 0.00970458984371298, 0.03351211547838778, 0.09486770629846623, 0.0554618835447103, 0.018016815185478145, 0.009075164794887255, 0.7656669616670011]",0,Normal-1888.png
909330,0,122.3818340264188,0.8723766885145433,"[0.004508972167951549, 0.007621765136689675, 0.008636474609342054, 0.0231475830077242, 0.04557800292951363, 0.03046798706043065, 0.013034820556590901, 0.007343292236300113, 0.8596611022916425]",0,Normal-2129.png
1246695,0,109.29429121819956,0.8588218487091066,"[0.004802703857403554, 0.008979797363246994, 0.007286071777315955, 0.023075103759677598, 0.06021499633766092, 0.0381546020506357, 0.013618469238229299, 0.007556915283174297, 0.8363113403288409]",0,Normal-3335.png
1000875,0,159.82124892979454,0.8282913694950806,"[0.004688262939435241, 0.009639739990197602, 0.0077285766601267675, 0.030521392822149194, 0.07757186889618846, 0.052516937255659035, 0.018352508544851865, 0.00920486450191801, 0.7897758483856591]",0,Normal-2126.png
981240,0,135.990207619863,0.9089981548949106,"[0.0037879943847511748, 0.0060348510741957285, 0.005519866943338318, 0.01667022705071766, 0.033847808837761506, 0.02248001098624237, 0.00792694091793851, 0.005142211914042884, 0.8985900878871971]",0,Normal-2775.png
659685,0,71.7499159124266,0.8870568980760892,"[0.004211425781233935, 0.007415771484346711, 0.007141113281222759, 0.01952362060539427, 0.039997100829925546, 0.027793884277237724, 0.013145446777293604, 0.006919860839817353, 0.8738517761197133]",0,Normal-3040.png
1284690,0,149.3983151908023,0.7984633068461605,"[0.005569458007791254, 0.010482788085897511, 0.008907318115200395, 0.033435821533075574, 0.09574508666955664, 0.05885314941383799, 0.018959045410083926, 0.008956909179653331, 0.7590904235810887]",0,Normal-2708.png
908565,0,108.53480461105677,0.8429428737566591,"[0.004085540771468789, 0.007808685302704587, 0.008480072021452026, 0.028018951415908742, 0.06567001342748387, 0.043029785156085854, 0.015941619872986063, 0.007259368896456683, 0.8197059631316387]",0,Normal-1817.png
1316565,0,144.5158199302838,0.8371189005519623,"[0.0042915344238117535, 0.00903701782223115, 0.006843566894505143, 0.02647781372060212, 0.07451248168916888, 0.04592132568341857, 0.014438629150335546, 0.007213592529269357, 0.8112640380828428]",0,Normal-2118.png
1367310,0,235.8184702177103,0.7890189934612971,"[0.0059165954589618045, 0.012107849121047561, 0.009864807128868619, 0.03799057006821445, 0.08819961547817917, 0.06013107299781749, 0.02136611938468412, 0.012310028076124916, 0.7521133422822871]",0,Normal-2764.png
2982225,0,337.0779491805283,0.7076587598827014,"[0.010162353515586234, 0.018585205078054102, 0.015575408935487459, 0.051799774169724276, 0.1248321533198363, 0.07829666137665445, 0.027393341064348625, 0.014339447021429674, 0.6590156555150641]",0,Normal-2134.png
1014645,0,113.15104421477491,0.8766947819875411,"[0.004245758056624429, 0.006893157958958079, 0.006900787353489301, 0.01965332031242503, 0.049160003661921844, 0.03160858154284817, 0.012119293212844393, 0.0058479309081808165, 0.8635711669888932]",0,Normal-1893.png
1150560,0,90.62557332436396,0.8719095775589458,"[0.004058837890609517, 0.0069503784179422365, 0.007125854492160317, 0.022602081298741906, 0.05038833618144841, 0.03244781494128247, 0.012294769287062473, 0.005638122558572242, 0.8584938049283657]",0,Normal-2693.png
721395,0,111.0006765227495,0.8573129409901512,"[0.0033531188964715836, 0.006881713867161248, 0.0064582824706784885, 0.02332687377920789, 0.06483459472631517, 0.04369354248030207, 0.01286315917963843, 0.006355285644507006, 0.8322334289519033]",0,Normal-2076.png
2216460,0,264.5441077544031,0.621327888984948,"[0.009105682373012139, 0.02009963989250145, 0.01626968383782856, 0.06364822387671032, 0.1783180236809604, 0.11412429809526778, 0.03654098510728248, 0.019725799560471626, 0.5421676635721505]",0,Normal-2077.png
938655,0,75.89007460861056,0.8850683068368613,"[0.003482818603502339, 0.006359100341772617, 0.006252288818335524, 0.020332336425703687, 0.047893524169739174, 0.02877426147449961, 0.011280059814410095, 0.00545501708982294, 0.8701705932583993]",0,Normal-817.png
1209210,0,148.20609864236786,0.8780897768609028,"[0.005081176757793117, 0.009052276611293594, 0.006790161132786597, 0.02163314819327685, 0.0462226867674018, 0.029525756835824868, 0.012622833251904973, 0.006874084472630027, 0.8621978759732735]",0,Normal-1225.png
778515,0,151.67124816536202,0.8946830580870692,"[0.0032997131347530374, 0.006149291992164042, 0.0057296752929468925, 0.019393920898363518, 0.04137420654281092, 0.02682876586903828, 0.01030731201167943, 0.004837036132794048, 0.8820800781216351]",0,Normal-1353.png
1052385,0,147.86250152886495,0.8377497562286264,"[0.004470825195295445, 0.008209228515593685, 0.006767272949192935, 0.02590560913076055, 0.0744476318356535, 0.04548645019513898, 0.014629364013616067, 0.007076263427707381, 0.8130073547332267]",0,Normal-66.png
1245675,0,136.68238212451072,0.8609431525897507,"[0.00476837158201306, 0.008457183837858363, 0.00596237182614913, 0.023529052734285242, 0.062458038329839864, 0.039642333984223774, 0.01354980468744831, 0.007450103759737205, 0.8341827392546303]",0,Normal-2298.png
1086555,0,162.1926293419765,0.7969772443782859,"[0.005809783935524712, 0.01055526733394411, 0.009803771972618851, 0.034301757812369146, 0.09377288818323604, 0.05709457397439158, 0.019214630126879826, 0.010150909423789403, 0.7592964172334317]",0,Normal-3237.png
971040,0,100.6069211717221,0.8479898376590447,"[0.004470825195295445, 0.008396148681608597, 0.008293151855437114, 0.029323577880747513, 0.062324523925543496, 0.0442886352537373, 0.01676559448235792, 0.008735656738247926, 0.81740188598321]",0,Normal-359.png
2327640,0,384.29358029598825,0.7080590455804999,"[0.00876617431637281, 0.016487121581968356, 0.012722015380810844, 0.04806518554669165, 0.1291351318354449, 0.08360290527311857, 0.025352478027247036, 0.012802124023388664, 0.6630668640111425]",0,Normal-3354.png
2358750,1,453.2272925330235,0.7259078363262503,"[0.008800506591763303, 0.016155242919860247, 0.012424468994093229, 0.04745864868145958, 0.11412429809526778, 0.07822418212860785, 0.02656555175771116, 0.014244079589789413, 0.6820030212376327]",0,Normal-1737.png
1113075,0,111.29623669887472,0.9022019497153231,"[0.004165649414046609, 0.007621765136689675, 0.004947662353496751, 0.015224456787051298, 0.04135894775374848, 0.024284362792876112, 0.009822845458946903, 0.005386352539041952, 0.8871879577602875]",0,Normal-2603.png
1335690,0,84.41572131849315,0.7997123522257608,"[0.003925323486313151, 0.0097122192382442, 0.00876617431637281, 0.03229522705065805, 0.09801101684532924, 0.056819915771267625, 0.018524169921804334, 0.010688781738240475, 0.7612571716279554]",0,Normal-2411.png
1093695,0,159.25006115459885,0.8921375837708685,"[0.003337860107409142, 0.0069847106933327305, 0.004756927490216229, 0.01944351196281645, 0.05022811889629277, 0.02988815307605786, 0.008838653564419407, 0.004871368408184542, 0.8716506957974561]",0,Normal-1749.png
3167610,0,261.8441780821917,0.704608337043139,"[0.010105133056602076, 0.017139434814387743, 0.016532897949155682, 0.05001068115215297, 0.1139144897456592, 0.07092666625949506, 0.028114318847549002, 0.013996124267524734, 0.6792602539036589]",0,Normal-1692.png
805800,0,130.27086136252444,0.9068939870200041,"[0.002929687499988824, 0.005371093749979511, 0.0035018920898303913, 0.014083862304633774, 0.039829254150238684, 0.028312683105360746, 0.009250640869105336, 0.0046463012695135255, 0.8920745849575344]",0,Normal-312.png
1013370,0,147.65160225048925,0.8445213647645227,"[0.004592895507794979, 0.008445739746061531, 0.006431579589819215, 0.02624130249013427, 0.07012176513645126, 0.0462226867674018, 0.014598846435491185, 0.008018493652313162, 0.8153266906707178]",0,Normal-1914.png
1190595,0,246.31105140044028,0.8771269873712818,"[0.0044097900390456775, 0.008186340332000022, 0.005401611328104394, 0.021930694579994466, 0.053241729736125024, 0.03388595581041761, 0.01148605346675306, 0.007034301757785666, 0.8544235229459594]",0,Normal-1857.png
1270665,0,125.09317667563602,0.8612444846368097,"[0.004215240478499545, 0.008075714111297318, 0.007022857665988835, 0.021686553954995396, 0.056655883788846374, 0.036724090576031786, 0.01344680786127683, 0.006622314453099738, 0.8455505371061495]",0,Normal-2389.png
1213290,0,206.68171706824853,0.8059857474977766,"[0.0057296752929468925, 0.010437011718710186, 0.008075714111297318, 0.03089904785144463, 0.08823013305630405, 0.055149078368930245, 0.01743698120110536, 0.009094238281215307, 0.7749481201142313]",0,Normal-2507.png
1038105,0,192.9276235322896,0.8479681884596042,"[0.004665374755841578, 0.009105682373012139, 0.00647354125974093, 0.025184631347560178, 0.07222747802706822, 0.04455566406233003, 0.01380538940424421, 0.008205413818328074, 0.8157768249480599]",0,Normal-2484.png
1237515,0,195.22787350171234,0.7904075504421881,"[0.006874084472630027, 0.013160705566356045, 0.01098632812495809, 0.036132812499862166, 0.08549118041959575, 0.060741424560315165, 0.022876739501865858, 0.015399932861269379, 0.7483367919893328]",0,Normal-1856.png
2130525,0,183.74009677715264,0.6418174425851262,"[0.007629394531220896, 0.017078399658137976, 0.016216278076110015, 0.05995941162086502, 0.1723670959466081, 0.10882568359333486, 0.031112670898318814, 0.016544342040952512, 0.5702667236306371]",0,Normal-1920.png
1073295,0,81.29718077299411,0.8951188111479188,"[0.003364562988268415, 0.006992340087863951, 0.005569458007791254, 0.019203186035082996, 0.040218353271330956, 0.027229309081927378, 0.011199951171832275, 0.0055618286132600335, 0.880661010738828]",0,Normal-735.png
889695,0,142.0928670804794,0.8527037619514817,"[0.005218505859355093, 0.008777618408169641, 0.008224487304656126, 0.02631378173818087, 0.06300735473608778, 0.041748046874840745, 0.015220642089785687, 0.008544921874967403, 0.822944641110142]",0,Normal-2034.png
1104150,0,135.7738464713796,0.8500977418516062,"[0.0042228698730307655, 0.008132934570281474, 0.006225585937476251, 0.023616790771394284, 0.06734085082982123, 0.0427551269529619, 0.013694763183541509, 0.007160186767550811, 0.826850891110127]",0,Normal-3117.png
2059380,0,266.246586808953,0.7577337357323629,"[0.00826263427731223, 0.01371765136713517, 0.012378692626905904, 0.04500198364240646, 0.1110687255855138, 0.06763458251927325, 0.02290725707999074, 0.011726379394486517, 0.7073020935031612]",0,Normal-655.png
964410,0,115.20002904843443,0.8669955325712047,"[0.0037612915038919017, 0.007087707519504213, 0.006504058837865814, 0.021148681640544325, 0.05906295776344657, 0.036437988281111, 0.011436462402300123, 0.005920410156227416, 0.848640441891294]",0,Normal-1583.png
1339005,0,236.03541233488258,0.8904068339326521,"[0.0035057067870960016, 0.006572723388646802, 0.004104614257796842, 0.019084930419849072, 0.048088073730285306, 0.03089904785144463, 0.007316589355440839, 0.0038375854492041107, 0.8765907287564216]",0,Normal-308.png
1006230,0,117.6863992172211,0.9087731997872152,"[0.0033683776855340255, 0.0053749084472451214, 0.005050659179668233, 0.015018463134708334, 0.03589248657212871, 0.02154922485343342, 0.00740814208981549, 0.003932952880844372, 0.9024047851528075]",0,Normal-166.png
1111800,0,184.12741560665356,0.727102834510432,"[0.008354187011686881, 0.017063140869075535, 0.01480484008783415, 0.05286026000956398, 0.10924530029255201, 0.09221267700160136, 0.033145904540889184, 0.02467727661123399, 0.6476364135717482]",0,Normal-3363.png
798660,0,80.2347495719178,0.9019810476607792,"[0.0033073425292842584, 0.005241394042948756, 0.005100250244121169, 0.016902923583919895, 0.04024505615219023, 0.026943206787006593, 0.009952545165977659, 0.004585266113263759, 0.887722015377473]",0,Normal-1394.png
903975,0,124.4846043297456,0.889972214495673,"[0.0031471252441286194, 0.006328582763647733, 0.0048332214355284375, 0.016075134277282428, 0.04768753051739621, 0.028675079345593737, 0.009559631347619783, 0.0049018859863094255, 0.8787918090786789]",0,Normal-941.png
657390,0,118.63874449608608,0.8835101967534634,"[0.0034675598144398973, 0.005393981933573174, 0.0057487487792749455, 0.02042007446281273, 0.049320220947077484, 0.0322380065916739, 0.010581970214803383, 0.004814147949200385, 0.8680152893033294]",0,Normal-1648.png
339915,0,46.17268529843445,0.8959034556908594,"[0.0037536621093606807, 0.006862640380833196, 0.006633758544896569, 0.01934814453117619, 0.03474807739244557, 0.02947616577137193, 0.014160156249945982, 0.007896423339813627, 0.8771209716763415]",0,Normal-2577.png
759390,0,102.57859512597848,0.8759029375683237,"[0.0038375854492041107, 0.007034301757785666, 0.006183624267554536, 0.021102905273357, 0.05382919311502903, 0.034187316894400833, 0.012115478515578783, 0.007278442382784735, 0.8544311523404906]",0,Normal-2553.png
1364760,0,184.57051125244615,0.861813607117898,"[0.004795074462872333, 0.008735656738247926, 0.005657196044900294, 0.021232604980387752, 0.061523437499765306, 0.03998947143539432, 0.01115798950191056, 0.005752563476540556, 0.8411560058561662]",0,Normal-1063.png
1203345,1,173.22237340998046,0.7403162994567282,"[0.00833511352535883, 0.01795959472649399, 0.014591217040959963, 0.04979705810527879, 0.10474777221639729, 0.08713912963833946, 0.03276062011706253, 0.024765014648343027, 0.6599044799779514]",0,Normal-3497.png
888165,0,84.77396495841488,0.8789148248465355,"[0.0037078857421733555, 0.006599426269506075, 0.006721496582005609, 0.022098541259681324, 0.05121612548808587, 0.029838562011604924, 0.011856079101517272, 0.006095886230445496, 0.8618659973111653]",0,Normal-1247.png
1906380,0,345.5698079745597,0.6736701969066178,"[0.009292602539027051, 0.017498016357355126, 0.0156631469725965, 0.05339050292948383, 0.1475105285638904, 0.09787750244103287, 0.02928543090809141, 0.015342712402285222, 0.6141395568824228]",0,Normal-984.png
1225530,0,200.82539597602732,0.884207405400307,"[0.0033836364745964674, 0.006973266601535899, 0.004066467285140737, 0.01830673217766454, 0.05314636230448476, 0.03385162353502712, 0.008316040039030777, 0.005084991455058727, 0.8668708801236462]",0,Normal-2894.png
1132710,0,189.8967786815068,0.8257826325838944,"[0.005439758300760499, 0.009437561035120248, 0.007278442382784735, 0.028335571288954406, 0.07870483398407477, 0.051490783691209824, 0.016151428222594636, 0.008701324462857431, 0.7944602966278287]",0,Normal-68.png
1613385,0,229.29678326810173,0.7725137401125676,"[0.006904602050754911, 0.01234436035151541, 0.011219024658160328, 0.03894424438461706, 0.10663604736287446, 0.0634536743161642, 0.021148681640544325, 0.011066436767535909, 0.7282829284640187]",0,Normal-326.png
366435,0,82.87969361545987,0.9170110844043522,"[0.0023460388183504256, 0.004547119140607654, 0.004325866699202248, 0.014656066894475342, 0.034942626952991704, 0.02452850341787518, 0.009216308593714842, 0.0041732788085778304, 0.9012641906703901]",0,Normal-1146.png
418710,0,61.6580922822896,0.9145826993451884,"[0.002391815185537751, 0.004425048828108119, 0.0040054321288909706, 0.014312744140570401, 0.03953170776352107, 0.023746490478425038, 0.008220672607390515, 0.0039367675781099825, 0.8994293212856315]",0,Normal-3428.png
1563405,0,253.47194150562618,0.7319665230660951,"[0.007804870605438977, 0.015029907226505166, 0.013675689697213457, 0.04502487182600012, 0.11720657348588101, 0.08071899414031708, 0.026409149169821133, 0.013351440429636569, 0.6807785034153717]",0,Normal-2108.png
1237770,0,143.68045957681016,0.860172104437597,"[0.00502777099607457, 0.008117675781219033, 0.007656097412080169, 0.02420043945303268, 0.05703735351540742, 0.03550720214830205, 0.013614654540963689, 0.007675170898408221, 0.8411636352506975]",0,Normal-1320.png
889185,0,103.93464102250489,0.8684971826822483,"[0.0037994384765480064, 0.006565093994115581, 0.005352020263651458, 0.02257537841788263, 0.06215286254859103, 0.0395774841307084, 0.012985229492137965, 0.006507873535131424, 0.8404846191374188]",0,Normal-3.png
763470,0,123.54815924657534,0.8689652290218496,"[0.003978729248031697, 0.007297515869112787, 0.006835937499973923, 0.022819519042881698, 0.0595130920407886, 0.03840255737290038, 0.013240814208933865, 0.0070190429687232245, 0.8408927917448391]",0,Normal-1235.png
1173000,0,214.58658344545012,0.8084952151258907,"[0.006065368652320612, 0.010772705078083904, 0.009952545165977659, 0.03294372558581183, 0.08525848388639351, 0.05416870117166836, 0.018829345703053172, 0.009632110595666382, 0.7723770141572098]",0,Normal-3392.png
368475,0,41.984978901663396,0.9087043586738414,"[0.0032653808593625434, 0.006542205810521918, 0.005168914794902157, 0.016544342040952512, 0.03084945678699169, 0.02531433105459093, 0.011852264404251661, 0.006980895996067119, 0.8934822082485447]",0,Normal-198.png
774945,0,129.22322575220159,0.7419295872916281,"[0.009296417236292662, 0.015605926513612343, 0.016208648681578793, 0.05144119262675689, 0.1087341308589602, 0.08385467529264887, 0.03310394287096747, 0.02340698242178571, 0.6583480834935823]",0,Normal-934.png
487560,0,95.19473917563599,0.9450385177322972,"[0.001464843749994412, 0.003013610839832254, 0.0013504028320260985, 0.006439208984350436, 0.029537200927621698, 0.015407562255800599, 0.003517150878892833, 0.0023689270019440884, 0.9369010925257228]",0,Normal-1873.png
1060545,0,270.3749273789139,0.9092825600653611,"[0.0036125183105330944, 0.006874084472630027, 0.004489898681623497, 0.015724182128846267, 0.028907775878795974, 0.023906707763580677, 0.008285522460905893, 0.005187988281230209, 0.9030113220180397]",0,Normal-324.png
1032240,0,181.76796416340508,0.853553189309406,"[0.004699707031232072, 0.00835037231442127, 0.007850646972626302, 0.026622772216695317, 0.058914184570087756, 0.0411109924314838, 0.015205383300723246, 0.008449554443327142, 0.8287963867155884]",0,Normal-3343.png
697170,0,90.91553021037183,0.9015971268725599,"[0.003173828124987893, 0.005920410156227416, 0.004547119140607654, 0.01712036132805969, 0.046363830566229385, 0.028316497802626354, 0.00920486450191801, 0.004810333251934775, 0.8805427551235941]",0,Normal-688.png
2201160,0,359.54094682607615,0.7017740318785538,"[0.008785247802700862, 0.017066955566341146, 0.01406097412104011, 0.051815032958786714, 0.1391143798822818, 0.08470153808561438, 0.02751541137684816, 0.013904571533150082, 0.643035888669422]",0,Normal-2282.png
433245,0,58.794413527397246,0.9169151506364381,"[0.0021400451660074614, 0.004249572753890039, 0.0038185119628760585, 0.014755249023381213, 0.03778457641587149, 0.02518844604482579, 0.008506774902311299, 0.004142761230452947, 0.899414062496569]",0,Normal-1771.png
921315,0,94.26047272504891,0.8953936176786224,"[0.002960205078113708, 0.005134582519511663, 0.005500793457010266, 0.018848419189381224, 0.041687011718590974, 0.02801132202137752, 0.009574890136682224, 0.003925323486313151, 0.8843574523892045]",0,Normal-592.png
1766385,0,242.92917533023484,0.7539762772129076,"[0.007167816162082031, 0.014030456542915227, 0.011730194091752128, 0.04544067382795166, 0.11389541625933114, 0.07312774658175229, 0.02407455444326754, 0.012416839599562008, 0.6981163024875713]",0,Normal-252.png
1104405,0,93.0817866316047,0.8126486468699938,"[0.003913879394516319, 0.008201599121062463, 0.007633209228486507, 0.03130722045886495, 0.09143829345668243, 0.054210662841590075, 0.01644134521478103, 0.008644104003873275, 0.7782096862763282]",0,Normal-1285.png
599760,0,87.80516909246576,0.8986931294997195,"[0.002651214599599261, 0.005008697509746518, 0.00493621826169992, 0.017478942871027074, 0.04291915893538315, 0.02812194824208022, 0.010597229003865824, 0.004535675048810823, 0.8837509155239724]",0,Normal-964.png
2020875,0,347.20440542441276,0.7301866922492494,"[0.008995056152309437, 0.016071319580016816, 0.014530181884710197, 0.051494598388475435, 0.11786651611283162, 0.07641220092744289, 0.026336669921774532, 0.01387786865229081, 0.6744155883763335]",0,Normal-2451.png
733890,0,90.92354910714285,0.8704324750708743,"[0.0045623779296700955, 0.009422302246057807, 0.007106781005832265, 0.022705078124913385, 0.04501342773420328, 0.036506652831891986, 0.01661682128899911, 0.010761260986287075, 0.8473052978483303]",0,Normal-2330.png
1020765,0,93.83003225905084,0.765517583230952,"[0.005558013915994422, 0.011543273925737216, 0.011463165283159396, 0.03996276855453505, 0.10926818847614567, 0.07199096679660037, 0.024047851562408264, 0.01370239257807273, 0.7124633789035322]",0,Normal-3358.png
544170,0,71.13622186888453,0.8876833080335176,"[0.0035972595214706525, 0.005474090576150993, 0.006324768066382123, 0.020385742187422232, 0.04880523681622007, 0.03159713745105134, 0.011707305908158465, 0.006275177001929187, 0.8658332824674002]",0,Normal-3409.png
702015,0,64.58927806996084,0.8901330479055274,"[0.0035247802734240537, 0.0058822631835713105, 0.00630187988278846, 0.018241882324149163, 0.04955291748027972, 0.027172088622943222, 0.010231018066367222, 0.005420684814432446, 0.8736724853482297]",0,Normal-1256.png
1386945,0,112.20354926002933,0.7696433263414955,"[0.0053672790527139, 0.011703491210892855, 0.01038360595699164, 0.03864288330063384, 0.11062240600543738, 0.06348800659155468, 0.02172851562491711, 0.011989593505813637, 0.7260742187472302]",0,Normal-3304.png
1269900,0,233.91374908268102,0.8375778988860306,"[0.005241394042948756, 0.009906768798790334, 0.0069847106933327305, 0.02649688720693017, 0.06950378417942236, 0.04670715332013432, 0.014385223388616999, 0.008289337158171503, 0.8124847412078381]",0,Normal-2579.png
1269645,0,118.6500084087573,0.8442176003591608,"[0.003990173339828529, 0.00783538818356386, 0.006843566894505143, 0.02664566040028898, 0.07116699218722852, 0.0442504882810812, 0.014106750488227437, 0.006538391113256308, 0.8186225891082053]",0,Normal-3019.png
1010565,0,102.66049260029354,0.8766369832793899,"[0.0038452148437353316, 0.007099151611301043, 0.007122039794894707, 0.021865844726479088, 0.0513725280759759, 0.030639648437383118, 0.012332916259718578, 0.0060005187988052345, 0.8597221374478923]",0,Normal-63.png
2404650,0,393.09727403375734,0.7567782824999503,"[0.008159637451140749, 0.01523590087884813, 0.010143280029258182, 0.04063034057601688, 0.11155319213824633, 0.06548690795873456, 0.01922607421867666, 0.010635375976521928, 0.7189292907687419]",0,Normal-969.png
1011585,0,84.11392337328768,0.7711254776029108,"[0.004531860351545213, 0.01073074340816219, 0.010570526123006551, 0.04027938842758072, 0.10705947875935722, 0.06816101074192749, 0.022029876708900338, 0.01235580444331224, 0.7242813110323933]",0,Normal-3134.png
833850,0,136.66163160469662,0.8339251598093719,"[0.004920959472637478, 0.00852584838863935, 0.009689331054650538, 0.0294647216795751, 0.06636810302709058, 0.0457839965818566, 0.016990661621028934, 0.008136749267547086, 0.8101196289031596]",0,Normal-1415.png
769335,0,96.44500672700589,0.8898441512935881,"[0.0031890869140503344, 0.005340576171854627, 0.005805969238259102, 0.01941680908195718, 0.047760009765442805, 0.031188964843631022, 0.011043548583942247, 0.004623413085919863, 0.8716316223111281]",0,Normal-58.png
1108485,0,248.92762735445206,0.8145337503494857,"[0.004642486572247915, 0.01064682006831876, 0.009178161621058738, 0.0327491760252657, 0.07493209838838603, 0.05935287475563296, 0.018859863281178054, 0.01225280761714076, 0.7773857116669564]",0,Normal-2720.png
606135,0,89.4423006360078,0.8984912990909084,"[0.0032157897949096075, 0.00553131103513515, 0.005081176757793117, 0.017635345458917102, 0.04010772705062825, 0.02799606323231508, 0.010257720947226495, 0.0052566528320111975, 0.8849182128872493]",0,Normal-3336.png
734655,0,123.39205066658505,0.8905043707712751,"[0.0035476684570177166, 0.006084442138648664, 0.004981994628887245, 0.017093658447200417, 0.04571151733381, 0.03170776367175404, 0.010272979736288936, 0.005310058593729744, 0.8752899169888485]",0,Normal-1281.png
724200,0,112.75669642857143,0.852444119093311,"[0.004619598388654253, 0.007934570312469733, 0.007514953613252583, 0.026767730712788512, 0.06275558471655748, 0.04705429077130487, 0.016410827636656147, 0.008666992187466938, 0.8182754516570347]",0,Normal-15.png
635715,0,78.90004280821918,0.8869631130524264,"[0.003208160400378387, 0.006038665771461339, 0.005867004394508869, 0.019466400146410115, 0.04933547973613992, 0.031665802001832326, 0.011161804199176171, 0.00553894042966637, 0.8677177429166117]",0,Normal-2418.png
1101345,0,101.13963888209395,0.7951440126097439,"[0.004085540771468789, 0.00944900512691708, 0.009239196777308506, 0.03590011596665993, 0.1026344299312491, 0.05912017822243072, 0.018657684326100703, 0.010032653808555479, 0.750881195065495]",0,Normal-635.png
1067175,0,224.24352525684927,0.8153186360345147,"[0.005210876464823872, 0.010753631591755852, 0.008155822753875138, 0.030353546142462336, 0.07835006713837299, 0.05395889282205979, 0.016906738281185506, 0.010074615478477194, 0.7862358093231726]",0,Normal-2277.png
1682490,0,372.0670139738257,0.6609858328029329,"[0.010467529296835068, 0.018417358398367244, 0.017299652099543383, 0.05844497680641767, 0.1512985229486416, 0.0980339050289229, 0.033847808837761506, 0.020759582519452056, 0.5914306640602438]",0,Normal-3122.png
943500,0,140.63003761007823,0.8784890684353212,"[0.0034027099609245195, 0.007076263427707381, 0.005687713623025178, 0.02061462402335886, 0.04871368408184542, 0.03381347656237101, 0.012306213378859305, 0.005855560302712038, 0.8625297546353815]",0,Normal-926.png
1085025,0,110.73866346624266,0.7836917122481096,"[0.004745483398419397, 0.00979232788082202, 0.009487152099573183, 0.034408569335806244, 0.10408020019491546, 0.06785583496067865, 0.019676208496018692, 0.01089477539058344, 0.7390594482393682]",0,Normal-1890.png
656370,0,63.555570419520514,0.8863758848334312,"[0.004344940185530301, 0.008544921874967403, 0.0056304931640410215, 0.020587921142499587, 0.04280471801741484, 0.03934097290024055, 0.013763427734322497, 0.011142730712848119, 0.853839874264321]",0,Normal-1854.png
1115370,0,140.84516420009783,0.8339721923289524,"[0.0044288635253737305, 0.009429931640589027, 0.007553100585908687, 0.027366638183489354, 0.0756492614743208, 0.04896545410137571, 0.01633834838860955, 0.009529113769494899, 0.8007392883270236]",0,Normal-3224.png
1098795,0,167.33448125611548,0.8406330692673627,"[0.00485229492185649, 0.008918762206997227, 0.007373809814424996, 0.026985168456928308, 0.07395553588838975, 0.045959472656074675, 0.015296936035097896, 0.00791931152340729, 0.8087387084930087]",0,Normal-1790.png
836655,0,126.33821550880626,0.8719942456951887,"[0.004249572753890039, 0.007846832275360692, 0.006893157958958079, 0.022003173828041064, 0.05664825439431515, 0.03452301025377456, 0.012813568115185494, 0.007015228271457613, 0.8480072021452025]",0,Normal-50.png
854760,0,115.3250061154599,0.8606960231602377,"[0.0038261413574072795, 0.007217407226534967, 0.006717681884739999, 0.02384948730459652, 0.058860778808369214, 0.03923797607406907, 0.013488769531198545, 0.005901336669899363, 0.8409004211393704]",0,Normal-53.png
1227825,0,143.23341181506845,0.8402000766601881,"[0.004673004150372799, 0.00816726684567197, 0.00867843627926377, 0.028324127197157576, 0.06391525268530306, 0.04087829589828156, 0.015316009521425948, 0.007183074951144473, 0.8228645324675641]",0,Normal-2206.png
809625,0,115.99858579990214,0.8795021271269472,"[0.004589080810529369, 0.007545471191377466, 0.006927490234348573, 0.021179199218669207, 0.04389953613264504, 0.031887054443237736, 0.013256072997996306, 0.007183074951144473, 0.8635330200162371]",0,Normal-1432.png
1377510,0,107.47477372798434,0.7970352923368289,"[0.0040893554687344005, 0.00919723510738679, 0.008190155029265633, 0.03363418579088732, 0.10053634643516336, 0.057521820068139946, 0.01763153076165149, 0.00869369506832621, 0.7605056762666301]",0,Normal-3472.png
814980,0,71.83312438845402,0.9088990075429052,"[0.003185272216784724, 0.006114959716773548, 0.005439758300760499, 0.016201019287047574, 0.03542327880845862, 0.022888183593662688, 0.00979614257808763, 0.004981994628887245, 0.8959693908657227]",0,Normal-1569.png
1115625,0,191.53145639677103,0.8795491014844126,"[0.0043754577636551835, 0.008556365966764234, 0.00655746459958436, 0.02375030517569065, 0.048057556152160424, 0.03310775756823308, 0.012527465820264712, 0.00783920288082947, 0.8552284240690031]",0,Normal-2267.png
1115370,0,152.67346119740705,0.8456435487015339,"[0.0042572021484212595, 0.008163452148406358, 0.006366729736303838, 0.026920318603412933, 0.07143402099582125, 0.045833587646309536, 0.013236999511668254, 0.007045745849582497, 0.8167419433562594]",0,Normal-1934.png
1484355,0,88.09809197651664,0.7685314986114248,"[0.004932403564434309, 0.009635925292931991, 0.010295867919882599, 0.03876876831039898, 0.11600112914994812, 0.06476593017553418, 0.02052688598624982, 0.010875701904255387, 0.7241973876925499]",0,Normal-2113.png
681870,0,86.67186735567515,0.8910341859929949,"[0.002956390380848097, 0.005661010742165904, 0.004665374755841578, 0.01829910278313332, 0.05059051513652576, 0.03216934204089291, 0.010200500488242338, 0.00502395629880896, 0.8704338073697264]",0,Normal-1262.png
811665,0,117.35345829256359,0.9033742200795132,"[0.002994537353504202, 0.005496978759744656, 0.0050544738769338435, 0.017089843749934806, 0.03868865966782117, 0.02494430541982672, 0.00868606567379499, 0.004314422607405417, 0.8927307128872195]",0,Normal-2350.png
1760520,0,218.87909353595896,0.7493541397443721,"[0.008522033691373741, 0.01540374755853499, 0.01380538940424421, 0.0463333129881045, 0.10922622680622396, 0.07258224487277, 0.025871276855370058, 0.014823913574162201, 0.6934318542454017]",0,Normal-2149.png
1224000,0,154.24153008806263,0.8335662091959298,"[0.0052223205566207034, 0.009239196777308506, 0.007732391357392378, 0.027225494384661767, 0.07749557495087625, 0.046180725097480085, 0.015010833740177114, 0.008220672607390515, 0.803672790524278]",0,Normal-727.png
1136025,0,73.11067835738744,0.7827301648287964,"[0.004108428955062453, 0.009056091308559203, 0.008487701415983246, 0.03332138061510726, 0.10817337036091547, 0.06535720825170381, 0.018337249755789424, 0.008995056152309437, 0.744163513180755]",0,Normal-951.png
1082985,1,144.01018224070455,0.8552970925144109,"[0.004604339599591811, 0.00783538818356386, 0.006198883056616978, 0.024845123290920847, 0.061782836913826814, 0.041313171386561154, 0.013000488281200406, 0.006599426269506075, 0.8338203430143973]",0,Normal-1632.png
1234965,0,119.96763392857142,0.8474826142815534,"[0.0050544738769338435, 0.008480072021452026, 0.0077285766601267675, 0.028125762939345832, 0.07022476196262274, 0.0396881103514111, 0.013969421386665461, 0.006988525390598341, 0.8197402954070292]",0,Normal-2296.png
730320,0,113.52874266144812,0.8922635459004372,"[0.003925323486313151, 0.007453918457002815, 0.006523132324193866, 0.01941299438469157, 0.044860839843578866, 0.029506683349496816, 0.012039184570266573, 0.007038116455051277, 0.8692398071255903]",0,Normal-2253.png
807330,0,98.2363472358121,0.9160824178207947,"[0.002239227294913333, 0.004745483398419397, 0.0020484924316328105, 0.010795593261677568, 0.04379653930647355, 0.02769088745106624, 0.0052070617675582615, 0.0042572021484212595, 0.8992195129360229]",0,Normal-1788.png
655350,0,113.14735200587081,0.8402632528044539,"[0.0039367675781099825, 0.008266448974577841, 0.008926391601528449, 0.02851104736317249, 0.06529998779271964, 0.044326782226393406, 0.016212463378844404, 0.007545471191377466, 0.8169746398894616]",0,Normal-2338.png
2032605,0,327.5183960677592,0.7943459910896289,"[0.007259368896456683, 0.012096405029250731, 0.009407043456995366, 0.0386657714842275, 0.0906944274898884, 0.05452346801737013, 0.016895294189388673, 0.009464263915979522, 0.7609939575166282]",0,Normal-1053.png
2427345,0,326.5994297333659,0.7314233110528748,"[0.008220672607390515, 0.015602111816346732, 0.012493133544874217, 0.04869842529278298, 0.12303161621046817, 0.07226943969698994, 0.02349853515616036, 0.011180877685504223, 0.6850051879856681]",0,Normal-1640.png
1140360,0,115.68128516389433,0.7672284858008116,"[0.0049171447753718674, 0.011440277099565733, 0.010452270507772627, 0.03863906860336823, 0.11047363281207857, 0.07037734985324716, 0.022777557372959986, 0.013313293456980464, 0.7176094055148406]",0,Normal-940.png
1334415,0,165.2534323018591,0.8378516968413268,"[0.00527954101560486, 0.009727478027306643, 0.007308959960909619, 0.02526855468740361, 0.07129669189425927, 0.04701995849591438, 0.01414871215814915, 0.0072708129882535135, 0.8126792907683842]",0,Normal-1544.png
1063605,0,246.44375687989236,0.8334487380889061,"[0.004718780517560124, 0.010066986083945972, 0.007804870605438977, 0.028488159179578827, 0.072875976562222, 0.05317687988260964, 0.016628265380795943, 0.009590148925744666, 0.7966499328582891]",0,Normal-1480.png
1161525,0,121.6934167074364,0.8651492493466505,"[0.00451278686521716, 0.008560180664029846, 0.00605010986325817, 0.022365570068274058, 0.06346893310522664, 0.03933334350570933, 0.012161254882766108, 0.007266998290987903, 0.836280822750716]",0,Normal-3283.png
935850,0,103.08373593444225,0.8975689045126842,"[0.0036811828613140824, 0.00612640380857038, 0.0049858093261528555, 0.017086029052669198, 0.040477752685392464, 0.02810287475575217, 0.010169982910117455, 0.005065917968730675, 0.884304046627486]",0,Normal-2949.png
1860735,0,357.515391848092,0.7560075996089631,"[0.007759094238251651, 0.01584243774408019, 0.011859893798782883, 0.04211044311507373, 0.1090927124019276, 0.07060623168918378, 0.023658752441316, 0.014801025390568538, 0.7042694091770009]",0,Normal-12.png
984810,0,138.24847877935417,0.8765702112633355,"[0.00391769409178193, 0.007030487060520055, 0.007022857665988835, 0.021732330322182723, 0.047317504882632, 0.031013488769412942, 0.012065887451125848, 0.005657196044900294, 0.8642425537076407]",0,Normal-2597.png
753015,0,105.48262444960858,0.8795897070809456,"[0.0033340454101435314, 0.0067634582519273245, 0.00570678710935323, 0.021068572997966505, 0.055313110351351495, 0.036991119384624516, 0.012638092040967414, 0.0067138671874743885, 0.8514709472623768]",0,Normal-1028.png
1040145,0,111.94516725782776,0.8523252557937834,"[0.0039367675781099825, 0.007717132568329936, 0.006435394287084826, 0.023853302001862132, 0.0662345886227942, 0.04086685180648473, 0.01328659057612119, 0.006332397460913344, 0.8313369750944849]",0,Normal-879.png
1012095,0,165.29032763576322,0.8427086777003415,"[0.004505157470685939, 0.008632659912076443, 0.006931304931614184, 0.02655792236317994, 0.06966781616184362, 0.04949951171856117, 0.014942169189396125, 0.008129119873015865, 0.811134338375812]",0,Normal-3107.png
840990,0,123.77058616682973,0.8671145569772034,"[0.0037765502929543436, 0.006977081298801509, 0.006637573242162179, 0.022789001464756816, 0.054908752441196786, 0.036582946777204195, 0.013771057128853717, 0.006114959716773548, 0.8484420776334822]",0,Normal-2808.png
919530,0,97.24211105675144,0.8974310891563164,"[0.0030441284179571373, 0.00571060180661884, 0.005016326904277739, 0.01744842529290219, 0.04333114624006908, 0.025600433349511717, 0.009044647216762371, 0.0041236877441248945, 0.8866806030239613]",0,Normal-25.png
1152345,0,125.25251880503913,0.7597372692443832,"[0.004783630371075502, 0.01167678833003358, 0.00962066650386955, 0.038043975829933, 0.10981369018512796, 0.07688903808564419, 0.023700714111237715, 0.012985229492137965, 0.7124862670871258]",0,Normal-851.png
935340,0,150.9457444043542,0.8537886925003777,"[0.004791259765606723, 0.008548736572233014, 0.007789611816376535, 0.025611877441308547, 0.06212615966773176, 0.04159545898421632, 0.015556335449159407, 0.007987976074188278, 0.8259925842253647]",0,Normal-78.png
754800,0,99.03652458414871,0.8569948500266867,"[0.003940582275375593, 0.007419586181612321, 0.006404876708959942, 0.024417877197172477, 0.06475448608373735, 0.03958129882797401, 0.014202117919867698, 0.007076263427707381, 0.8322029113737786]",0,Normal-2692.png
290700,0,43.003539322407036,0.9309316155074725,"[0.0022773742675694375, 0.0033607482910028045, 0.003952026367172424, 0.011955261230423144, 0.029777526855355157, 0.019538879394456716, 0.006862640380833196, 0.0034294128417837926, 0.9188461303675886]",0,Normal-899.png
769845,0,69.78404782289628,0.8951091399165484,"[0.004196166992171493, 0.006816864013645871, 0.006767272949192935, 0.018402099609304803, 0.03747940063462265, 0.02537918090810631, 0.011852264404251661, 0.006423950195287994, 0.8826828002896016]",0,Normal-61.png
1280865,0,188.9339912548923,0.8366158638450487,"[0.0057830810546654395, 0.009494781494104406, 0.007682800292939442, 0.02611541748036913, 0.06723785400364976, 0.046184539794745696, 0.015361785888613274, 0.008304595947233945, 0.8138351440398642]",0,Normal-3190.png
239700,0,35.68332619863013,0.9044163107093679,"[0.003185272216784724, 0.007038116455051277, 0.005908966064430584, 0.01778793334954152, 0.030868530273319744, 0.028125762939345832, 0.01371765136713517, 0.00807952880856293, 0.8852882385220134]",0,Normal-2429.png
2471715,0,247.92312484711348,0.5486808094012727,"[0.01056671142574094, 0.021762847900307605, 0.020977020263591852, 0.07354736328096943, 0.21409225463785517, 0.12674331664990712, 0.041507720947107286, 0.023456573486238644, 0.4673461914044672]",0,Normal-1565.png
797385,0,97.6487967832681,0.8470770252674293,"[0.004398345947248847, 0.008674621581998158, 0.007949829101532174, 0.02707672119130296, 0.06910324096653327, 0.04251098632796283, 0.016212463378844404, 0.00886154174801307, 0.8152122497527495]",0,Normal-813.png
932535,1,166.1933364420254,0.8424848199269132,"[0.0045280456542796015, 0.00875854492184159, 0.007472991943330867, 0.02876281738270278, 0.07049179077121547, 0.0487060546873142, 0.01667404174798327, 0.010517120361288004, 0.8040885925262296]",0,Normal-897.png
722160,0,114.746407167319,0.9249282574994645,"[0.002689361572255366, 0.0042915344238117535, 0.0034370422363150135, 0.014038085937446449, 0.03377914428698052, 0.020381927490156625, 0.006237030029273082, 0.003173828124987893, 0.9119720458949586]",0,Normal-2071.png
776475,0,123.28970462328762,0.8723239389382536,"[0.0037155151367045764, 0.006362915039038227, 0.005508422851541487, 0.02105331420890406, 0.058536529540792324, 0.035194396972521996, 0.011447906494096955, 0.005569458007791254, 0.8526115417447944]",0,Normal-667.png
890460,0,167.56202222969665,0.9286422974876621,"[0.002861022949207836, 0.005317687988260964, 0.0034561157226430657, 0.013553619384713922, 0.029602050781137076, 0.020160675048751218, 0.006591796874974854, 0.003482818603502339, 0.914974212642994]",0,Normal-259.png
670395,0,89.29435237279844,0.8544176610368477,"[0.0041580200195153886, 0.007904052734344849, 0.00809097290035976, 0.0274200439452079, 0.061172485351329145, 0.04094314575179694, 0.01609802246087609, 0.008716583251919874, 0.8254966735808353]",0,Normal-2901.png
802740,0,123.43740444593928,0.862542333283331,"[0.003849029541000942, 0.007766723632782872, 0.006336212158178954, 0.023281097412020564, 0.06247329711890231, 0.04112243652328063, 0.013473510742136102, 0.006816864013645871, 0.834880828854237]",0,Normal-1585.png
1256895,0,217.09222113502938,0.8754632148278387,"[0.004695892333966461, 0.008155822753875138, 0.005867004394508869, 0.02220916748038403, 0.05535888671853882, 0.03215789794909608, 0.01125335693355082, 0.00571060180661884, 0.8545913696256462]",0,Normal-1658.png
915960,0,110.15329164628179,0.8671727288560976,"[0.0038681030273289944, 0.007225036621066189, 0.007343292236300113, 0.023139953613192977, 0.05231475830058168, 0.03522872924791249, 0.012805938720654273, 0.006156921386695263, 0.8519172668424533]",0,Normal-1178.png
1496085,0,145.57092786815065,0.7409611291926271,"[0.006805419921849039, 0.013381958007761452, 0.011936187744095092, 0.04226684570296376, 0.11280059814410094, 0.07485580444307383, 0.024913787841701836, 0.014671325683537783, 0.6983680725071015]",0,Normal-2310.png
1145970,0,95.12425850048925,0.8807809896932154,"[0.0036621093749860303, 0.006942749023411015, 0.0061340332031016, 0.021827697753822983, 0.05366897582987339, 0.029163360595591874, 0.010841369628864892, 0.005504608154275876, 0.8622550964322576]",0,Normal-562.png
1150305,0,156.399763790362,0.8213347574098341,"[0.005142211914042884, 0.009765624999962747, 0.008567810058561066, 0.02970504760730856, 0.08012008666961624, 0.049861907958794166, 0.016239166259703678, 0.008541107177701793, 0.7920570373504942]",0,Normal-707.png
1019745,0,121.08850981531307,0.8433345556299187,"[0.004859924316387711, 0.008712768554654263, 0.008663177490201327, 0.02835845947254807, 0.06888580322239347, 0.044429779052564886, 0.01626586914056295, 0.008777618408169641, 0.8110466003387029]",0,Normal-2219.png
1270920,0,228.45624770670253,0.8127880947396869,"[0.006259918212866745, 0.011375427246050356, 0.008876800537075513, 0.031066894531131487, 0.08108139038055007, 0.05273056030253322, 0.01856994628899166, 0.010440826415975796, 0.7795982360810104]",0,Normal-658.png
1109505,0,171.59027183219175,0.821505712800206,"[0.004470825195295445, 0.00979614257808763, 0.008075714111297318, 0.02691268920888171, 0.07766723632782872, 0.053161621093547204, 0.016067504882751205, 0.009693145751916148, 0.7941551208465799]",0,Normal-3128.png
2296785,0,322.7811926675636,0.6958218661667801,"[0.008842468261685018, 0.017070770263606753, 0.012889862060497704, 0.05327606201151552, 0.14431381225530887, 0.0890884399410664, 0.027645111083878918, 0.013420104980417557, 0.6334533691382086]",0,Normal-3342.png
1345890,0,183.3978718199608,0.8038443883370399,"[0.006248474121069914, 0.011608123779252593, 0.00961303710933833, 0.03215789794909608, 0.08465576171842706, 0.05406951904276249, 0.019706726074143574, 0.01089859008784905, 0.7710418701142462]",0,Normal-220.png
1014645,1,110.68126223091977,0.7934306258579167,"[0.004253387451155649, 0.009933471679649607, 0.009506225585901236, 0.03395843505846421, 0.09697723388634881, 0.061088562011485714, 0.018611907958913376, 0.010208129882773559, 0.7554626464814931]",0,Normal-2204.png
970275,0,94.12888331702547,0.8795197698561295,"[0.0035743713378769896, 0.006465911865209709, 0.0063896179198975, 0.020935058593670137, 0.048328399658018766, 0.030609130859258236, 0.01166152954097114, 0.005336761474589016, 0.8666992187466938]",0,Normal-696.png
1690395,0,239.79790698385517,0.7901658769925114,"[0.006294250488257239, 0.012271881103468812, 0.009384155273401702, 0.0361099243162685, 0.10066604614219411, 0.05945968627907005, 0.019954681396408252, 0.009506225585901236, 0.7463531494112153]",0,Normal-2632.png
759645,0,113.1139998165362,0.9346647218659442,"[0.002834320068348563, 0.004367828369123963, 0.003925323486313151, 0.012672424316357908, 0.02392959594717434, 0.015785217285096034, 0.005805969238259102, 0.0031204223632693463, 0.9275588989222429]",0,Normal-2304.png
1826310,0,301.19298480308225,0.8191804398621163,"[0.007114410400363485, 0.011299133300738147, 0.009395599365198534, 0.036636352538922744, 0.07819747924774857, 0.051280975341601254, 0.016731262206967426, 0.009838104248009346, 0.7795066833466358]",0,Normal-1949.png
1255875,0,120.01542624755382,0.7927844122500964,"[0.0046119689941230314, 0.010456085205038239, 0.009033203124965541, 0.03457260131822749, 0.09524536132776167, 0.06095886230445496, 0.01899337768547442, 0.010799407958943179, 0.7553291320771968]",0,Normal-3360.png
1252050,0,158.22306904354207,0.8592750955519295,"[0.004776000976544281, 0.00825881958004662, 0.008586883544889118, 0.025844573974510784, 0.052246093749800694, 0.036609649658063466, 0.01319885253901215, 0.006500244140600203, 0.843978881832718]",0,Normal-3170.png
566610,0,54.943332619863014,0.9158330068257212,"[0.002658843994130482, 0.0044288635253737305, 0.004474639892561055, 0.014175415039008425, 0.03794097900376152, 0.023120880126864925, 0.008457183837858363, 0.0038375854492041107, 0.9009056091274227]",0,Normal-800.png
973590,0,113.98258622798433,0.8087531818845993,"[0.004425048828108119, 0.009574890136682224, 0.007934570312469733, 0.03199768066394044, 0.08858108520474021, 0.05868148803688552, 0.018703460693288026, 0.011779785156205064, 0.7683219909638659]",0,Normal-1623.png
1376745,0,108.31315741193735,0.794902588943324,"[0.005210876464823872, 0.010494232177694343, 0.008625030517545222, 0.03224563598620512, 0.10065460205039728, 0.05552673339822568, 0.01856994628899166, 0.010406494140585303, 0.7582664489717168]",0,Normal-1498.png
1902300,0,255.17498624021522,0.781777747995219,"[0.008445739746061531, 0.014686584472600225, 0.012634277343701804, 0.04170989990218464, 0.08393478393522669, 0.06066894531226857, 0.024288177490141723, 0.014698028564397055, 0.738933563229603]",0,Normal-2115.png
1135770,0,136.0643575709393,0.8771386110737966,"[0.0040054321288909706, 0.0071182250976290955, 0.006515502929662645, 0.021831512451088594, 0.0550575256345556, 0.03143310546863009, 0.011020660400348584, 0.005039215087871402, 0.8579788207975083]",0,Normal-1859.png
1200540,0,85.5369144447162,0.7701359788205524,"[0.005348205566385848, 0.010868072509724167, 0.010593414306600215, 0.03806304931626105, 0.10657119750935909, 0.06819915771458358, 0.021354675292887287, 0.011798858642533116, 0.7272033691378509]",0,Normal-2983.png
2328915,0,336.6878936827299,0.7614051928048607,"[0.008544921874967403, 0.01582336425775214, 0.011531829833940384, 0.043922424316238697, 0.1085128784175548, 0.06475067138647174, 0.020763397216717668, 0.012279510498000032, 0.7138710021945424]",0,Normal-2640.png
1413720,2,175.4027412548923,0.83477195513089,"[0.004955291748027972, 0.00995635986324327, 0.007194519042941305, 0.026454925537008456, 0.07324981689425182, 0.048145294189269466, 0.016075134277282428, 0.008121490478484645, 0.8058471679656759]",0,Normal-422.png
675240,0,76.46313142123289,0.9024371820941922,"[0.0029411315917856552, 0.005352020263651458, 0.005378723144510732, 0.01633453369134394, 0.03998184204086311, 0.025993347167869593, 0.009552001953088562, 0.004447937011701783, 0.8900184631313705]",0,Normal-353.png
366180,0,72.76457008317027,0.913380915853922,"[0.0023956298828033615, 0.0047149658202945135, 0.004814147949200385, 0.014720916747990719, 0.03597640991197214, 0.02462768554678105, 0.008892059326137954, 0.004138946533187336, 0.8997192382778179]",0,Normal-2550.png
1212015,0,143.48472663894324,0.7879579918854346,"[0.005928039550758636, 0.010684967040974864, 0.011260986328082043, 0.03828430175766646, 0.09359741210901795, 0.059131622314227555, 0.020832061767498657, 0.01004791259761792, 0.7502326965303412]",0,Normal-1725.png
1900770,0,287.9151250611546,0.7071216252240176,"[0.009288787841761442, 0.017150878906184573, 0.015094757080020543, 0.05159378051738131, 0.1274642944331075, 0.08656692504849789, 0.031452178954958145, 0.01670074462884254, 0.6446876525854314]",0,Normal-1233.png
938145,0,109.31123104207435,0.8961548387035493,"[0.003986358642562918, 0.006618499755834127, 0.006664276123021453, 0.018463134765554567, 0.038604736327977736, 0.025131225585841632, 0.010509490966756784, 0.005802154540993492, 0.8842201232876425]",0,Normal-1797.png
471750,0,76.16349681996084,0.8902347309997787,"[0.003372192382799636, 0.005771636962868608, 0.006370544433569448, 0.019943237304611422, 0.05048751831035428, 0.03261566162096933, 0.012031555175735353, 0.006465911865209709, 0.8629417419400675]",0,Normal-2819.png
1275255,0,94.60539995107631,0.7676197280142528,"[0.0042915344238117535, 0.00970458984371298, 0.009548187255822951, 0.03625106811509609, 0.1192092895503265, 0.06704711914036923, 0.019966125488205085, 0.009654998779260043, 0.7243270873995806]",0,Normal-477.png
2072895,0,321.26974146893355,0.6968392922163605,"[0.008018493652313162, 0.015392303466738158, 0.012668609619092297, 0.052650451659955404, 0.13758087158150642, 0.0893783569332528, 0.027816772460831387, 0.014778137206974875, 0.6417160034155208]",0,Normal-191.png
781830,0,116.32488762842466,0.8388412324873431,"[0.004325866699202248, 0.007995605468719498, 0.007965087890594615, 0.027717590331925515, 0.07103729248019776, 0.046977996825992664, 0.016143798828063417, 0.007495880126924531, 0.8103408813445651]",0,Normal-624.png
2251395,0,283.9948209699119,0.6581314946905815,"[0.009685516357384927, 0.018638610839772647, 0.015880584716736295, 0.059371948241961015, 0.1590805053704869, 0.10036087036094528, 0.03263092041003177, 0.017269134521418497, 0.587081909177448]",0,Normal-3215.png
1335435,0,158.48069425758317,0.8205150428136893,"[0.004604339599591811, 0.009063720703090425, 0.008026123046844382, 0.030174255370978644, 0.08300399780241774, 0.05143737792949128, 0.01642608642571859, 0.008026123046844382, 0.789237976071208]",0,Normal-2788.png
887655,0,115.63832788038158,0.8616488410142554,"[0.004348754882795911, 0.007404327392549879, 0.007396697998018659, 0.023975372314361667, 0.06508255004857985, 0.03949356079086497, 0.013618469238229299, 0.007015228271457613, 0.8316650390593274]",0,Normal-832.png
1084260,0,156.31655149217215,0.8431567233593056,"[0.004734039306622566, 0.008899688720669175, 0.007976531982391446, 0.026603698730367265, 0.07165145873996104, 0.04368972778303646, 0.015346527099550832, 0.007740020751923599, 0.8133583068816629]",0,Normal-798.png
2258280,0,432.3779277764187,0.7923122708161511,"[0.007316589355440839, 0.014305114746039179, 0.008495330810514467, 0.03691482543931231, 0.08635330200162371, 0.06021881103492653, 0.017570495605401724, 0.01098251342769248, 0.7578430175752341]",0,Normal-197.png
1401735,0,196.81461365582186,0.8611170060145295,"[0.004806518554669165, 0.009510040283166847, 0.006099700927711106, 0.02281188964835048, 0.06021499633766092, 0.04224014282210449, 0.011547088623002825, 0.006568908691381191, 0.8362007141081382]",0,Normal-473.png
772905,0,74.768698018591,0.8861362683794282,"[0.0036163330077987046, 0.005599975585916138, 0.006401062011694332, 0.020717620849530344, 0.05305480957011011, 0.030010223388557394, 0.01115798950191056, 0.006065368652320612, 0.863376617428347]",0,Normal-1207.png
1382865,0,201.5279629403131,0.8222753941465921,"[0.006057739257789392, 0.010944366455036375, 0.00867843627926377, 0.0299758911131669, 0.07741546630829843, 0.04923629760723405, 0.01728057861321533, 0.009414672851526586, 0.7909965515106544]",0,Normal-3439.png
1192380,0,159.32453216731898,0.818948303228324,"[0.004436492919904951, 0.00901412963863749, 0.006992340087863951, 0.02860641479481275, 0.0803260803219592, 0.05349349975565531, 0.01525115966791057, 0.009296417236292662, 0.7925834655731484]",0,Normal-2465.png
1903320,0,293.55684319960864,0.6437918119735712,"[0.010379791259726028, 0.02043151855460956, 0.017925262451103496, 0.06264495849585477, 0.1412315368646956, 0.10895538330036561, 0.03869628906235238, 0.024448394775297363, 0.5752868652321804]",0,Normal-2224.png
1185750,0,134.4452475232387,0.8461743544613852,"[0.004093170166000011, 0.007545471191377466, 0.007308959960909619, 0.026012420654197645, 0.069301605224345, 0.04210662841780812, 0.013061523437450174, 0.006004333496070845, 0.8245658874480264]",0,Normal-3452.png
773670,0,122.98047639432482,0.8721789632792183,"[0.0034790039062367285, 0.006355285644507006, 0.006855010986301975, 0.02292251586905318, 0.05612564086892652, 0.03556823730455182, 0.012363433837843461, 0.00621414184567942, 0.8501167297330852]",0,Normal-2680.png
1186770,0,84.94632919520548,0.8166413445638809,"[0.003940582275375593, 0.00851821899410813, 0.007148742675753979, 0.028663635253796907, 0.09056091308559204, 0.050777435302540676, 0.01660156249993667, 0.008869171142544291, 0.784919738766537]",0,Normal-2947.png
1124295,0,155.1391878669276,0.8568913737969891,"[0.005237579345683145, 0.009716033935509811, 0.0076103210448928435, 0.02774429321278479, 0.06521606445287621, 0.04401016235334774, 0.01598739624017339, 0.009864807128868619, 0.8146133422820487]",0,Normal-975.png
807840,0,82.05565832925636,0.8998697487612369,"[0.0031814575195191134, 0.005832672119118375, 0.005752563476540556, 0.017604827880792217, 0.04175949096663757, 0.02511215209951358, 0.009433746337854638, 0.004955291748027972, 0.8863677978481812]",0,Normal-2085.png
1137300,0,182.24003562255382,0.8679492305182192,"[0.0046119689941230314, 0.00818252563473441, 0.005352020263651458, 0.021427154540933885, 0.05879974365211944, 0.03670120239243812, 0.011657714843705529, 0.008522033691373741, 0.8447456359831057]",0,Normal-1657.png
1516995,0,256.5410385579745,0.7085342263846641,"[0.008266448974577841, 0.016712188720639374, 0.013046264648387733, 0.05237579345683145, 0.1278953552241215, 0.09543991088830779, 0.03040313720691527, 0.02076721191398328, 0.635093688962421]",0,Normal-1351.png
939420,0,164.88696336839524,0.7766979711327152,"[0.006847381591770754, 0.012462615966749333, 0.012020111083938521, 0.043037414550617076, 0.0959892272945557, 0.07300567626925275, 0.027431488037004733, 0.015045166015567607, 0.7141609191867287]",0,Normal-3201.png
1428765,0,185.3009532473092,0.8025897440992475,"[0.00570297241208762, 0.011383056640581576, 0.00901412963863749, 0.03310012817370186, 0.0917549133297281, 0.05303573608378206, 0.018520355224538723, 0.010444641113241407, 0.7670440673798864]",0,Normal-2774.png
2013735,0,357.89896495841487,0.7548815128745118,"[0.008426666259733479, 0.014404296874945051, 0.011299133300738147, 0.04079055786117252, 0.11217117309527522, 0.06726455688450902, 0.020893096923748425, 0.010803222656208788, 0.7139472961398546]",0,Normal-2508.png
1158465,0,182.72222816780823,0.8923849715688891,"[0.00323486328123766, 0.006393432617163111, 0.004707336425763293, 0.01890182495109977, 0.04605484008771494, 0.02835083007801685, 0.007846832275360692, 0.003990173339828529, 0.8805198669400004]",0,Normal-1695.png
1349970,0,106.18320388943246,0.8179902644728323,"[0.00553131103513515, 0.009773254394493967, 0.010696411132771696, 0.03369140624987148, 0.07385253906221827, 0.04651260375958819, 0.018672943115163144, 0.009075164794887255, 0.7921943664520561]",0,Normal-3400.png
1211760,0,159.48538405088067,0.8359379668852238,"[0.004779815673809891, 0.009307861328089494, 0.007743835449189209, 0.02843093872059467, 0.07542037963838416, 0.04871368408184542, 0.01592254638665801, 0.00902938842769993, 0.8006515502899145]",0,Normal-704.png
875415,0,85.08218413649705,0.8796659633433889,"[0.004062652587875127, 0.006912231445286131, 0.007427215576143543, 0.02095031738273258, 0.05195999145487991, 0.030422210693243322, 0.011734008789017737, 0.006137847900367211, 0.8603935241666397]",0,Normal-356.png
1556265,0,210.65651755136983,0.6778278051304859,"[0.009853363037071787, 0.020473480224531274, 0.017845153808525676, 0.05949020385719494, 0.12380218505812148, 0.09710311889611395, 0.03877258300766459, 0.02458572387685934, 0.6080741882301023]",0,Normal-663.png
616080,0,95.6866973458904,0.890600980112111,"[0.0032463073730344912, 0.005897521972633752, 0.005542755126931981, 0.019084930419849072, 0.04864501953106443, 0.030113220214728877, 0.011138916015582508, 0.005077362060527506, 0.8712539672818327]",0,Normal-3456.png
474810,0,99.9337084148728,0.870322946391878,"[0.0035896301269394315, 0.006816864013645871, 0.006061553955055002, 0.022594451904210684, 0.054370880126745715, 0.03879928588852387, 0.014263153076117465, 0.007499694824190141, 0.8460044860807571]",0,Normal-1879.png
790245,0,117.82718474804307,0.8547091612651905,"[0.004440307617170561, 0.008300781249968334, 0.0076942443847362735, 0.025424957275293637, 0.06384277343725646, 0.04054641723617345, 0.014450073242132377, 0.007251739501925461, 0.8280487060515287]",0,Normal-3105.png
897855,3,208.7201985995597,0.7078724554824425,"[0.009674072265588095, 0.025833129882713954, 0.01687622070306062, 0.0636749267575696, 0.10192871093711117, 0.109313964843333, 0.04860305786114272, 0.04398727416975408, 0.580108642575912]",0,Normal-3361.png
582420,0,74.63671110567513,0.8638000838808308,"[0.004016876220687801, 0.007072448730441771, 0.007606506347627233, 0.02401351928701777, 0.059932708740005745, 0.03767395019516878, 0.01379394531244738, 0.007209777832003747, 0.838680267330785]",0,Normal-2976.png
1169940,0,89.1508263515166,0.7709236546258692,"[0.0040893554687344005, 0.009914398193321555, 0.00893402099605967, 0.03731918334946701, 0.11525726318315407, 0.06962585449192189, 0.02070617675773351, 0.010314941406210651, 0.7238388061495825]",0,Normal-1453.png
936615,0,117.47680329623286,0.8535203888583908,"[0.004119873046859283, 0.008232116699187346, 0.006698608398411947, 0.023681640624909663, 0.06426620483373922, 0.041099548339686966, 0.013816833496041042, 0.007175445556613253, 0.8309097290007366]",0,Normal-2103.png
1143420,0,88.47805314334636,0.825209176183832,"[0.0029411315917856552, 0.007080078124972991, 0.005298614501932912, 0.025066375732326254, 0.08508300781217543, 0.05816650390602811, 0.01303100585932529, 0.00816726684567197, 0.7951660156219666]",0,Normal-420.png
1167900,0,94.99019997553813,0.788857547734472,"[0.004364013671858353, 0.009685516357384927, 0.009349822998011207, 0.03459167480455554, 0.10397338867147837, 0.05953979492164787, 0.019786834716721394, 0.010242462158164052, 0.7484664916963636]",0,Normal-2140.png
1004445,0,120.05381604696674,0.905827994613348,"[0.0034027099609245195, 0.0056228637695098, 0.0051383972167772735, 0.017925262451103496, 0.04041290283187709, 0.02307128906241199, 0.0076942443847362735, 0.0040893554687344005, 0.8926429748501105]",0,Normal-1425.png
1032240,0,130.21487814946178,0.854084069691071,"[0.0037345886230326286, 0.008178710937468801, 0.006210327148413809, 0.023357391357332773, 0.06508636474584546, 0.04350280761702155, 0.013507843017526597, 0.006656646728490232, 0.8297653198210534]",0,Normal-2354.png
754800,0,113.66153987279844,0.8698207829043642,"[0.0036582946777204196, 0.006835937499973923, 0.007537841796846245, 0.024551391601468842, 0.05031967163066742, 0.03412246704088546, 0.012969970703075524, 0.005901336669899363, 0.8541030883756481]",0,Normal-2452.png
2026230,0,232.02463383683954,0.6545881474797316,"[0.007564544677705519, 0.016555786132749346, 0.015304565429629118, 0.06013107299781749, 0.16644287109311506, 0.10210800170859487, 0.03173065185534771, 0.01781463623040079, 0.5823478698708254]",0,Normal-3281.png
1130925,0,169.90209148727982,0.8114228500559797,"[0.0058174133300559335, 0.010501861572225563, 0.009353637695276818, 0.03208541870104948, 0.08626937866178028, 0.05266571044901784, 0.019195556640551774, 0.009574890136682224, 0.7745361328095454]",0,Normal-1458.png
1707735,0,221.20648468077295,0.7587540117177556,"[0.008136749267547086, 0.016395568847593706, 0.014305114746039179, 0.04200363159163664, 0.10250473022421834, 0.0656127929684997, 0.025749206542870523, 0.014015197753852786, 0.7112770080539274]",0,Normal-3353.png
860625,0,68.6297700587084,0.8938722482454827,"[0.0040054321288909706, 0.006717681884739999, 0.006347656249975786, 0.01814270019524329, 0.04113388061507746, 0.025497436523340234, 0.011001586914020532, 0.005653381347634684, 0.8815002441372624]",0,Normal-3082.png
950130,0,146.3954485689824,0.8596598526154938,"[0.004074096679671959, 0.007953643798797785, 0.006820678710911481, 0.02331924438467667, 0.06134033203101601, 0.03951263427719302, 0.01345443725580805, 0.006633758544896569, 0.8368911743132137]",0,Normal-642.png
1095990,0,111.37460631727004,0.7813942565221191,"[0.004543304443342043, 0.01056289672847533, 0.010334014892538703, 0.03799438476548006, 0.10591506957967409, 0.06724548339818098, 0.020725250244061563, 0.012237548828078317, 0.7304420471163542]",0,Normal-3300.png
1298460,1,203.43272994129154,0.7313750196073886,"[0.00809478759762537, 0.01651763916009324, 0.01370239257807273, 0.04890441894512594, 0.10309219360312236, 0.09013748168910928, 0.032985687255733545, 0.022529602050695305, 0.6640357971166075]",0,Normal-33.png
1214310,0,98.2410867172211,0.8247246022213224,"[0.004470825195295445, 0.008926391601528449, 0.007434844970674763, 0.02756881713856671, 0.08411788940397599, 0.04896926879864132, 0.01615905761712586, 0.00918960571285557, 0.7931632995575212]",0,Normal-1878.png
312120,0,69.01405791340508,0.9190428265250224,"[0.0020713806152264733, 0.004051208496078295, 0.0035133361816272225, 0.01438140869135139, 0.03404998779283886, 0.026172637939353285, 0.008411407470671038, 0.0041885375976402715, 0.9031600952113984]",0,Normal-501.png
1338495,0,137.064793297456,0.7613941961323766,"[0.005332946777323406, 0.011611938476518204, 0.010459899902303848, 0.039833068847504295, 0.1178588867183004, 0.07107543945285387, 0.02169799804679223, 0.01200866699214169, 0.7101211547824473]",0,Normal-520.png
1087320,0,104.17294520547942,0.8174893478328031,"[0.003925323486313151, 0.008911132812466006, 0.007827758789032638, 0.029758453369027105, 0.08647537231412325, 0.05282974243143909, 0.016960144042904052, 0.010604858398397045, 0.7827072143524829]",0,Normal-985.png
517650,0,77.34717465753424,0.9147687702548937,"[0.002571105957021442, 0.004585266113263759, 0.004108428955062453, 0.015174865722598362, 0.03923416137680346, 0.024059295654205094, 0.00843048095699909, 0.004077911376937569, 0.897758483883294]",0,Normal-1259.png
716550,0,118.98263973825831,0.9357081019630211,"[0.002426147460928245, 0.003910064697250709, 0.0036544799804548093, 0.011783599853470673, 0.02871322631824984, 0.01609039306634487, 0.00494003295896553, 0.0022888183593662687, 0.9261932373011543]",0,Normal-408.png
564825,0,61.93460662304305,0.9364434125213602,"[0.002845764160145394, 0.0064086914062255525, 0.002906799316395161, 0.011726379394486517, 0.017204284667903122, 0.02136993408194973, 0.008583068847623507, 0.009422302246057807, 0.9195327758753985]",0,Normal-332.png
463845,0,57.56548893101761,0.9141658903553765,"[0.002555847167959, 0.004505157470685939, 0.004360198974592742, 0.01446914672846043, 0.03781890869126198, 0.02462768554678105, 0.008697509765591822, 0.004501342773420329, 0.898464202877432]",0,Normal-534.png
387600,0,40.36247095156557,0.9203804151537145,"[0.003047943115222748, 0.006427764892553605, 0.004390716552717625, 0.013572692871041974, 0.027023315429584412, 0.022296905517493068, 0.010761260986287075, 0.006343841552710175, 0.9061355590785746]",0,Normal-458.png
1090380,0,103.66300758317023,0.8060102312483379,"[0.003856658935532163, 0.008762359619107199, 0.008075714111297318, 0.03073501586902338, 0.095878601073853, 0.055820465087677684, 0.016403198242124925, 0.009044647216762371, 0.7714233398408072]",0,Normal-1080.png
1186515,0,239.2423250978473,0.8389659707114151,"[0.004783630371075502, 0.008922576904262838, 0.007232666015597409, 0.025657653808495873, 0.0643310546872546, 0.05007171630840274, 0.015289306640566675, 0.007843017578095081, 0.8158683776824346]",0,Normal-2327.png
1459365,0,192.12003501100781,0.8237589328883494,"[0.005111694335918, 0.010406494140585303, 0.008293151855437114, 0.029602050781137076, 0.0764923095700207, 0.047714233398255486, 0.015697479247986992, 0.008140563964812697, 0.7985420227020319]",0,Normal-1293.png
879240,0,175.09034445327788,0.8988551047952031,"[0.0035018920898303913, 0.006450653076147268, 0.0050544738769338435, 0.018062591552665472, 0.04495620727521913, 0.02835845947254807, 0.009586334228479055, 0.005058288574199454, 0.8789710998501626]",0,Normal-108.png
1232670,0,99.95067881604696,0.8846436500688935,"[0.003738403320298239, 0.006397247314428721, 0.006282806396460408, 0.019809722900315057, 0.04965209960918559, 0.02802276611317435, 0.010589599609334603, 0.005577087402322475, 0.8699302673306658]",0,Normal-459.png
1011330,0,175.6207115337573,0.8452881818649821,"[0.004970550537090414, 0.00852584838863935, 0.0073890686034874375, 0.025405883788965584, 0.06889724731419031, 0.04640197753888549, 0.014823913574162201, 0.008026123046844382, 0.8155593872039201]",0,Normal-784.png
2560965,0,413.1094858427103,0.6837973365310861,"[0.009353637695276818, 0.01881790161125634, 0.013076782226512616, 0.05256271362284636, 0.14046478271430793, 0.08548736572233014, 0.02717971801747444, 0.014690399169865835, 0.6383666992163148]",0,Normal-3000.png
389385,0,59.64852923189822,0.9040393517708574,"[0.00272750854491147, 0.004787445068341112, 0.0052909851074016915, 0.01694488525384161, 0.043411254882646896, 0.026607513427632876, 0.009799957275353242, 0.004806518554669165, 0.8856239318813872]",0,Normal-1525.png
1076865,0,109.99009295499019,0.786091442559965,"[0.0049858093261528555, 0.010482788085897511, 0.00970458984371298, 0.036800384521343994, 0.1043510437007738, 0.0641517639157709, 0.02121734619132531, 0.012142181396438056, 0.7361640930147698]",0,Normal-1663.png
373065,0,47.96994251467711,0.936347542177865,"[0.0027809143066300167, 0.004261016845686871, 0.004467010498029835, 0.010585784912068992, 0.022850036621006584, 0.015525817871034523, 0.007419586181612321, 0.0037918090820167854, 0.9283180236780993]",0,Normal-412.png
848895,0,144.4024354818982,0.8053760945551014,"[0.004882812499981373, 0.01004791259761792, 0.009479522705041963, 0.03394317626940176, 0.08728027343716704, 0.057971954345481976, 0.019195556640551774, 0.010089874267539635, 0.7671089172334018]",0,Normal-463.png
873375,0,91.67026969178083,0.8811640047267936,"[0.0032997131347530374, 0.00621414184567942, 0.006927490234348573, 0.020992279052654297, 0.048297882079893883, 0.03203201293933093, 0.012413024902296397, 0.005569458007791254, 0.8642539977994375]",0,Normal-928.png
484245,0,77.089583842955,0.8739399774186691,"[0.0033950805663932986, 0.006721496582005609, 0.006496429443334593, 0.022434234619055044, 0.053192138671672086, 0.03872299194321166, 0.013935089111274966, 0.007148742675753979, 0.847953796383484]",0,Normal-1030.png
666315,0,75.02007399706457,0.916572876168714,"[0.0034179687499869614, 0.0061340332031016, 0.0048332214355284375, 0.015270233154238623, 0.027862548828018713, 0.020915985107342085, 0.009140014648402634, 0.005519866943338318, 0.9069061279262279]",0,Normal-2601.png
903465,0,148.07425697162427,0.7398119770778772,"[0.007308959960909619, 0.01431655883783601, 0.014400482177679442, 0.05021286010723033, 0.1031455993648409, 0.08296585082976163, 0.03292083740221816, 0.017578124999932946, 0.6771507263157762]",0,Normal-1328.png
987870,0,116.34525593199606,0.8559889134716152,"[0.004028320312484633, 0.007545471191377466, 0.006023406982398898, 0.0240249633788146, 0.06913375854465816, 0.041580200195153884, 0.012439727783155672, 0.006954193115207847, 0.8282699584929342]",0,Normal-2520.png
965430,0,183.22120382827788,0.8078408712514618,"[0.005317687988260964, 0.010707855224568527, 0.00918960571285557, 0.03300094604479598, 0.0861625671383432, 0.059562683105241536, 0.019405364990160347, 0.011123657226520067, 0.765529632565439]",0,Normal-890.png
1082985,0,139.66219728473575,0.854131281412942,"[0.004245758056624429, 0.008171081542937579, 0.006519317626928256, 0.023303985595614227, 0.0636405944821791, 0.04429244995100291, 0.013759613037056886, 0.007495880126924531, 0.8285713195769173]",0,Normal-2524.png
1074315,0,174.71758806262227,0.817063893299949,"[0.005043029785137012, 0.010173797607383064, 0.008460998535123974, 0.03084945678699169, 0.0845947265621773, 0.054431915282995486, 0.017990112304618874, 0.009941101074180827, 0.778514862057577]",0,Normal-245.png
1239810,0,115.58663313356163,0.8856681562399183,"[0.0037231445312357974, 0.006465911865209709, 0.006259918212866745, 0.01984405517570555, 0.04766082763653694, 0.027454376220598393, 0.010208129882773559, 0.005210876464823872, 0.8731727600064347]",0,Normal-608.png
471240,0,70.29054549902153,0.9317431033157535,"[0.002620697021474378, 0.004959106445293582, 0.003089904785144463, 0.011196136474566664, 0.028419494628797837, 0.021347045898356065, 0.008480072021452026, 0.00493621826169992, 0.9149513244594003]",0,Normal-2555.png
988890,0,125.88064915606653,0.9022777467532133,"[0.0035400390624864956, 0.00604629516599256, 0.004909515380840647, 0.01914596557609884, 0.044910430908031804, 0.02939987182605972, 0.009132385253871413, 0.004943847656231141, 0.8779716491665727]",0,Normal-2081.png
1097520,0,131.03928418542077,0.8672386616434574,"[0.0035667419433457687, 0.006786346435520987, 0.005241394042948756, 0.022167205810462314, 0.06627273559545031, 0.03660583496079786, 0.01073074340816219, 0.005523681640603928, 0.8431053161588932]",0,Normal-2057.png
657390,0,64.64398085861056,0.8912295538461531,"[0.0035285949706896644, 0.006038665771461339, 0.006164550781226484, 0.020057678222579735, 0.04541778564435799, 0.027622222900285254, 0.01123809814448838, 0.005767822265602998, 0.8741645812954935]",0,Normal-3500.png
2135370,0,304.7816857265167,0.7327774873990855,"[0.009578704833947835, 0.016201019287047574, 0.012241363525343928, 0.044239044189284364, 0.11500549316362378, 0.07470321655244941, 0.025516510009668286, 0.014789581298771707, 0.6877250671360484]",0,Normal-3066.png
661215,0,90.30855170621328,0.8911220285318495,"[0.003261566162096933, 0.00629806518552285, 0.0058479309081808165, 0.019470214843675726, 0.04974365234356024, 0.031879425048706514, 0.010959625244098816, 0.005344390869120238, 0.8671951293912231]",0,Normal-2869.png
884340,0,129.3358151908023,0.9168350713373159,"[0.0034599304199086764, 0.005809783935524712, 0.0038604736327977735, 0.013050079345653342, 0.03404998779283886, 0.02467727661123399, 0.00835800170895249, 0.004806518554669165, 0.9019279479946063]",0,Normal-107.png
1808970,0,244.15258836839533,0.8071281062270829,"[0.0077629089355172615, 0.01422119140619575, 0.0113182067870662, 0.03514862060533467, 0.08062744140594243, 0.05552673339822568, 0.020225524902266596, 0.011627197265580645, 0.7635421752900561]",0,Normal-700.png
671670,0,91.73244098581212,0.89791552732276,"[0.003200531005847166, 0.005947113037086688, 0.004817962646465996, 0.01600646972650144, 0.04090118408187522, 0.029571533203012194, 0.010257720947226495, 0.005519866943338318, 0.8837776184048317]",0,Normal-1580.png
1216350,0,85.13006818737766,0.7994179599215486,"[0.004215240478499545, 0.008739471435513537, 0.009090423583949698, 0.03319168090807651, 0.09836959838829662, 0.053760528564248046, 0.017059326171809924, 0.009128570556605802, 0.7664451599091856]",0,Normal-1365.png
595680,0,55.48708109099804,0.8951849122159429,"[0.0037193298339701867, 0.0071716308593476425, 0.005428314208963668, 0.017654418945245155, 0.03685760498032815, 0.028903961181530366, 0.01285934448237282, 0.007667541503877001, 0.8797378540005503]",0,Normal-414.png
1199520,0,128.57277397260273,0.7559450779911221,"[0.0052070617675582615, 0.011550903320268436, 0.011497497558549891, 0.039730072021332816, 0.11182785034137029, 0.06745910644505516, 0.022281646728430627, 0.011940002441360701, 0.7185058593722591]",0,Normal-1614.png
1804125,0,189.22650134540115,0.7390099789974559,"[0.008998870849575047, 0.015819549560486527, 0.01293945312495064, 0.045372009277170666, 0.10935592651325471, 0.07968139648407103, 0.029388427734262892, 0.01615905761712586, 0.6822853088352879]",0,Normal-867.png
918510,0,187.35049229452062,0.869406593166618,"[0.0038185119628760585, 0.006931304931614184, 0.0060691833495862225, 0.021511077880777316, 0.05953979492164787, 0.038036346435401776, 0.011692047119096024, 0.0056648254394315155, 0.8467369079557543]",0,Normal-1850.png
1151835,0,111.90462940313111,0.870629676981362,"[0.0034980773925647806, 0.0074234008788779315, 0.005939483642555468, 0.020496368408124938, 0.05414962768534031, 0.03487396240221072, 0.01125335693355082, 0.005992889404274014, 0.8563728332486863]",0,Normal-1078.png
1066665,0,185.59864619006842,0.8290437738100217,"[0.0046463012695135255, 0.008964538574184553, 0.007671356201142611, 0.028476715087781993, 0.07731246948212694, 0.05049896240215111, 0.014625549316350458, 0.008815765380825746, 0.7989883422821084]",0,Normal-1389.png
1333140,0,204.90549321183954,0.805238151543265,"[0.005947113037086688, 0.012161254882766108, 0.009174346923793127, 0.03258895874011006, 0.08322906494108875, 0.05669784545876809, 0.01951217651359744, 0.011222839355425939, 0.7694664001435491]",0,Normal-2750.png
853740,0,103.46933861301369,0.8808296098788023,"[0.0038299560546728897, 0.006443023681616047, 0.006504058837865814, 0.019649505615159418, 0.052783966064251765, 0.03072738647449216, 0.011646270751908697, 0.006240844726538693, 0.8621749877896798]",0,Normal-2594.png
974865,0,159.618280638454,0.8621301693857817,"[0.003963470458969255, 0.00833511352535883, 0.005653381347634684, 0.024143218994048525, 0.060443878173597546, 0.04132461547835798, 0.013305664062449242, 0.008640289306607665, 0.8341903686491615]",0,Normal-1397.png
1113840,0,149.6747110445205,0.843830145309269,"[0.0043945312499832365, 0.009181976318324347, 0.0072364807128630195, 0.025257110595606775, 0.06702804565404118, 0.04343414306624056, 0.014366149902288947, 0.007419586181612321, 0.8216819763152249]",0,Normal-3080.png
1188045,0,209.49778314579254,0.6813820262668391,"[0.01004409790035231, 0.023120880126864925, 0.017013549804622597, 0.06554794311498433, 0.12176132202101989, 0.11232376098589963, 0.04389953613264504, 0.03563308715806719, 0.5706558227517293]",0,Normal-2492.png
1396380,0,254.76387062744618,0.748801029595153,"[0.007480621337862089, 0.014003753662055954, 0.0120124816894073, 0.04357528686506815, 0.10955810546833207, 0.07371139526339068, 0.025642395019433432, 0.013687133789010287, 0.7003288269016253]",0,Normal-2556.png
661980,0,80.74051339285714,0.8829024827454749,"[0.0033874511718620776, 0.006702423095677557, 0.006141662597632821, 0.02051162719718738, 0.05162429809550619, 0.03159332275378573, 0.012695312499951572, 0.006202697753882588, 0.8611412048306993]",0,Normal-196.png
1311720,0,292.27101042685905,0.8149062466267906,"[0.006740570068333661, 0.012233734130812707, 0.009475708007776354, 0.03099441528308489, 0.06598281860326392, 0.051498413085741046, 0.020572662353437146, 0.011672973632767971, 0.7908287048309676]",0,Normal-1371.png
893775,0,126.48337359344417,0.8659423245885549,"[0.0046119689941230314, 0.008369445800749322, 0.007617950439424065, 0.024555206298734453, 0.052822113036907876, 0.036907196044781085, 0.01455688476556947, 0.007377624511690607, 0.8431816101042053]",0,Normal-2518.png
715785,0,130.34960555283757,0.9179325491013407,"[0.00306320190428519, 0.004989624023418466, 0.004653930664044747, 0.014736175537053161, 0.032665252685422266, 0.020248413085860256, 0.007698059082001884, 0.004390716552717625, 0.9075546264613816]",0,Normal-1509.png
764745,0,95.66373379403129,0.9087799788241315,"[0.002803802490223679, 0.004673004150372799, 0.004573822021466927, 0.014942169189396125, 0.03904342651352293, 0.0237693786620187, 0.008708953857388653, 0.003929138183578761, 0.8975563049282167]",0,Normal-1833.png
1148520,0,100.98294168909004,0.8750294437207734,"[0.003978729248031697, 0.007396697998018659, 0.0066108703613029065, 0.021518707275308538, 0.05734252929665625, 0.03444671630846235, 0.012191772460890992, 0.005905151367164974, 0.8506088256803489]",0,Normal-347.png
1868640,0,274.7927279537671,0.6602188716387577,"[0.008361816406218102, 0.017173767089778236, 0.01549911499017525, 0.06150436401343725, 0.1586761474603322, 0.10385894775351005, 0.03401565551744837, 0.017593383788995387, 0.5833168029762904]",0,Normal-1805.png
947580,0,148.95867477984342,0.8285837861276982,"[0.004878997802715763, 0.009380340576136091, 0.008209228515593685, 0.030864715576054136, 0.07573318481416422, 0.05023574829082399, 0.017341613769465098, 0.009433746337854638, 0.7939224243133777]",0,Normal-2717.png
1014900,0,185.5707558708415,0.8550153017084703,"[0.0037536621093606807, 0.007251739501925461, 0.006874084472630027, 0.025478363037012182, 0.06459426879858171, 0.043327331542803466, 0.013122558593699941, 0.007312774658175229, 0.8282852172819966]",0,Normal-657.png
597720,0,80.08053678449117,0.9097399993815211,"[0.0034675598144398973, 0.006397247314428721, 0.004875183105450153, 0.014621734619084847, 0.03232192993151733, 0.02637100219716503, 0.011005401611286143, 0.008552551269498625, 0.8923873901333146]",0,Normal-3376.png
943500,0,95.89037273727982,0.7976789897112596,"[0.004470825195295445, 0.009906768798790334, 0.009338378906214377, 0.03218841552722096, 0.09603881835900864, 0.060688018798596616, 0.01881027221672512, 0.010581970214803383, 0.7579765319795304]",0,Normal-3114.png
843540,0,86.50531280577299,0.8684619232417039,"[0.003963470458969255, 0.007553100585908687, 0.007495880126924531, 0.02334213256827033, 0.058048248290794184, 0.035270690917834205, 0.013645172119088573, 0.006771087646458545, 0.8439102172819369]",0,Normal-2713.png
949110,0,107.65474406800391,0.9249613984962848,"[0.0033073425292842584, 0.005050659179668233, 0.004165649414046609, 0.01286315917963843, 0.026592254638570432, 0.015705108642518215, 0.006336212158178954, 0.002986907958972981, 0.9229927062953072]",0,Normal-1806.png
1182945,0,173.423801369863,0.8464362145026919,"[0.004505157470685939, 0.009391784667932923, 0.006328582763647733, 0.0232582092284269, 0.06879806518528443, 0.042602539062337484, 0.013530731201120258, 0.006961822509739067, 0.8246231079070105]",0,Normal-2391.png
1272450,0,210.5649844055773,0.8579809812981314,"[0.004795074462872333, 0.008811950683560135, 0.005844116210915206, 0.02349853515616036, 0.061893463134529515, 0.04172897338851269, 0.01234817504878102, 0.007488250732393309, 0.8335914611784607]",0,Normal-2487.png
1038105,0,177.16742218077292,0.844096253667494,"[0.004589080810529369, 0.008407592773405427, 0.006782531738255377, 0.025264739990137997, 0.06942749023411016, 0.04749679565411569, 0.015254974365176182, 0.008232116699187346, 0.8145446777312677]",0,Normal-1501.png
747405,0,105.03588628302349,0.8970333547973817,"[0.0037078857421733555, 0.00630187988278846, 0.005229949951151924, 0.0180740356444623, 0.04449462890608027, 0.03140258789050521, 0.010715484619099748, 0.00578689575193105, 0.874286651607993]",0,Normal-857.png
675495,0,67.3955250122309,0.903970075934288,"[0.0036315917968611465, 0.007438659667940373, 0.005313873290995354, 0.017330169677668265, 0.034729003906117516, 0.02682113647450706, 0.011127471923785676, 0.006683349609349505, 0.8869247436489603]",0,Normal-1828.png
1254855,0,210.86127079256363,0.8721451703841989,"[0.0038185119628760585, 0.007198333740206915, 0.005332946777323406, 0.022346496581946006, 0.055656433105256434, 0.03892517089828901, 0.00970458984371298, 0.004989624023418466, 0.852027893063156]",0,Normal-2260.png
1501440,0,113.90070404231898,0.7657457771577246,"[0.004615783691388642, 0.011173248290973003, 0.009860992431603008, 0.03745269775376338, 0.11399459838823701, 0.06946182250950064, 0.021320343017496794, 0.011829376220658, 0.7202911376925648]",0,Normal-2834.png
1395360,0,179.47649752323872,0.8213661451960146,"[0.004356384277327131, 0.009323120117151935, 0.007331848144503281, 0.02674865722646046, 0.07989501953094522, 0.05175018310527134, 0.015296936035097896, 0.007095336914035433, 0.7982025146453926]",0,Normal-452.png
468690,0,56.98273911448139,0.8944671996489608,"[0.004138946533187336, 0.007282257080050345, 0.006092071533179886, 0.018417358398367244, 0.03605651855454996, 0.027881622314346766, 0.013233184814402645, 0.007476806640596478, 0.8794212341275046]",0,Normal-506.png
2337585,0,362.6851493701076,0.7946647933750138,"[0.008129119873015865, 0.01439666748041383, 0.009063720703090425, 0.03565979003892647, 0.08280181884734038, 0.05653381347634684, 0.017768859863213467, 0.010547637939412888, 0.7650985717744251]",0,Normal-1752.png
1124040,0,105.45938952421722,0.7867253361034903,"[0.004180908203109051, 0.00953292846676051, 0.00875854492184159, 0.03406906127916691, 0.10612106323201705, 0.060585021972425136, 0.018257141113211604, 0.01064300537105315, 0.7478523254366003]",0,Normal-1881.png
777750,0,115.83852892612524,0.8630356847508526,"[0.0035400390624864956, 0.006702423095677557, 0.007266998290987903, 0.024669647216702766, 0.05782699584938878, 0.03718566894517065, 0.01362991333002613, 0.006198883056616978, 0.842979431149128]",0,Normal-2324.png
454665,0,61.479803693737765,0.9044183034800843,"[0.002773284912098796, 0.00519180297849582, 0.0051383972167772735, 0.016315460205015887, 0.04237365722640086, 0.027381896972551795, 0.009391784667932923, 0.005386352539041952, 0.8860473632778699]",0,Normal-1298.png
1053405,0,162.11807424168293,0.7932965645916183,"[0.005500793457010266, 0.010517120361288004, 0.010158538818320623, 0.035827636718613325, 0.0894165039059089, 0.0584182739255584, 0.020893096923748425, 0.010780334472615127, 0.7584877014131222]",0,Normal-1292.png
1218390,0,189.68360139432482,0.8393341921580753,"[0.005004882812480908, 0.009162902831996295, 0.0077285766601267675, 0.026355743408102584, 0.0721817016598809, 0.044727325439282505, 0.014518737792913365, 0.008060455322234877, 0.8122596740691671]",0,Normal-29.png
879750,0,109.69088643590996,0.8978409151737334,"[0.0031051635742069044, 0.0058174133300559335, 0.005550384521463202, 0.0184745788573514, 0.042095184326011295, 0.026096343994041076, 0.009571075439416614, 0.004505157470685939, 0.8847846984829529]",0,Normal-1084.png
513570,0,44.23048403864969,0.904901459530805,"[0.0034713745117055076, 0.007003784179660783, 0.004791259765606723, 0.01618576049798513, 0.0337715148924493, 0.025085449218654306, 0.011970520019485585, 0.006961822509739067, 0.8907585144008989]",0,Normal-284.png
852210,0,80.52431659735811,0.9316179096586088,"[0.003059387207019579, 0.0048332214355284375, 0.0038719177245946047, 0.011791229248001895, 0.02495956420888916, 0.015613555908143563, 0.00638580322263189, 0.0036506652831891986, 0.9258346557581869]",0,Normal-432.png
945030,0,99.44788099315069,0.9317877281075755,"[0.002944946289051266, 0.004615783691388642, 0.0031547546386598404, 0.009822845458946903, 0.027893066406143596, 0.01490783691400563, 0.005428314208963668, 0.002792358398426848, 0.9284400939905989]",0,Normal-2061.png
753525,0,68.05172532411937,0.8937151848936559,"[0.004261016845686871, 0.008483886718717637, 0.0060691833495862225, 0.01874160766594413, 0.03743362426743532, 0.03265380859362543, 0.013671874999947846, 0.008117675781219033, 0.8705673217740227]",0,Normal-1969.png
1381590,0,100.70666432240702,0.884924362964612,"[0.00391769409178193, 0.006671905517552673, 0.006233215332007472, 0.020584106445233976, 0.04696273803693023, 0.026878356933491217, 0.009799957275353242, 0.005439758300760499, 0.873512268063074]",0,Normal-1011.png
1342575,0,288.1006719361546,0.8149424144931718,"[0.005970001220680351, 0.011249542236285211, 0.008308410644499555, 0.029178619384654318, 0.08018112182586601, 0.051498413085741046, 0.016788482665951582, 0.00979614257808763, 0.7870292663544196]",0,Normal-267.png
1076355,0,151.7492011680528,0.832733074583305,"[0.0043945312499832365, 0.009006500244106267, 0.007308959960909619, 0.027446746826067174, 0.07908630371063581, 0.04811477661114458, 0.015598297119081122, 0.008186340332000022, 0.8008575439422575]",0,Normal-335.png
784635,0,117.2257178021037,0.8818091972626874,"[0.0040054321288909706, 0.00672531127927122, 0.006183624267554536, 0.020984649658123074, 0.05305862426737572, 0.03321456909167017, 0.012058258056594625, 0.006454467773412878, 0.8573150634732921]",0,Normal-2730.png
986340,0,96.12130014677105,0.7764863686968067,"[0.005802154540993492, 0.01269149780268596, 0.010570526123006551, 0.04179000854476246, 0.08927917480434693, 0.07339859008761063, 0.02641296386708674, 0.017635345458917102, 0.7224197387667755]",0,Normal-2728.png
1163310,0,169.26566322162424,0.8300694292643415,"[0.005004882812480908, 0.009498596191370015, 0.007606506347627233, 0.02970123291004295, 0.07621002197236552, 0.050884246825977766, 0.01684951782220135, 0.009895324706993502, 0.794349670407126]",0,Normal-2301.png
1673820,0,255.61201993639915,0.7747373301955588,"[0.007106781005832265, 0.013160705566356045, 0.010543823242147279, 0.04041290283187709, 0.09608840942346157, 0.06758117675755469, 0.021224975585856534, 0.012664794921826688, 0.7312164306612731]",0,Normal-1586.png
724965,0,125.07819379892369,0.873082044906563,"[0.004234313964827597, 0.007144927978488369, 0.0069160461425517425, 0.021179199218669207, 0.05094909667949314, 0.03455352783189944, 0.013183593749949709, 0.005802154540993492, 0.8560371398893126]",0,Normal-537.png
318750,0,86.32972266389433,0.8987906903439202,"[0.003013610839832254, 0.005558013915994422, 0.00553512573240076, 0.018516540527273116, 0.03990173339828529, 0.03140258789050521, 0.011913299560501429, 0.00613021850583599, 0.8780288696255568]",0,Normal-27.png
337875,0,78.60535408512722,0.9109542696570624,"[0.003059387207019579, 0.004955291748027972, 0.004760742187481839, 0.015182495117129583, 0.03515624999986589, 0.026535034179586275, 0.010696411132771696, 0.0051040649413867795, 0.8945503234829156]",0,Normal-2399.png
1104405,0,134.31881421232876,0.8412299971035866,"[0.004817962646465996, 0.00911331176754336, 0.007335662841768891, 0.026523590087789446, 0.07212829589816235, 0.04536056518537384, 0.014354705810492115, 0.008026123046844382, 0.8123397827117449]",0,Normal-2681.png
806055,0,123.8155080418297,0.9308097591189568,"[0.002773284912098796, 0.004425048828108119, 0.0032730102538937643, 0.012424468994093229, 0.032821655273312295, 0.01839065551750797, 0.0054435729980261095, 0.003295898437487427, 0.9171524047816576]",0,Normal-745.png
1115880,0,161.48168037548925,0.8356726150375531,"[0.004772186279278671, 0.009208679199183622, 0.00799942016598511, 0.028083801269424117, 0.07433319091768519, 0.04547500610334215, 0.015434265136659872, 0.008029937744109993, 0.8066635131805165]",0,Normal-3164.png
975630,0,156.63596196183954,0.8109568201308742,"[0.00493621826169992, 0.010189056396445507, 0.009040832519496762, 0.03389358520494883, 0.08354949951140003, 0.05664062499978393, 0.01856994628899166, 0.009860992431603008, 0.7733192443818157]",0,Normal-953.png
474555,0,64.29907656555773,0.8739354731477741,"[0.0035858154296738213, 0.007205963134738137, 0.007316589355440839, 0.02316284179678664, 0.05486679077127507, 0.03622817993150242, 0.014179229736274035, 0.007381439208956217, 0.8460731506315381]",0,Normal-1523.png
1693965,1,216.26132888943246,0.6820861939218342,"[0.009124755859340191, 0.01952362060539427, 0.014629364013616067, 0.059825897216568655, 0.13197326660105907, 0.10249328613242152, 0.03559112548814548, 0.025402069091699973, 0.6014366149879401]",0,Normal-45.png
708900,0,69.06309625733853,0.8935048465892866,"[0.003967285156234866, 0.0065269470214594765, 0.006443023681616047, 0.020298004150313194, 0.04463958740217346, 0.030555725097539687, 0.011833190917923609, 0.006435394287084826, 0.8693008422818401]",0,Normal-1995.png
824160,0,126.9033336900685,0.8694674236785296,"[0.0035362243652208854, 0.006999969482395172, 0.006626129150365348, 0.023212432861239574, 0.058986663818134354, 0.03754425048813803, 0.012981414794872354, 0.006477355957006541, 0.843635559078813]",0,Normal-1716.png
1333140,0,225.20880855552832,0.8516070565954572,"[0.005100250244121169, 0.009639739990197602, 0.007015228271457613, 0.025020599365138927, 0.06296539306616605, 0.04143524169906069, 0.013423919677683166, 0.007274627685519125, 0.828124999996841]",0,Normal-2560.png
1216860,0,193.92588827054797,0.855179883443935,"[0.003974914550766087, 0.008907318115200395, 0.005481719970682214, 0.023506164550691582, 0.06380081176733474, 0.040233612060393394, 0.011898040771438988, 0.007781982421845314, 0.8344154357878325]",0,Normal-1464.png
1786020,0,313.34398315190805,0.7113562987542399,"[0.008827209472622577, 0.016399383544859317, 0.013484954833932934, 0.04736709594708493, 0.13443374633737779, 0.08395004272428913, 0.028759002685437168, 0.014766693115178043, 0.6520118713354034]",0,Normal-1689.png
1077885,0,113.704218138454,0.8644309311548104,"[0.0035018920898303913, 0.007518768310518193, 0.005401611328104394, 0.023059844970615157, 0.06493377685522105, 0.039966583251800664, 0.012725830078076454, 0.006931304931614184, 0.8359603881804047]",0,Normal-776.png
1100325,0,111.80286050636008,0.8592066538554226,"[0.0036315917968611465, 0.0074577331542684255, 0.006996154785129561, 0.0234031677245201, 0.06105422973609522, 0.03802108764633934, 0.013484954833932934, 0.00655364990231875, 0.8393974304167198]",0,Normal-1815.png
1726350,0,238.44997171599798,0.8290555513277624,"[0.006935119628879795, 0.01234817504878102, 0.00987625122066545, 0.031665802001832326, 0.06005859374977089, 0.04385757446272332, 0.018524169921804334, 0.010200500488242338, 0.8065338134734857]",0,Normal-1113.png
946560,0,146.783096104452,0.8708240696446728,"[0.004180908203109051, 0.007781982421845314, 0.005268096923808028, 0.021938323974525685, 0.05568313598611571, 0.04100799560531231, 0.01268768310542035, 0.008960723876918942, 0.8424911498991299]",0,Normal-2179.png
722160,0,105.47566811399216,0.8927495702204429,"[0.002838134765614173, 0.005252838134745587, 0.004863739013653321, 0.016998291015560156, 0.04697036743146145, 0.02955627441394975, 0.009693145751916148, 0.0044441223144361715, 0.8793830871548485]",0,Normal-1355.png
1122000,0,119.0471119740704,0.8740468360046846,"[0.004318237304671027, 0.007698059082001884, 0.006881713867161248, 0.02290344238272513, 0.05053710937480722, 0.03522872924791249, 0.013381958007761452, 0.0071868896484100836, 0.8518638610807348]",0,Normal-497.png
1136790,0,91.90706029843443,0.79764519727135,"[0.004058837890609517, 0.008960723876918942, 0.008476257324186415, 0.03237533569323587, 0.09791564941368898, 0.06102371215797034, 0.017890930175713003, 0.008937835693325279, 0.7603607177705369]",0,Normal-2468.png
444720,0,90.64344575587086,0.8917378011981936,"[0.002582550048818273, 0.005981445312477182, 0.005184173583964599, 0.019134521484302006, 0.04325866699202248, 0.034519195556508946, 0.012744903564404506, 0.0061035156249767165, 0.8704910278287106]",0,Normal-388.png
961860,0,159.80380840264186,0.8471719885623883,"[0.0050201416015433495, 0.008716583251919874, 0.006652832031224621, 0.026012420654197645, 0.06759643554661714, 0.046852111816227525, 0.015560150146425018, 0.008220672607390515, 0.8153686523406396]",0,Normal-374.png
1273470,0,251.00791952054797,0.8180174038472141,"[0.00545501708982294, 0.0108070373534744, 0.007652282714814559, 0.029685974120980507, 0.07801818847626488, 0.05411148071268421, 0.01729202270501216, 0.009887695312462282, 0.7870903015106694]",0,Normal-3408.png
341700,0,80.28895547945206,0.9183922721360357,"[0.0026283264160055987, 0.0047492980956850075, 0.0042228698730307655, 0.014522552490178975, 0.030906677245975848, 0.02477645874013986, 0.009944915771446438, 0.005554199218728812, 0.9026947021449939]",0,Normal-628.png
1356600,0,224.1314823874755,0.8158214228404654,"[0.006904602050754911, 0.011531829833940384, 0.007865905761688744, 0.03234481811511099, 0.07994842529266377, 0.05603408813455187, 0.018688201904225585, 0.011646270751908697, 0.7750358581513404]",0,Normal-2528.png
2151435,0,233.21611653008807,0.6093358024474422,"[0.009693145751916148, 0.020618438720624473, 0.01805877685539986, 0.06760787963841397, 0.18373870849539284, 0.1137351989741755, 0.03963088989242695, 0.021141052246013103, 0.5257759094218224]",0,Normal-2932.png
1472880,1,233.4619618395303,0.8197457244388912,"[0.00579452514646227, 0.0115737915038621, 0.007385253906221827, 0.029346466064341176, 0.08355331420866564, 0.057674407958764363, 0.016384124755796873, 0.011013031005817363, 0.7772750854462537]",0,Normal-1094.png
416670,0,49.42030791340508,0.9267996734383026,"[0.002555847167959, 0.0038948059081882675, 0.0038261413574072795, 0.012447357177686892, 0.030265808105353294, 0.022296905517493068, 0.008045196533172434, 0.004535675048810823, 0.9121322631801142]",0,Normal-1364.png
1139085,0,118.56086793664385,0.8863344025653058,"[0.003295898437487427, 0.006927490234348573, 0.006099700927711106, 0.0200080871581268, 0.05209350585917628, 0.031242370605349568, 0.010490417480428732, 0.005733489990212504, 0.8641090393033443]",0,Normal-1261.png
1101855,0,81.34566108121328,0.8060119582469059,"[0.0035209655761584435, 0.007514953613252583, 0.007774353027314093, 0.03202819824206532, 0.0986900329586079, 0.0562629699704885, 0.015869140624939465, 0.008010864257781941, 0.7703285217255771]",0,Normal-653.png
1213545,0,117.33262368517613,0.7935229185399059,"[0.004379272460920795, 0.009815216064415683, 0.008445739746061531, 0.034172058105338396, 0.0981445312496256, 0.06106948852515766, 0.018447875976492126, 0.010162353515586234, 0.7553634643525873]",0,Normal-1984.png
878220,0,88.3841502568493,0.8152197427218142,"[0.003940582275375593, 0.008777618408169641, 0.008228302001921737, 0.03160095214831695, 0.08806228637661719, 0.05813980102516884, 0.0179634094237596, 0.010025024414024258, 0.7732620239228315]",0,Normal-3404.png
881280,0,147.01083200831707,0.8546302318169249,"[0.0045280456542796015, 0.008460998535123974, 0.006988525390598341, 0.025241851806544334, 0.06140899658179699, 0.0430450439451483, 0.015460968017519146, 0.008037567138641214, 0.8268280029265334]",0,Normal-1724.png
1123785,0,139.12869220890408,0.8210430626161194,"[0.004997253417949687, 0.01064300537105315, 0.008289337158171503, 0.030872344970585355, 0.08344650268522855, 0.05047988891582306, 0.018497467040945063, 0.009391784667932923, 0.783382415768496]",0,Normal-2522.png
738480,0,118.44376452421722,0.857455009164346,"[0.004650115966779136, 0.010040283203086699, 0.007164001464816421, 0.023696899413972104, 0.043464660644365445, 0.04460144042951736, 0.017765045165947856, 0.012001037597610469, 0.8366165161100898]",0,Normal-970.png
1215585,0,104.48601088551858,0.7790598911844436,"[0.004478454589826666, 0.009654998779260043, 0.009666442871056875, 0.036659240722516404, 0.1064262390132659, 0.0630187988278846, 0.019546508788987935, 0.010887145996052219, 0.7396621704073346]",0,Normal-767.png
1290300,0,138.24480950342462,0.8863597932682544,"[0.004070281982406348, 0.007034301757785666, 0.006748199462864883, 0.020347595214766128, 0.04106140136703086, 0.025897979736229332, 0.010120391845664519, 0.004722595214825735, 0.8799972534146118]",0,Normal-1756.png
881025,0,123.77941153987274,0.8419947929958954,"[0.004070281982406348, 0.007499694824190141, 0.007545471191377466, 0.027534484863176212, 0.07449722290010644, 0.042144775390464226, 0.013839721679634705, 0.0068664550780988065, 0.8160018920867309]",0,Normal-558.png
792540,1,116.08517306751466,0.84190227586804,"[0.004356384277327131, 0.00843811035153031, 0.007690429687470663, 0.030006408691291783, 0.06424713134741117, 0.05013275146465251, 0.017715454101494922, 0.009860992431603008, 0.8075523376434038]",0,Normal-2146.png
1484100,0,196.87373486423678,0.8239885187478975,"[0.006175994873023315, 0.011234283447222769, 0.00818252563473441, 0.029392242431528503, 0.07705307006806544, 0.049533843993951665, 0.016933441162044777, 0.009326934814417546, 0.7921676635711968]",0,Normal-2042.png
1978290,0,424.0554213551858,0.747426022815148,"[0.008697509765591822, 0.01729583740227777, 0.01209259033198512, 0.0462951660154484, 0.10185623168906457, 0.07511520385713533, 0.02587509155263567, 0.018962860107349537, 0.6938095092746971]",0,Normal-1075.png
918000,0,96.70169168908997,0.7719991044938375,"[0.005004882812480908, 0.011188507080035444, 0.010353088378866756, 0.03807449340805788, 0.10529327392537959, 0.07327270507784549, 0.021923065185463244, 0.013580322265573194, 0.7213096618624828]",0,Normal-1431.png
368220,0,49.3945618272994,0.949477007031103,"[0.0015640258789002836, 0.0030441284179571373, 0.0023345947265535944, 0.008171081542937579, 0.02078628540031133, 0.014400482177679442, 0.005424499511698057, 0.002700805664052197, 0.9415740966760957]",0,Normal-3205.png
1143165,1,122.99322712818004,0.7823286512479268,"[0.00587463378904009, 0.01344680786127683, 0.010509490966756784, 0.03587722778306626, 0.08626556396451467, 0.06947326660129748, 0.024070739746001928, 0.016105651855407313, 0.7383766174288239]",0,Normal-2001.png
1036575,0,95.42873195939333,0.8780786635190743,"[0.004062652587875127, 0.006736755371068051, 0.007179260253878863, 0.02197647094718179, 0.046768188476384094, 0.0293540954588724, 0.011432647705034512, 0.005641937255837852, 0.8668479919400526]",0,Normal-2523.png
1197735,0,185.0514004403131,0.8127305766936337,"[0.005458831787088551, 0.01090240478511466, 0.008892059326137954, 0.03221511840808023, 0.08282089233366843, 0.05379867553690415, 0.01831436157219576, 0.011188507080035444, 0.7764091491669601]",0,Normal-188.png
675495,0,79.54841150929549,0.8663166790163088,"[0.0035896301269394315, 0.006877899169895637, 0.007099151611301043, 0.024887084960842562, 0.05916595458961805, 0.03868865966782117, 0.01405334472650889, 0.006549835205053139, 0.8390884399382054]",0,Normal-1682.png
1115880,0,172.93316184564577,0.8549589887049287,"[0.0059509277343522985, 0.010593414306600215, 0.009418487548792195, 0.02715301513661517, 0.05062484741191625, 0.03832244873032256, 0.01745605468743341, 0.010116577148398908, 0.8303642272917543]",0,Normal-1629.png
1749045,0,263.1934281739237,0.8146403100650408,"[0.005062103271465064, 0.009769439697228358, 0.008029937744109993, 0.028881072997936703, 0.07865524291962182, 0.05177688598613061, 0.015697479247986992, 0.008274078369109062, 0.7938537597625966]",0,Normal-370.png
2427090,1,345.3416134112034,0.5923534954125442,"[0.010601043701131435, 0.020969390869060633, 0.019058227538989798, 0.07230758666964604, 0.1864662170403043, 0.12059020996047748, 0.0387763977049302, 0.021263122558512638, 0.5099678039531328]",0,Normal-503.png
406470,0,77.20703889432484,0.9191736012066977,"[0.002426147460928245, 0.004627227783185473, 0.0037689208984231226, 0.013740539550728834, 0.031230926513552738, 0.023639678954987947, 0.00911712646480897, 0.0047988891601379435, 0.906650543209432]",0,Normal-3331.png
832065,0,207.73962665117415,0.892965173754435,"[0.0034332275390494033, 0.0061035156249767165, 0.005500793457010266, 0.018959045410083926, 0.04198074340804298, 0.029788970947151987, 0.010375976562460419, 0.00519180297849582, 0.8786659240689138]",0,Normal-936.png
1187790,0,160.4233044887476,0.901368834238498,"[0.0033226013183467002, 0.005908966064430584, 0.005187988281230209, 0.017074584960872365, 0.04046249389633002, 0.022899627685459518, 0.00791168212887607, 0.0035858154296738213, 0.893646240230966]",0,Normal-564.png
1422900,0,172.0130526846869,0.8092126372360968,"[0.005828857421852764, 0.0120849609374539, 0.009040832519496762, 0.03270721435534398, 0.08581542968717264, 0.057270050048609654, 0.02008819580070462, 0.01191711425776704, 0.7652473449677839]",0,Normal-1747.png
658410,0,76.15704500978472,0.897432743541221,"[0.003364562988268415, 0.006027221679664508, 0.005691528320290788, 0.018951416015552707, 0.0439605712888948, 0.03058242797839896, 0.011409759521440849, 0.005809783935524712, 0.8742027282681495]",0,Normal-1522.png
1202325,0,148.97839331580235,0.8523508123624046,"[0.0041236877441248945, 0.007381439208956217, 0.006080627441383054, 0.02401733398428338, 0.07170104980441398, 0.041587829589685106, 0.012584686279248868, 0.006137847900367211, 0.8263854980437225]",0,Normal-1987.png
418965,0,69.95902641878669,0.9098839534281378,"[0.002613067626943157, 0.004619598388654253, 0.004566192626935707, 0.015407562255800599, 0.039287567138522, 0.0251197814940448, 0.008827209472622577, 0.004573822021466927, 0.8949851989711952]",0,Normal-2072.png
1311975,0,204.22275562622306,0.8313345869182854,"[0.00562667846677541, 0.010154724121055012, 0.007446289062471595, 0.028160095214736326, 0.0755081176754932, 0.04938888549785847, 0.01670455932610815, 0.00886154174801307, 0.7981491088836741]",0,Normal-2925.png
668100,0,102.44573293786692,0.8750724553112337,"[0.00323486328123766, 0.005825042724587154, 0.007167816162082031, 0.02273559570303827, 0.05132675170878858, 0.03490066528306999, 0.012447357177686892, 0.005653381347634684, 0.85670852660806]",0,Normal-3330.png
1674585,0,184.07960035469665,0.8705994283963516,"[0.005970001220680351, 0.009246826171839726, 0.006504058837865814, 0.020839691162029876, 0.04392623901350431, 0.03140640258777082, 0.011608123779252593, 0.006767272949192935, 0.8637313842740488]",0,Normal-3127.png
1243890,0,153.0521916279354,0.8312707795022151,"[0.004898071289043815, 0.01004409790035231, 0.006927490234348573, 0.026233673095603052, 0.07844924926727886, 0.045688629150216334, 0.015262603759707402, 0.0069503784179422365, 0.8055458068816926]",0,Normal-2994.png
579105,0,81.28457528131113,0.862569330040065,"[0.004978179931621635, 0.008018493652313162, 0.00827026367184345, 0.026187896728415726, 0.06074905395484639, 0.0419883728025742, 0.01720046997063751, 0.010314941406210651, 0.8222923278777226]",0,Normal-1622.png
444720,0,64.1982861423679,0.9097526703982807,"[0.0036621093749860303, 0.005573272705056864, 0.0057640075683373865, 0.01646041870110908, 0.03203582763659654, 0.022521972656164086, 0.010509490966756784, 0.005779266357399828, 0.8976936340297786]",0,Normal-475.png
1585080,0,285.39286860934436,0.8502792634308451,"[0.0055618286132600335, 0.00910186767574653, 0.006431579589819215, 0.02494812011709233, 0.06440734863256681, 0.04006958007797214, 0.011947631835891924, 0.005989074707008404, 0.8315429687468279]",0,Normal-2114.png
474300,0,90.30023085861055,0.8873822406438029,"[0.0033836364745964674, 0.0056648254394315155, 0.00578689575193105, 0.02051544189445299, 0.04769515991192743, 0.03487396240221072, 0.012580871581983257, 0.0063056945800540705, 0.8631935119595978]",0,Normal-156.png
746130,0,77.85111912915846,0.8578401760116788,"[0.0036430358886579777, 0.007419586181612321, 0.00672912597653683, 0.023921966552643118, 0.06601715087865441, 0.04159545898421632, 0.014911651611271242, 0.007251739501925461, 0.8285102844206675]",0,Normal-394.png
1154385,0,184.77159521771034,0.8943631655589508,"[0.0035285949706896644, 0.006870269775364417, 0.004096984863265621, 0.01917648315422372, 0.047954559325988945, 0.02962112426746513, 0.00843048095699909, 0.0043754577636551835, 0.8759460449185335]",0,Normal-1199.png
1023315,0,148.9754617172211,0.8895393305104153,"[0.0035934448242050418, 0.006889343261692469, 0.005920410156227416, 0.019729614257737237, 0.04860687255840833, 0.02733612060536447, 0.009552001953088562, 0.004844665527325269, 0.8735275268521365]",0,Normal-2954.png
448545,0,56.31381482387475,0.9351333449751181,"[0.0019187927246020553, 0.0032844543456905955, 0.00315093994139423, 0.011379241943315967, 0.026695251464741915, 0.018264770507742827, 0.006172180175757705, 0.0026855468749897556, 0.9264488220179502]",0,Normal-1892.png
1093695,0,141.62229773116434,0.8496560407818315,"[0.004989624023418466, 0.009044647216762371, 0.006931304931614184, 0.024997711181545267, 0.06509399414037668, 0.04439163207990878, 0.014789581298771707, 0.008163452148406358, 0.8215980529753815]",0,Normal-1409.png
2400825,0,383.56030990092967,0.6928837998541627,"[0.009948730468712048, 0.017124176025325302, 0.014041900634712058, 0.05000686645488736, 0.13945388793892113, 0.08729553222622949, 0.026889801025288047, 0.013172149658152877, 0.642066955563957]",0,Normal-315.png
360825,0,74.68289811643835,0.9152784874537088,"[0.002349853515616036, 0.004814147949200385, 0.0036849975585796927, 0.013977050781196682, 0.034408569335806244, 0.02758026123036354, 0.009830474853478124, 0.00476837158201306, 0.8985862731899316]",0,Normal-1255.png
1025610,0,144.93151067147747,0.8634202775673125,"[0.0035972595214706525, 0.006660461425755842, 0.005893707275368142, 0.021892547607338362, 0.0596961975095379, 0.04368209838850524, 0.01277160644526378, 0.006858825683567585, 0.8389472961393778]",0,Normal-2368.png
783870,0,144.84838246086105,0.9172408737622855,"[0.0037117004394389658, 0.006229400634741862, 0.0027809143066300167, 0.013156890869090434, 0.040424346923673915, 0.030967712402225615, 0.008682250976529379, 0.005992889404274014, 0.888053894039581]",0,Normal-2725.png
1329570,0,116.32160439090018,0.8846948753311368,"[0.004261016845686871, 0.007007598876926393, 0.006206512451148199, 0.01977920532219017, 0.046203613281073745, 0.02748870849598889, 0.010509490966756784, 0.0059165954589618045, 0.8726272582974525]",0,Normal-2191.png
705330,0,71.91885549168296,0.8846165087570519,"[0.0031280517578005673, 0.005760192871071776, 0.00605010986325817, 0.019878387451096043, 0.052650451659955404, 0.030715942382695326, 0.011203765869097885, 0.005264282226542418, 0.8653488159146677]",0,Normal-2116.png
287130,0,35.54567484099803,0.9359031864387467,"[0.002494812011709233, 0.0053253173827921855, 0.0037307739257670183, 0.011592864990190152, 0.021610260009683187, 0.019538879394456716, 0.009056091308559203, 0.006137847900367211, 0.9205131530726604]",0,Normal-2018.png
1489200,0,146.56636802837568,0.8513453069303817,"[0.004878997802715763, 0.008785247802700862, 0.006774902343724155, 0.02445602416982858, 0.06616973876927883, 0.039546966552583517, 0.011978149414016807, 0.006584167480443633, 0.8308258056608931]",0,Normal-839.png
666825,0,94.01785714285714,0.881774580894272,"[0.003364562988268415, 0.005985260009742793, 0.005908966064430584, 0.021007537841716738, 0.051578521728318866, 0.03232192993151733, 0.011505126953081111, 0.005546569824197592, 0.8627815246549119]",0,Normal-2821.png
1913775,0,270.91792670621334,0.7244453731085314,"[0.007514953613252583, 0.01574707031243993, 0.012538909912061542, 0.04689407348614924, 0.1273498535151392, 0.08218383789031149, 0.025722503662011252, 0.013431549072214386, 0.6686172485326056]",0,Normal-2170.png
1640160,0,242.47385258683948,0.7471680179678823,"[0.007495880126924531, 0.013431549072214386, 0.011302947998003757, 0.043834686279129655, 0.11698532104447561, 0.07485961914033944, 0.024219512939360734, 0.012729644775342065, 0.6951408386203951]",0,Normal-2171.png
974355,0,129.7617760824364,0.8579323518881102,"[0.004673004150372799, 0.009311676025355103, 0.006649017333959011, 0.02520751953115384, 0.06253051757788647, 0.04684066772443069, 0.016387939453062484, 0.010231018066367222, 0.8181686401335977]",0,Normal-60.png
872610,0,95.50640212206459,0.8892355345619158,"[0.004100799560531231, 0.008029937744109993, 0.005229949951151924, 0.01780700683586957, 0.040298461913908776, 0.037441253661966545, 0.012470245361280554, 0.007843017578095081, 0.8667793273892715]",0,Normal-1169.png
942480,0,88.12970125978472,0.7880969248792283,"[0.004657745361310357, 0.01021194458003917, 0.010013580322227426, 0.03834152221665061, 0.09685516357384927, 0.06938934326145405, 0.022171020507727925, 0.013545989990182701, 0.7348136901827438]",0,Normal-1144.png
1959675,0,169.3926392795988,0.5644186633514537,"[0.008037567138641214, 0.01764297485344832, 0.01823043823235233, 0.0723266601559741, 0.21152496337809934, 0.13864517211861174, 0.03908157348617904, 0.020050048828048516, 0.4744606018048307]",0,Normal-3289.png
2134350,0,335.09573370229947,0.656096221233851,"[0.01038742065425725, 0.018962860107349537, 0.01677703857415475, 0.0604629516599256, 0.15508651733339276, 0.09985351562461908, 0.03402328491197958, 0.017417907714777307, 0.5870285034157294]",0,Normal-288.png
935085,0,118.3479314456947,0.8733538260199001,"[0.004741668701153787, 0.00825500488278101, 0.007415771484346711, 0.02197265624991618, 0.047977447509582605, 0.032741546630734475, 0.014015197753852786, 0.0073242187499720605, 0.8555564880338457]",0,Normal-2427.png
2007870,0,276.80119022137967,0.71627863259346,"[0.009143829345668243, 0.01676940917962353, 0.013980865478462293, 0.04737472534161615, 0.1296081542963806, 0.0813484191891428, 0.027164459228412, 0.014442443847601155, 0.6601676940892786]",0,Normal-2281.png
660450,1,82.48725308830724,0.9316407935544443,"[0.0026016235351463256, 0.004043579101547075, 0.002418518066397024, 0.011173248290973003, 0.03602218627915946, 0.019836425781174328, 0.005065917968730675, 0.0028915405273327198, 0.9159469604457247]",0,Normal-775.png
847620,0,143.23369847725044,0.856814859721037,"[0.0036659240722516405, 0.008064270019500486, 0.006015777587867676, 0.02531433105459093, 0.06677246093724529, 0.04267883300764969, 0.014190673828070866, 0.008472442626920805, 0.8248252868620879]",0,Normal-2619.png
1006485,0,230.89945801736792,0.8925693731349794,"[0.003135681152331788, 0.0064926147460689825, 0.004508972167951549, 0.01874160766594413, 0.04505157470685939, 0.033256530761591886, 0.008808135986294525, 0.0044937133788891075, 0.8755111694302539]",0,Normal-1515.png
2620890,0,376.51125244618385,0.6991654566896547,"[0.00894165039059089, 0.017124176025325302, 0.012481689453077385, 0.05000305175762175, 0.13869857788033027, 0.0858383178707663, 0.02477645874013986, 0.012386322021437125, 0.6497497558568964]",0,Normal-2534.png
556410,0,96.21892581947162,0.906154737526913,"[0.0032043457031127763, 0.005237579345683145, 0.0046463012695135255, 0.016155242919860247, 0.03597640991197214, 0.02708816528309979, 0.010070800781211583, 0.004791259765606723, 0.8928298950161253]",0,Normal-1460.png
649740,0,95.0784154843444,0.8941392772278565,"[0.003269195556628154, 0.006229400634741862, 0.005462646484354162, 0.018718719482350467, 0.046180725097480085, 0.02964019775379318, 0.010410308837850912, 0.005271911621073639, 0.8748168945279128]",0,Normal-1660.png
284070,0,44.00220156555772,0.9045529219134706,"[0.0032577514648313224, 0.006576538085912412, 0.005142211914042884, 0.016574859619077398, 0.03166961669909794, 0.027481079101457667, 0.01293945312495064, 0.007209777832003747, 0.8891487121548113]",0,Normal-407.png
1074315,0,105.66292349559689,0.8481866864250442,"[0.0030784606933476314, 0.007030487060520055, 0.00561904907224419, 0.0245361328124064, 0.07389068603487438, 0.04729080200177272, 0.011707305908158465, 0.0071868896484100836, 0.8196601867644513]",0,Normal-802.png
595425,0,96.61354880136984,0.891011132416775,"[0.002964019775379318, 0.005760192871071776, 0.00579071044919666, 0.018859863281178054, 0.04608154296857421, 0.02938461303699728, 0.010631561279256319, 0.004966735839824803, 0.8755607604947069]",0,Normal-403.png
1028160,0,173.68744648972594,0.8177556816645106,"[0.004859924316387711, 0.009983062744102543, 0.008045196533172434, 0.030170440673713033, 0.08466339111295829, 0.05395507812479418, 0.018177032470633785, 0.010093688964805246, 0.780052185055618]",0,Normal-2709.png
1124295,0,158.8127446183953,0.8477742510041332,"[0.004577636718732537, 0.008918762206997227, 0.006614685058568517, 0.025707244872948808, 0.0721092224118343, 0.04156112670882583, 0.013671874999947846, 0.006919860839817353, 0.8199195861785129]",0,Normal-1656.png
2177190,0,326.72952849804307,0.5529611401082496,"[0.009502410888635626, 0.02256011962882019, 0.020122528076095113, 0.07382965087862461, 0.20194625854415152, 0.1365547180170572, 0.041957855224449316, 0.02375030517569065, 0.46977615356266106]",0,Normal-2961.png
1069215,0,155.204137873043,0.8444183719243603,"[0.004520416259748381, 0.008640289306607665, 0.006717681884739999, 0.026554107665914328, 0.06760406494114836, 0.051124572753711225, 0.015026092529239555, 0.009048461914027982, 0.8107643127410478]",0,Normal-2931.png
622455,0,78.78381849315069,0.8703423383517432,"[0.004558563232404485, 0.008239746093718567, 0.008396148681608597, 0.023658752441316, 0.04549789428693581, 0.03232574462878294, 0.014831542968693422, 0.00816726684567197, 0.8543243408170534]",0,Normal-1142.png
956250,0,147.5860521648728,0.8663813651858615,"[0.0036888122558453034, 0.007362365722628165, 0.005378723144510732, 0.020187377929610492, 0.05997085571266185, 0.04079055786117252, 0.011024475097614195, 0.006267547607397966, 0.845329284664744]",0,Normal-2172.png
1571820,0,214.1675139126712,0.8481376203288553,"[0.005355834960917069, 0.008907318115200395, 0.008113861083953422, 0.029106140136607717, 0.06875610351536271, 0.04006958007797214, 0.012313842773390525, 0.006210327148413809, 0.8211669921843675]",0,Normal-2642.png
1013370,0,100.44191841976516,0.878266525914504,"[0.0035591125488145478, 0.006450653076147268, 0.00595474243161791, 0.019294738769457646, 0.051719665527146456, 0.032421112060423196, 0.010700225830037307, 0.005046844482402623, 0.8648529052701384]",0,Normal-1683.png
860115,0,126.80135075220154,0.8814952145317818,"[0.0039024353027194885, 0.006542205810521918, 0.005977630615211572, 0.020507812499921767, 0.0510787963865239, 0.032283782958861224, 0.01142120361323768, 0.005416870117166836, 0.8628692626920209]",0,Normal-398.png
1858695,0,280.16234252690793,0.7051247152587675,"[0.010341644287069924, 0.01752853393548001, 0.016719818115170593, 0.05339813232401505, 0.1286621093745092, 0.08487701415983247, 0.03189468383776896, 0.01829528808586771, 0.6382827758764714]",0,Normal-2265.png
1194165,0,230.87610078277885,0.8836593685825606,"[0.004627227783185473, 0.007686614990205053, 0.004623413085919863, 0.017406463622980473, 0.04705047607403927, 0.03219985961901779, 0.008895874023403565, 0.005203247070292651, 0.8723068237271412]",0,Normal-660.png
575790,0,83.63011405332679,0.8798504927859797,"[0.003047943115222748, 0.00553512573240076, 0.0056648254394315155, 0.022148132324134262, 0.05357360839823313, 0.035190582275256385, 0.011634826660111867, 0.005741119384743724, 0.8574638366666509]",0,Normal-2979.png
594405,0,91.91336686643837,0.9168803210542467,"[0.002563476562490221, 0.003963470458969255, 0.0036354064941267568, 0.013545989990182701, 0.035705566406113796, 0.02342224121084815, 0.007686614990205053, 0.003303527832018648, 0.9061737060512307]",0,Normal-1288.png
1154385,0,83.669635212818,0.8938056802218496,"[0.003414154052721351, 0.005893707275368142, 0.00604629516599256, 0.01883697509758439, 0.04159545898421632, 0.026363372802633806, 0.009735107421837863, 0.004390716552717625, 0.8837242126431132]",0,Normal-2238.png
982260,0,184.85466609589045,0.8280289866787406,"[0.004432678222639341, 0.009040832519496762, 0.007499694824190141, 0.028591156005750306, 0.07940673828094709, 0.055316925048617106, 0.016151428222594636, 0.009048461914027982, 0.7905120849579219]",0,Normal-3450.png
1097265,0,180.04726868272994,0.8378200881896569,"[0.00476837158201306, 0.009719848632775422, 0.0073547363280969434, 0.026550292968648716, 0.07144546508761808, 0.04715347290021075, 0.01549911499017525, 0.009407043456995366, 0.8081016540496517]",0,Normal-509.png
2051985,0,318.2005259295499,0.7627196543369519,"[0.0077285766601267675, 0.013889312744087641, 0.011417388915972071, 0.04400634765608213, 0.10583496093709627, 0.06953430175754724, 0.02221679687491525, 0.013477325439401713, 0.7118949890109562]",0,Normal-2641.png
961860,0,116.19075648238747,0.8906288291928212,"[0.004184722900374661, 0.007034301757785666, 0.007095336914035433, 0.019660949706956247, 0.03892517089828901, 0.025405883788965584, 0.0113182067870662, 0.005756378173806166, 0.8806190490689063]",0,Normal-3351.png
1834215,0,260.97267153864965,0.7736655187597306,"[0.007884979248016797, 0.013645172119088573, 0.010707855224568527, 0.0400886535643002, 0.10140609741172253, 0.06496810913061155, 0.021560668945230253, 0.011173248290973003, 0.7285652160616738]",0,Normal-3126.png
545445,0,121.23613319471625,0.8950360846348091,"[0.00340652465819013, 0.0072708129882535135, 0.005428314208963668, 0.020503997802656156, 0.04363632202131791, 0.03667449951157885, 0.013519287109323428, 0.009571075439416614, 0.859989166256485]",0,Normal-358.png
1589415,0,255.2230078889432,0.777907212629345,"[0.006996154785129561, 0.01277160644526378, 0.011432647705034512, 0.03926467895492834, 0.10291671752890427, 0.06829071044895824, 0.022689819335850944, 0.011280059814410095, 0.7243576049777055]",0,Normal-257.png
934830,0,98.69509845890408,0.859162233817939,"[0.0037307739257670183, 0.00740814208981549, 0.006366729736303838, 0.0225639343260858, 0.06698608398411947, 0.04030227661117438, 0.012512207031202269, 0.006290435790991629, 0.8338394165007254]",0,Normal-2746.png
900660,0,157.66205968688843,0.8331272209744139,"[0.005161285400370936, 0.009471893310510742, 0.009094238281215307, 0.029823303222542483, 0.07659149169892658, 0.04869461059551737, 0.017425537109308525, 0.00944519042965147, 0.7942924499481419]",0,Normal-3402.png
1279335,0,171.96567315924656,0.8661750198279552,"[0.004261016845686871, 0.0076599121093457795, 0.006038665771461339, 0.021003723144451127, 0.059024810790790465, 0.038467407226415756, 0.011295318603472536, 0.005638122558572242, 0.8466110229459891]",0,Normal-742.png
1023825,0,122.91212084148724,0.8741876513614607,"[0.0036735534667828615, 0.007015228271457613, 0.00527954101560486, 0.019039154052661746, 0.057945251464622705, 0.033763885497918075, 0.011234283447222769, 0.005599975585916138, 0.8564491271939985]",0,Normal-2255.png
527085,0,62.860024767612536,0.8797538723682309,"[0.004081726074203179, 0.008106231689422202, 0.006362915039038227, 0.02145385742179316, 0.03947830200180252, 0.034408569335806244, 0.016120910644469754, 0.008995056152309437, 0.8609924316373405]",0,Normal-2054.png
1422645,0,202.33954179916827,0.7557416648428142,"[0.007633209228486507, 0.01344680786127683, 0.012096405029250731, 0.04323959350569443, 0.10633850097615685, 0.0726547241208166, 0.026767730712788512, 0.014755249023381213, 0.7030677795383337]",0,Normal-1426.png
1060800,0,157.2981516022505,0.8353339213149554,"[0.004741668701153787, 0.008159637451140749, 0.006919860839817353, 0.027305603027239587, 0.07698059082001885, 0.0471000671384922, 0.014205932617133309, 0.0070190429687232245, 0.8075675964324662]",0,Normal-2212.png
491640,0,75.78052378913895,0.8841114899478504,"[0.003856658935532163, 0.007652282714814559, 0.006488800048803372, 0.01932907104484814, 0.038303375243994506, 0.03514099121080345, 0.013557434081979533, 0.00810241699215659, 0.8675689697232529]",0,Normal-158.png
957015,1,141.4926346930039,0.8543210962826066,"[0.003780364990219954, 0.007938385009735342, 0.007556915283174297, 0.025264739990137997, 0.06467437744115953, 0.04067611694320421, 0.013999938964790345, 0.007041931152316887, 0.8290672302214467]",0,Normal-1105.png
1450695,0,209.80320832314092,0.8080638539383148,"[0.005653381347634684, 0.010860443115192945, 0.009571075439416614, 0.034030914306510805, 0.09273529052698999, 0.05647659301736268, 0.018520355224538723, 0.009799957275353242, 0.7623519897431856]",0,Normal-2198.png
1427745,2,227.5097541585127,0.7705204603767274,"[0.005973815917945962, 0.013057708740184564, 0.011528015136674773, 0.03765487670884073, 0.09143447875941682, 0.06661605834935526, 0.023109436035068095, 0.012920379638622588, 0.7377052307100764]",0,Normal-2965.png
391935,0,37.46216059197652,0.928385360492554,"[0.002834320068348563, 0.005252838134745587, 0.003982543945297307, 0.012390136718702736, 0.025497436523340234, 0.018341064453055035, 0.008628845214810834, 0.004959106445293582, 0.9181137084925914]",0,Normal-157.png
1019235,0,152.2453790056262,0.8257429824055308,"[0.004905700683575036, 0.009307861328089494, 0.008281707763640282, 0.03031158447254062, 0.07944107055633758, 0.051013946533008524, 0.01700592041009138, 0.009071350097621646, 0.7906608581512807]",0,Normal-2644.png
1276275,0,158.21187010763208,0.8352424556057122,"[0.004947662353496751, 0.00936508178707365, 0.008323669433561998, 0.028732299804577893, 0.07665252685517635, 0.04602432250959006, 0.015972137451110945, 0.00875854492184159, 0.8012237548797561]",0,Normal-2494.png
2353140,0,308.6779560604207,0.6677837231863069,"[0.008666992187466938, 0.017238616943293615, 0.014865875244083915, 0.05408477783182493, 0.1468811035150647, 0.09754180908165916, 0.0289535522459833, 0.015483856201112808, 0.616283416745696]",0,Normal-2380.png
757860,0,106.76577788649706,0.8905997178829853,"[0.002925872802723214, 0.005641937255837852, 0.005168914794902157, 0.018257141113211604, 0.04632568359357328, 0.030445098876836985, 0.01098251342769248, 0.005123138427714832, 0.8751296997036929]",0,Normal-172.png
1498890,0,241.60232693248528,0.8195359453486236,"[0.005756378173806166, 0.010635375976521928, 0.008148193359343917, 0.02956008911121536, 0.07946014404266563, 0.050529479980275994, 0.01593399047845484, 0.0078124999999701975, 0.7921638488739312]",0,Normal-2002.png
2446215,0,367.2105514615949,0.7823818356769675,"[0.006599426269506075, 0.012901306152294536, 0.008632659912076443, 0.03560638427720792, 0.10416030883749328, 0.057540893554467995, 0.015369415283144495, 0.009052276611293594, 0.7501373290987009]",0,Normal-3269.png
1046520,0,174.893411356409,0.8271562656735268,"[0.00493621826169992, 0.00954055786129173, 0.007987976074188278, 0.028804779052624494, 0.07641220092744289, 0.05264282226542418, 0.016746520996029867, 0.008991241455043826, 0.7939376831024401]",0,Normal-1153.png
1034280,0,82.56618074241683,0.7856531135458825,"[0.004245758056624429, 0.009346008300745598, 0.009262084960902167, 0.03340530395495069, 0.10263824462851472, 0.06304168701147826, 0.01866149902336631, 0.009407043456995366, 0.7499923706026077]",0,Normal-2392.png
887655,0,80.63813295009783,0.8768921235480384,"[0.003982543945297307, 0.007549285888643077, 0.006759643554661714, 0.022094726562415713, 0.05468368530252577, 0.034519195556508946, 0.013019561767528458, 0.0073051452636440075, 0.8500862121549603]",0,Normal-3322.png
684675,0,92.36406097113507,0.8713133338166873,"[0.0037879943847511748, 0.007225036621066189, 0.007511138915986972, 0.023803710937409194, 0.05177688598613061, 0.034648895263539696, 0.013748168945260054, 0.006965637207004678, 0.8505325317350367]",0,Normal-103.png
602820,0,70.53266420009783,0.8946957446367655,"[0.0033836364745964674, 0.005233764648417534, 0.006084442138648664, 0.01879501342766268, 0.047657012939271326, 0.029319763183481902, 0.010547637939412888, 0.005073547363261896, 0.873905181881432]",0,Normal-2390.png
1044225,0,96.0742340386497,0.798230750371389,"[0.004081726074203179, 0.009410858154260975, 0.0094566345214483, 0.03458786010728993, 0.09176254272425932, 0.06226730346655934, 0.01940917968742596, 0.010608673095662656, 0.7584152221650756]",0,Normal-456.png
1183455,0,172.55448110322894,0.8462548007309545,"[0.004791259765606723, 0.009166717529261906, 0.007759094238251651, 0.027320861816302028, 0.06657409667943354, 0.04330825805647542, 0.01472473144525633, 0.0071182250976290955, 0.8192367553679686]",0,Normal-1307.png
490875,0,62.52096838307239,0.935820381132508,"[0.0020828247070233045, 0.003967285156234866, 0.0034370422363150135, 0.01123046874995716, 0.028598785400281528, 0.01755905151360489, 0.006591796874974854, 0.0033226013183467002, 0.9232101440394469]",0,Normal-1795.png
1040400,0,190.4679320572407,0.8490581330081755,"[0.004150390624984167, 0.007968902587860226, 0.006935119628879795, 0.025253295898341164, 0.06228256225562179, 0.04036712646468976, 0.013183593749949709, 0.0060005187988052345, 0.8338584899870535]",0,Normal-1601.png
624750,0,44.533589163405075,0.9595681300750695,"[0.0019264221191332763, 0.002838134765614173, 0.0019454956054613284, 0.005165100097636546, 0.017154693603450184, 0.008960723876918942, 0.0034027099609245195, 0.0017929077148369106, 0.9568138122522094]",0,Normal-683.png
953700,0,155.55033787915846,0.7908807994790606,"[0.005130767822246052, 0.010326385498007483, 0.00970840454097859, 0.03347778320299729, 0.09588241577111861, 0.06380081176733474, 0.01939773559562913, 0.011329650878863031, 0.7509460449190103]",0,Normal-2867.png
852975,0,128.31790453767124,0.8443315527665745,"[0.003913879394516319, 0.007793426513642145, 0.006355285644507006, 0.025566101074121224, 0.07157516479464883, 0.047386169433412985, 0.014659881591740951, 0.007148742675753979, 0.8156013488738418]",0,Normal-1056.png
787440,0,126.16969636741683,0.858553592378927,"[0.004779815673809891, 0.007957458496063394, 0.007865905761688744, 0.025424957275293637, 0.06063842773414368, 0.04017257690414363, 0.01514816284173909, 0.007511138915986972, 0.8305015563933162]",0,Normal-2000.png
873375,0,80.64954592710369,0.9039747122807795,"[0.003414154052721351, 0.0061035156249767165, 0.005485534667947824, 0.01720046997063751, 0.03912734985336636, 0.02638244628896186, 0.010242462158164052, 0.00562667846677541, 0.8864173889126342]",0,Normal-620.png
2336820,0,539.3592450464776,0.7123415796760376,"[0.010272979736288936, 0.019851684570236772, 0.015434265136659872, 0.047630310058412055, 0.11096954345660794, 0.07704544067353422, 0.02767944335926941, 0.017635345458917102, 0.673480987546259]",0,Normal-1980.png
883575,0,128.74629250244615,0.8576708340709804,"[0.004035949707015854, 0.007221221923800578, 0.006580352783178023, 0.02350234985342597, 0.06526947021459477, 0.040294647216643165, 0.012653350830029856, 0.006248474121069914, 0.8341941833464271]",0,Normal-1463.png
924120,0,123.86704990215263,0.897411604088378,"[0.003200531005847166, 0.005611419677712969, 0.004508972167951549, 0.015205383300723246, 0.045185089111155756, 0.026756286620991682, 0.008617401123014002, 0.004325866699202248, 0.8865890502895867]",0,Normal-1280.png
795855,0,100.72060374877684,0.8561595991890627,"[0.0036239624023299256, 0.00757980346676796, 0.006923675537082963, 0.02299118041983417, 0.060852050781017866, 0.04073715209945397, 0.01370239257807273, 0.006454467773412878, 0.8371353149382128]",0,Normal-134.png
926925,0,115.80441230430527,0.8580785804987376,"[0.004108428955062453, 0.007503509521455751, 0.006946563720676625, 0.02411651611318925, 0.0662689208981847, 0.039943695068207004, 0.013713836669869561, 0.006668090820287063, 0.8307304382292529]",0,Normal-1012.png
1464975,0,221.31284399461836,0.8549479172051605,"[0.006061553955055002, 0.010368347167929198, 0.007904052734344849, 0.023624420165925503, 0.05772018432595169, 0.035049438476428794, 0.013515472412057817, 0.00979232788082202, 0.8359642028776704]",0,Normal-3444.png
863430,0,111.23815129647748,0.920504333136026,"[0.0026702880859273137, 0.004505157470685939, 0.004699707031232072, 0.01533126831048839, 0.03396224975572982, 0.018775939941334623, 0.006320953369116512, 0.0033226013183467002, 0.9104118347133239]",0,Normal-3139.png
1192125,0,177.27224880748523,0.8081566521174651,"[0.006145477294898432, 0.010688781738240475, 0.010074615478477194, 0.03235626220690782, 0.08104705810515958, 0.05395507812479418, 0.01855087280266361, 0.01091003417964588, 0.7762718200653981]",0,Normal-2443.png
1114095,0,201.96808494373784,0.8496670541967242,"[0.004608154296857421, 0.008956909179653331, 0.006507873535131424, 0.02510833740224797, 0.0655746459958436, 0.04349899291975594, 0.01448440551752287, 0.007614135742158454, 0.8236465454070143]",0,Normal-1717.png
924630,0,104.63970003669274,0.8879728048494202,"[0.004096984863265621, 0.007495880126924531, 0.006355285644507006, 0.020446777343672, 0.044853210449047644, 0.03277206420885936, 0.012554168701123984, 0.0071182250976290955, 0.864307403561156]",0,Normal-679.png
870060,0,108.046301675636,0.9006873214198736,"[0.0034904479980335597, 0.005779266357399828, 0.005489349365213434, 0.017681121826104425, 0.04062271118148566, 0.02461242675771861, 0.009777069091759578, 0.004470825195295445, 0.8880767822231748]",0,Normal-1013.png
421770,0,50.92215784001956,0.901057943912152,"[0.0035743713378769896, 0.007282257080050345, 0.006061553955055002, 0.017688751220635648, 0.03219223022448657, 0.02631378173818087, 0.013015747070262849, 0.007469177246065257, 0.8864021301235717]",0,Normal-2005.png
457980,0,72.80129341976517,0.8971679594062476,"[0.0030097961425666433, 0.0056800842284939574, 0.005584716796853696, 0.01823043823235233, 0.04222106933577644, 0.029968261718635678, 0.011470794677690617, 0.005233764648417534, 0.8786010742153983]",0,Normal-3441.png
1181925,0,167.66433769569477,0.8415702822682762,"[0.004875183105450153, 0.009605407714807107, 0.007038116455051277, 0.02783966064442505, 0.06917190551731425, 0.048160552978331904, 0.015960693359314115, 0.00953674316402612, 0.8078117370574653]",0,Normal-909.png
1213545,0,193.50689135885514,0.8352656266209576,"[0.0052070617675582615, 0.00962066650386955, 0.007545471191377466, 0.025154113769435296, 0.07299804687472153, 0.04599380493146517, 0.014457702636663598, 0.00816726684567197, 0.8108558654754224]",0,Normal-3318.png
1209720,0,179.31968948752447,0.8451110833546205,"[0.005050659179668233, 0.00937271118160487, 0.007011413574192003, 0.02512359619131041, 0.06694412231419775, 0.042949676513508034, 0.01480484008783415, 0.008239746093718567, 0.8205032348601513]",0,Normal-3286.png
1236750,0,168.21273773850294,0.8395248327506669,"[0.0052223205566207034, 0.009414672851526586, 0.007190704345675695, 0.025840759277245176, 0.07173156738253886, 0.04831314086895632, 0.014774322509709266, 0.007465362548799647, 0.810047149655113]",0,Normal-3118.png
570435,0,60.862891389432484,0.8937126183266246,"[0.002693176269520976, 0.005176544189433378, 0.00553894042966637, 0.01832580566399259, 0.046874999999821185, 0.028671264648328126, 0.010364532470663587, 0.004734039306622566, 0.8776206970181365]",0,Normal-419.png
1044735,0,168.66773942025443,0.8314150695211017,"[0.004581451415998148, 0.009056091308559203, 0.007801055908173366, 0.02707290649403735, 0.07542800903291538, 0.04990768432598149, 0.015296936035097896, 0.007907867431610458, 0.802947998043812]",0,Normal-1714.png
778260,0,84.1130519202544,0.9297761191005549,"[0.003089904785144463, 0.0059509277343522985, 0.0036964416503765243, 0.012676239013623518, 0.022529602050695305, 0.017204284667903122, 0.008033752441375603, 0.005035400390605791, 0.9217834472621087]",0,Normal-1424.png
590070,0,140.25155562010758,0.9325215570590487,"[0.0019149780273364449, 0.005165100097636546, 0.0022163391113196704, 0.010452270507772627, 0.023090362548740043, 0.022274017333899405, 0.006362915039038227, 0.0057830810546654395, 0.9227409362757769]",0,Normal-34.png
1395615,0,212.1187469422701,0.806181723046002,"[0.005252838134745587, 0.01089859008784905, 0.00800704956051633, 0.032798767089718635, 0.0846672058102239, 0.05809783935524712, 0.01797485351555643, 0.009609222412072719, 0.7726936340302555]",0,Normal-2908.png
692580,0,72.8829424535225,0.9038411682134732,"[0.002647399902333651, 0.004425048828108119, 0.004791259765606723, 0.01676940917962353, 0.042682647704915304, 0.02565002441396465, 0.008762359619107199, 0.0038261413574072795, 0.8904457092251188]",0,Normal-669.png
875160,0,86.89998165362036,0.8773001330544912,"[0.0035247802734240537, 0.005813598632790322, 0.006488800048803372, 0.021175384521403596, 0.051815032958786714, 0.03256225585925079, 0.011680603027299192, 0.00519180297849582, 0.8617477416959314]",0,Normal-959.png
1779135,0,250.43906326443238,0.6914229597190045,"[0.010089874267539635, 0.020965576171795022, 0.015213012695254467, 0.06067657470679978, 0.1139144897456592, 0.10454177856405433, 0.03696441650376524, 0.032745361328000086, 0.6048889160133175]",0,Normal-2069.png
1130670,0,144.55205403008804,0.8483313117840481,"[0.005336761474589016, 0.009170532226527518, 0.007362365722628165, 0.027359008788958132, 0.06694030761693213, 0.045101165771312325, 0.016372680664000043, 0.008647918701138886, 0.813709259030099]",0,Normal-1027.png
1299990,0,179.43741973458904,0.8690501778906202,"[0.004425048828108119, 0.007938385009735342, 0.0059165954589618045, 0.022739410400303882, 0.05581665039041207, 0.03618621826158071, 0.010921478271442712, 0.00613021850583599, 0.8499259948698047]",0,Normal-1595.png
1097265,0,169.4959523299902,0.8207963084735485,"[0.004875183105450153, 0.010089874267539635, 0.007808685302704587, 0.030361175536993554, 0.08130645751922108, 0.051479339599413, 0.018447875976492126, 0.009555816650354172, 0.7860755920380169]",0,Normal-1000.png
1903065,0,283.4269164322407,0.6263631736651911,"[0.011707305908158465, 0.024059295654205094, 0.02008819580070462, 0.06425476074194239, 0.14661407470647195, 0.11175537109332369, 0.04526901245099919, 0.029712677001839778, 0.5465393066385401]",0,Normal-411.png
1054170,0,186.54623287671234,0.8055176348978766,"[0.004386901855452015, 0.010871887206989776, 0.008052825927703657, 0.03083419799792925, 0.09084320068324721, 0.05643081665017536, 0.018577575683522883, 0.00954055786129173, 0.7704620361298734]",0,Normal-105.png
1760775,0,293.3091250305774,0.7124035385266307,"[0.008224487304656126, 0.01585388183587702, 0.01438903808588261, 0.05118179321269538, 0.12380218505812148, 0.08301162719694896, 0.027782440185440894, 0.015373229980410106, 0.6603813171361527]",0,Normal-2993.png
1245420,0,172.4874633072407,0.8618405654517726,"[0.004573822021466927, 0.008548736572233014, 0.00621414184567942, 0.021839141845619813, 0.06215667724585664, 0.035671234130723296, 0.011779785156205064, 0.006851196289036365, 0.8423652648893647]",0,Normal-3447.png
1949730,0,226.0468673556751,0.7008946159580415,"[0.007881164550751186, 0.015880584716736295, 0.013492584228464154, 0.05264282226542418, 0.14801025390568537, 0.08464813232389584, 0.0276756286620038, 0.016063690185485598, 0.6337051391577389]",0,Normal-451.png
455175,0,57.17958047945204,0.9002379415337635,"[0.0036849975585796927, 0.006752014160130493, 0.00587081909177448, 0.017700195312432478, 0.03447723388658723, 0.02553939819326195, 0.012386322021437125, 0.006591796874974854, 0.886997222897007]",0,Normal-1214.png
1109760,0,258.17074746208414,0.8379504015345671,"[0.005008697509746518, 0.010433197021444575, 0.008068084716766098, 0.02775192260731601, 0.06675720214818284, 0.04770278930645865, 0.01667404174798327, 0.010253906249960884, 0.8073501586883264]",0,Normal-968.png
830535,0,123.54559839774952,0.8314931531137071,"[0.004337310790999079, 0.009132385253871413, 0.008575439453092287, 0.02943420410145022, 0.07493972778291726, 0.04594421386701224, 0.01624298095696929, 0.008609771728482781, 0.8027839660613907]",0,Normal-2471.png
703035,0,99.5547027886497,0.8627915264917866,"[0.003261566162096933, 0.006603240966771685, 0.006744384765599272, 0.023715972900300156, 0.05731582641579698, 0.038539886474462354, 0.013439178466745609, 0.006393432617163111, 0.8439865112272492]",0,Normal-666.png
854250,0,127.71619297333659,0.8595027161848408,"[0.0048561096191221, 0.007980346679657057, 0.007198333740206915, 0.026111602783103517, 0.05954360961891348, 0.045082092284984276, 0.01626205444329734, 0.00970840454097859, 0.823257446285922]",0,Normal-2607.png
2323305,0,280.25620719178073,0.6139122293493646,"[0.009986877441368152, 0.020130157470626332, 0.018592834472585324, 0.06254959106421451, 0.1825180053703975, 0.10937499999958276, 0.035186767577990774, 0.01924514770500471, 0.5424156188944153]",0,Normal-2896.png
895815,0,110.57207833904106,0.8515284719011585,"[0.004127502441390505, 0.008483886718717637, 0.006767272949192935, 0.02471160888662448, 0.06637954711888741, 0.0423545837400728, 0.015094757080020543, 0.008472442626920805, 0.8236083984343582]",0,Normal-2815.png
372810,0,104.05122462084148,0.8905306867924574,"[0.0027122497558490287, 0.00587081909177448, 0.005607604980447358, 0.019695281982346744, 0.041854858398277836, 0.034351348876822084, 0.012805938720654273, 0.006809234619114649, 0.8702926635708989]",0,Normal-1074.png
620925,0,68.86439732142858,0.915896003816912,"[0.0029335021972544343, 0.00519943237302704, 0.004383087158186405, 0.013950347900337409, 0.036052703857284346, 0.022544860839757746, 0.009265899658167778, 0.004604339599591811, 0.9010658264125783]",0,Normal-855.png
1732215,0,183.4353213674168,0.8032732747535417,"[0.0075073242187213615, 0.014511108398382143, 0.010341644287069924, 0.0357093811033794, 0.06896209716770568, 0.0550613403318212, 0.0227470397948351, 0.014366149902288947, 0.7707939147919816]",0,Normal-1794.png
535755,0,67.97902397260273,0.9043417032986533,"[0.0027809143066300167, 0.0050544738769338435, 0.004955291748027972, 0.016166687011657077, 0.04116439819320234, 0.02656936645497677, 0.010009765624961815, 0.004665374755841578, 0.8886337280239539]",0,Normal-2740.png
253725,0,31.89832283512721,0.9326641219667207,"[0.002548217773427779, 0.004878997802715763, 0.0042762756347493125, 0.011951446533157533, 0.022602081298741906, 0.01914596557609884, 0.009075164794887255, 0.005100250244121169, 0.9204216003382857]",0,Normal-2372.png
1584825,1,395.43158329256363,0.8498783515020315,"[0.006618499755834127, 0.012042999267532184, 0.007556915283174297, 0.025135040283107243, 0.05046463012676062, 0.04215621948226106, 0.01568222045892455, 0.009754180908165915, 0.8305892944304253]",0,Normal-1615.png
1073805,0,115.0553946000489,0.7838168568707553,"[0.0043754577636551835, 0.009597778320275887, 0.009059906005824814, 0.035995483398300186, 0.10280227661093597, 0.06398773193334965, 0.019561767578050376, 0.010429382324178964, 0.7441902160616143]",0,Normal-1226.png
438600,0,54.513775073385524,0.9287990868689865,"[0.002693176269520976, 0.004848480224590879, 0.004329681396467859, 0.012752532958935728, 0.024608612060453, 0.018436431884695296, 0.008144378662078306, 0.004566192626935707, 0.9196205139125075]",0,Normal-2621.png
904740,0,78.79236102617416,0.8196997982418193,"[0.0038337707519385004, 0.007980346679657057, 0.008205413818328074, 0.028415679931532226, 0.08803176879849231, 0.0519180297849582, 0.015033721923770775, 0.008827209472622577, 0.7877540588348856]",0,Normal-1671.png
964155,0,144.73009800024462,0.8672037195539559,"[0.0035896301269394315, 0.007011413574192003, 0.005672454833962736, 0.023784637451081142, 0.06121444702125086, 0.03899383544907, 0.013252258300730697, 0.006015777587867676, 0.8404655456510908]",0,Normal-3309.png
1340025,0,264.3298679060665,0.6722894392078064,"[0.009841918945274955, 0.018840789794850002, 0.017177581787043848, 0.059295654296648806, 0.1403083801264179, 0.10486602783163121, 0.03802108764633934, 0.025577545165918054, 0.5860710144020612]",0,Normal-1301.png
1006995,0,138.07630565068493,0.8309237370953791,"[0.004817962646465996, 0.009044647216762371, 0.007881164550751186, 0.029655456542855622, 0.07768249511689117, 0.04957199096660777, 0.016151428222594636, 0.009170532226527518, 0.796024322506729]",0,Normal-2613.png
836145,0,120.84716701320937,0.8329395156494714,"[0.004238128662093207, 0.00799942016598511, 0.008056640624969266, 0.028820037841686935, 0.07657241821259853, 0.04536056518537384, 0.01601028442376705, 0.007568359374971129, 0.8053741455047402]",0,Normal-846.png
1279080,0,104.17672914628174,0.8001248926109614,"[0.004875183105450153, 0.009384155273401702, 0.008274078369109062, 0.0315093994139423, 0.09512329101526214, 0.05853271484352671, 0.017620086669854658, 0.010738372802693411, 0.7639427185029452]",0,Normal-299.png
956505,0,131.60914949241683,0.8310541704994101,"[0.006805419921849039, 0.01438140869135139, 0.009136199951137023, 0.02954101562488731, 0.05213546752909799, 0.052413940429487556, 0.022872924804600247, 0.01754760742180806, 0.7951660156219666]",0,Normal-906.png
1239300,0,158.1238839285714,0.8324763796484808,"[0.005226135253886314, 0.009475708007776354, 0.008121490478484645, 0.026763916015522905, 0.07617187499970943, 0.0442886352537373, 0.015621185302674784, 0.008239746093718567, 0.806091308590675]",0,Normal-1071.png
1396635,0,94.63528543908998,0.7825579872438991,"[0.004314422607405417, 0.009487152099573183, 0.009662628173791264, 0.03566360473619208, 0.10491180419881854, 0.0602416992185202, 0.018840789794850002, 0.009780883789025188, 0.7470970153780094]",0,Normal-1436.png
921825,0,136.65634555406064,0.8653372789123519,"[0.005001068115215297, 0.009773254394493967, 0.0062217712402106405, 0.021095275878825776, 0.053184509277140864, 0.04100418090804671, 0.015384674072206936, 0.011257171630816432, 0.8370780944792287]",0,Normal-2616.png
1371135,0,170.9203040912426,0.8302218715286663,"[0.00570678710935323, 0.009765624999962747, 0.007991790771453889, 0.030731201171757767, 0.0754356384274466, 0.051288604736132476, 0.01753616333001123, 0.009651184081994434, 0.7918930053680729]",0,Normal-3200.png
1176570,1,234.7909315374266,0.9066906146959132,"[0.002819061279286121, 0.005390167236307563, 0.0037612915038919017, 0.01661682128899911, 0.037281036376810905, 0.025596618652246106, 0.006347656249975786, 0.003143310546863009, 0.8990440368618048]",0,Normal-3463.png
396015,0,87.91864909491194,0.9098406083834445,"[0.002925872802723214, 0.005142211914042884, 0.004772186279278671, 0.015186309814395194, 0.0356369018553328, 0.02791595458973726, 0.01064682006831876, 0.005340576171854627, 0.8924331665005019]",0,Normal-1899.png
1039890,0,126.79883959148728,0.8615220090635679,"[0.004077911376937569, 0.007225036621066189, 0.005893707275368142, 0.021636962890542462, 0.06339645385718004, 0.037525177001809976, 0.01303100585932529, 0.006404876708959942, 0.8408088684049957]",0,Normal-336.png
678300,0,86.19558005136986,0.8622984198507723,"[0.0038681030273289944, 0.007625579833955285, 0.007743835449189209, 0.02486801147451451, 0.057704925536889246, 0.03826904296860401, 0.015422821044863042, 0.007598876953096013, 0.8368988037077449]",0,Normal-2968.png
1189575,0,147.78261068982388,0.8305208473314857,"[0.004722595214825735, 0.009830474853478124, 0.007293701171847177, 0.02812194824208022, 0.07836914062470104, 0.051311492919726136, 0.016746520996029867, 0.008499145507780078, 0.7951049804657169]",0,Normal-3491.png
320535,0,72.57494496086105,0.9220414565879268,"[0.0017814636230400792, 0.003990173339828529, 0.0033569335937371943, 0.013912200927681305, 0.030956268310428785, 0.025737762451073693, 0.009040832519496762, 0.004425048828108119, 0.9067993164027908]",0,Normal-1536.png
818805,0,142.13317942759298,0.9115837177478611,"[0.002883911132801499, 0.005912780761696194, 0.002700805664052197, 0.01438140869135139, 0.04067611694320421, 0.028568267822156646, 0.0076942443847362735, 0.0056800842284939574, 0.8915023803676929]",0,Normal-617.png
524025,0,79.05866254892366,0.8961417314041883,"[0.00323486328123766, 0.0059165954589618045, 0.005393981933573174, 0.01804733276360303, 0.04349899291975594, 0.028892517089733533, 0.01064300537105315, 0.005393981933573174, 0.8789787292446938]",0,Normal-3268.png
1863285,0,193.6984925391389,0.6101413226536483,"[0.008060455322234877, 0.017665863037041984, 0.017494201660089515, 0.06788635253880353, 0.1860237121574935, 0.12398147582960517, 0.03739547729477922, 0.020210266113204152, 0.5212821960429334]",0,Normal-1265.png
1586355,0,269.2342297578278,0.8267112895983203,"[0.006267547607397966, 0.011066436767535909, 0.008552551269498625, 0.030780792236210705, 0.07281112670870662, 0.048892974853329114, 0.01541137695306621, 0.009559631347619783, 0.7966575622528204]",0,Normal-676.png
1148775,1,92.09422394814091,0.7707436559165374,"[0.005161285400370936, 0.010017395019493036, 0.01013565063472696, 0.03708648681626477, 0.10979080200153431, 0.0675125122067737, 0.020202636718672933, 0.0107345581054278, 0.7293586730929208]",0,Normal-3071.png
1041420,0,116.46522596624264,0.7711435186675785,"[0.004783630371075502, 0.010345458984335535, 0.010295867919882599, 0.03841781616196282, 0.11310958862261539, 0.06442642211889485, 0.020793914794842553, 0.011516571044877943, 0.7263107299776981]",0,Normal-1182.png
749955,0,69.71832956213306,0.8812429500315861,"[0.0035667419433457687, 0.006008148193336456, 0.006519317626928256, 0.020404815673750284, 0.05046844482402622, 0.03123855590808396, 0.012020111083938521, 0.0056800842284939574, 0.8640937805142819]",0,Normal-3448.png
1098030,0,113.67120229941293,0.8667527019439868,"[0.0036544799804548093, 0.007560729980439908, 0.005733489990212504, 0.021141052246013103, 0.05877304077126017, 0.039188385009616133, 0.012741088867138897, 0.006599426269506075, 0.8446083068815436]",0,Normal-302.png
1604460,0,90.39596838307237,0.841574378497093,"[0.004737854003888177, 0.00833511352535883, 0.009326934814417546, 0.028213500976454874, 0.0579795837400132, 0.038730621337742875, 0.01506805419916127, 0.007286071777315955, 0.8303222656218325]",0,Normal-143.png
715530,0,106.88067208904108,0.875847653118085,"[0.003932952880844372, 0.007198333740206915, 0.006252288818335524, 0.02126693725577825, 0.0541458129880747, 0.035888671874863096, 0.012733459472607676, 0.006427764892553605, 0.8521537780729211]",0,Normal-531.png
1447380,0,140.29119526663402,0.8724059481078373,"[0.0045623779296700955, 0.008544921874967403, 0.00613021850583599, 0.023456573486238644, 0.06016159057594238, 0.03434371948229086, 0.011383056640581576, 0.0055618286132600335, 0.8458557128873982]",0,Normal-1534.png
1252815,0,156.29272030944225,0.8616261188195051,"[0.004638671874982305, 0.008327484130827609, 0.006233215332007472, 0.022529602050695305, 0.06346130371069542, 0.039726257324067205, 0.013038635253856512, 0.0065612792968499705, 0.8354835510222035]",0,Normal-1048.png
1036065,0,119.20770395058707,0.8899684000666437,"[0.0036735534667828615, 0.006065368652320612, 0.004859924316387711, 0.01652145385735885, 0.05123901367167954, 0.03024291992175963, 0.009147644042933854, 0.005081176757793117, 0.8731689453091691]",0,Normal-1095.png
1022295,0,106.75237356286692,0.8059781472104045,"[0.003940582275375593, 0.009090423583949698, 0.007793426513642145, 0.03030776977527501, 0.09268951415980267, 0.05820846557594982, 0.017257690429621667, 0.008960723876918942, 0.7717514038056498]",0,Normal-3100.png
770100,0,106.3676882032779,0.8785600826963704,"[0.0038719177245946047, 0.007205963134738137, 0.00621795654294503, 0.021148681640544325, 0.053192138671672086, 0.034599304199086765, 0.01234436035151541, 0.006740570068333661, 0.8546791076627552]",0,Normal-350.png
966960,0,162.5791187622309,0.8471260153878799,"[0.004360198974592742, 0.007938385009735342, 0.006282806396460408, 0.023956298828033615, 0.06941986083957893, 0.04588699340802808, 0.012779235839795, 0.006805419921849039, 0.8225708007781121]",0,Normal-2152.png
1208190,0,96.95660316780821,0.7840309536472684,"[0.004726409912091345, 0.01047515869136629, 0.00944900512691708, 0.03762054443345024, 0.10781097412068248, 0.06463241577123782, 0.020805358886639383, 0.011047363281207857, 0.7334327697725928]",0,Normal-2287.png
1030455,0,98.77224880748528,0.8956023348026837,"[0.003116607666003736, 0.0062561035156011345, 0.004356384277327131, 0.016075134277282428, 0.04616928100568325, 0.027667999267472577, 0.00850296020504569, 0.0039367675781099825, 0.8839187622036594]",0,Normal-1287.png
1935960,0,332.3329485689824,0.7557282041641308,"[0.0074920654296589196, 0.013576507568307585, 0.012878417968700873, 0.04401779174787896, 0.10221099853476634, 0.06597900390599831, 0.02264022827139801, 0.011241912841753991, 0.7199630737277223]",0,Normal-2582.png
751995,0,77.55657182607632,0.8892027538499249,"[0.0031547546386598404, 0.005855560302712038, 0.005393981933573174, 0.01959228515617526, 0.05018997192363667, 0.029830932617073702, 0.010612487792928267, 0.0052070617675582615, 0.870162963863868]",0,Normal-1836.png
896835,0,120.78236607142854,0.8758588951572003,"[0.0036010742187362627, 0.007110595703097875, 0.00553512573240076, 0.02079772949210816, 0.05578613281228719, 0.03713607788071771, 0.011627197265580645, 0.006427764892553605, 0.8519783019987031]",0,Normal-907.png
2268735,0,301.6963368395303,0.6680467503822533,"[0.009555816650354172, 0.018608093261647765, 0.015041351318301996, 0.05633926391580071, 0.15599060058534245, 0.09628677368127332, 0.030906677245975848, 0.01753234863274562, 0.5997390747047434]",0,Normal-1269.png
1227315,0,113.32415759540119,0.8537631590208586,"[0.004215240478499545, 0.008239746093718567, 0.008884429931606734, 0.02759933471669159, 0.05635452270486315, 0.03498840332017903, 0.014663696289006562, 0.006824493408177091, 0.838230133053443]",0,Normal-43.png
1062075,0,135.2873195939334,0.8675664400956395,"[0.0036621093749860303, 0.007450103759737205, 0.006156921386695263, 0.021892547607338362, 0.05934906005836735, 0.03463745117174287, 0.010585784912068992, 0.005722045898415672, 0.8505439758268335]",0,Normal-2073.png
2232015,0,395.78967786815065,0.7613773054358315,"[0.0075759887695023495, 0.01422119140619575, 0.009983062744102543, 0.04360580444319303, 0.1076698303218549, 0.07081222534152674, 0.019992828369064356, 0.0117568969726114, 0.7143821716281342]",0,Normal-2456.png
1065390,0,108.87202253546967,0.7939237168019421,"[0.0042419433593588185, 0.009799957275353242, 0.008293151855437114, 0.033355712890497755, 0.09921646118126214, 0.06665802001927697, 0.01908111572258346, 0.010120391845664519, 0.7492332458467512]",0,Normal-2447.png
707880,0,83.68516848091976,0.8889014930158886,"[0.003288269042956206, 0.006618499755834127, 0.005657196044900294, 0.018196105956961837, 0.04400634765608213, 0.03032684326160306, 0.0115737915038621, 0.005775451660134218, 0.8745574951138513]",0,Normal-3458.png
1009800,0,160.86227219911933,0.867344433493799,"[0.004344940185530301, 0.007907867431610458, 0.007076263427707381, 0.0243530273436571, 0.055335998534945155, 0.0370216369627494, 0.013694763183541509, 0.007255554199191072, 0.8430099487272529]",0,Normal-1188.png
824160,0,109.2182072529354,0.8765990210237354,"[0.003940582275375593, 0.007179260253878863, 0.006515502929662645, 0.020404815673750284, 0.045776367187325376, 0.034832000732289, 0.012931823730419418, 0.006992340087863951, 0.8614273071256201]",0,Normal-1253.png
875925,0,80.30439701565555,0.8712726750677594,"[0.0034370422363150135, 0.006496429443334593, 0.006015777587867676, 0.02222061157218086, 0.05766296386696753, 0.03511428832994418, 0.01293945312495064, 0.006500244140600203, 0.8496131896940246]",0,Normal-187.png
752760,0,79.39106837084147,0.918979106363572,"[0.0031700134277222822, 0.005836486816383986, 0.0036544799804548093, 0.01388168334955642, 0.03437042236315014, 0.026325225829977702, 0.008579254150357898, 0.004631042480451084, 0.8995513915981309]",0,Normal-1331.png
898875,0,186.18320388943243,0.9181828508010105,"[0.0029754638671761493, 0.006401062011694332, 0.004035949707015854, 0.01575469970697115, 0.03283309936510913, 0.025341033935450206, 0.008281707763640282, 0.005737304687478114, 0.8986396789516501]",0,Normal-576.png
1009035,0,121.15854711961838,0.8454484564830337,"[0.004489898681623497, 0.008884429931606734, 0.006706237792943167, 0.02800750732411191, 0.07155227661105518, 0.047657012939271326, 0.014934539794864903, 0.008689880371060601, 0.809078216549648]",0,Normal-2521.png
978945,0,129.36410683708414,0.8762220151558022,"[0.004230499267561987, 0.007022857665988835, 0.005271911621073639, 0.01882171630852195, 0.05624389648416044, 0.033275604247919935, 0.010959625244098816, 0.0051727294921677675, 0.8590011596646919]",0,Normal-2629.png
1687335,0,313.99160653131116,0.7927595848781049,"[0.005924224853493026, 0.012489318847608606, 0.008098602294890981, 0.03194427490222189, 0.09214782714808598, 0.060951232909923735, 0.016639709472592773, 0.01004409790035231, 0.761760711667016]",0,Normal-1958.png
1964265,0,377.9590455295988,0.7535844716133406,"[0.009132385253871413, 0.014289855956976738, 0.011913299560501429, 0.046264648437323516, 0.09983062744102543, 0.06899261474583056, 0.02332687377920789, 0.014057159423774501, 0.7121925353976738]",0,Normal-3468.png
1433610,0,201.66362677348337,0.8177677247884331,"[0.005649566650369074, 0.010467529296835068, 0.00827026367184345, 0.03184127807605041, 0.08463668823209901, 0.05248641967753415, 0.01684951782220135, 0.008937835693325279, 0.7808609008759275]",0,Normal-737.png
755055,0,90.01385151663402,0.9218684881283916,"[0.002647399902333651, 0.005084991455058727, 0.004016876220687801, 0.013591766357370026, 0.035194396972521996, 0.019275665283129594, 0.007015228271457613, 0.0035667419433457687, 0.9096069335902801]",0,Normal-2865.png
546210,0,104.1231882950098,0.8703633400908022,"[0.003944396972641203, 0.006668090820287063, 0.006919860839817353, 0.023712158203034545, 0.05403137207010639, 0.038707733154149215, 0.01498794555658345, 0.007888793945282406, 0.8431396484342837]",0,Normal-993.png
653820,0,97.94343199608609,0.8891806331493315,"[0.002925872802723214, 0.005802154540993492, 0.005611419677712969, 0.01944351196281645, 0.04692077636700851, 0.03237915039050148, 0.011825561523392389, 0.005481719970682214, 0.8696098327603545]",0,Normal-2186.png
932535,0,152.82324409858123,0.8476240184566347,"[0.003959655761703645, 0.007804870605438977, 0.0073394775390345016, 0.02690505981435049, 0.06505966186498618, 0.0446166992185798, 0.015125274658145426, 0.007675170898408221, 0.821514129635538]",0,Normal-1454.png
718845,0,78.79688264432487,0.862068501594616,"[0.004905700683575036, 0.01005172729488353, 0.00817489624020319, 0.02571868896474564, 0.04663848876935334, 0.039245605468600286, 0.01804733276360303, 0.011051177978473468, 0.8361663818327477]",0,Normal-470.png
1098795,0,204.97593184319953,0.8276841451021719,"[0.0050201416015433495, 0.009544372558557342, 0.007968902587860226, 0.029106140136607717, 0.07505798339815117, 0.05339050292948383, 0.016071319580016816, 0.008995056152309437, 0.7948455810516554]",0,Normal-3380.png
997815,0,150.08464560909982,0.8361540646474926,"[0.005264282226542418, 0.009418487548792195, 0.007221221923800578, 0.029014587402233068, 0.06968688964817166, 0.054985046386508994, 0.01815414428704012, 0.00978851318355641, 0.7964668273895398]",0,Normal-2088.png
2326875,0,300.03908543297456,0.5953222368107038,"[0.010124206542930128, 0.02188491821280714, 0.017330169677668265, 0.06653213500951183, 0.18746948242115985, 0.1218414306635977, 0.04073715209945397, 0.02221679687491525, 0.5118637084941411]",0,Normal-809.png
885615,0,155.47793847847356,0.8580648829806008,"[0.004371643066389573, 0.007720947265595547, 0.0072364807128630195, 0.02495956420888916, 0.060173034667739204, 0.040775299072110076, 0.014514923095647754, 0.007675170898408221, 0.8325729370085427]",0,Normal-2872.png
2094570,0,340.2522894752936,0.6671780207545692,"[0.00953292846676051, 0.01900100708000564, 0.01599884033197022, 0.05615997314431701, 0.14477920532171334, 0.09566497802697882, 0.03285217285143718, 0.018882751464771717, 0.6071281433082308]",0,Normal-2504.png
1336200,0,155.9789857509785,0.836579071139179,"[0.005115509033183611, 0.009002685546840658, 0.0070838928222386015, 0.027095794677631013, 0.07151031494113345, 0.04586029052716881, 0.01540374755853499, 0.007904052734344849, 0.8110237121551093]",0,Normal-614.png
2904195,0,254.38895089285714,0.640653262533338,"[0.011234283447222769, 0.022323608398352342, 0.01829910278313332, 0.06047821044898804, 0.13927459716743745, 0.09869384765587351, 0.038459777831884534, 0.02317428588858347, 0.5880622863747098]",0,Normal-3217.png
810645,0,107.67399247798434,0.9132318298250737,"[0.003059387207019579, 0.005134582519511663, 0.004703521728497683, 0.01592254638665801, 0.03487777709947633, 0.022098541259681324, 0.008708953857388653, 0.004085540771468789, 0.9014091491664833]",0,Normal-963.png
1903830,1,319.12131925758314,0.7065044852501824,"[0.007778167724579703, 0.015960693359314115, 0.012378692626905904, 0.04996871948223126, 0.13170242309520072, 0.09099197387660601, 0.02656173706044555, 0.015468597412050367, 0.6491889953588517]",0,Normal-1664.png
774945,0,106.9231133806262,0.8591834760074268,"[0.003967285156234866, 0.007362365722628165, 0.0072021484374725254, 0.02579498291005785, 0.058322906493918136, 0.04020309448226851, 0.015232086181582519, 0.0072708129882535135, 0.8346443176237692]",0,Normal-3149.png
1080945,0,154.4618013087084,0.7989632098505026,"[0.0055618286132600335, 0.010761260986287075, 0.010288238525351379, 0.03603363037095629, 0.09059524536098253, 0.05648803710915951, 0.02059936523429642, 0.011028289794879804, 0.7586441040010122]",0,Normal-830.png
1184730,0,112.8093237830235,0.8691769364726358,"[0.004013061523422191, 0.007190704345675695, 0.006168365478492094, 0.02375793457022187, 0.06261062622046429, 0.03676223754868789, 0.012664794921826688, 0.006954193115207847, 0.8398780822721867]",0,Normal-611.png
1199520,0,205.64206977739724,0.886747127178329,"[0.0043945312499832365, 0.007087707519504213, 0.0061531066894296525, 0.020401000976484677, 0.0455665588377168, 0.02791595458973726, 0.010231018066367222, 0.0052070617675582615, 0.8730430602994039]",0,Normal-1940.png
912135,0,125.02847511007829,0.8691906262353594,"[0.004039764404281465, 0.007282257080050345, 0.005485534667947824, 0.01917648315422372, 0.06153106689429653, 0.037311553954935794, 0.011283874511675705, 0.005332946777323406, 0.8485565185514505]",0,Normal-127.png
1079415,0,178.23341563723085,0.837000969984193,"[0.004741668701153787, 0.009593963623010276, 0.0073394775390345016, 0.027538299560441824, 0.0728034973141754, 0.04846954345684635, 0.01582336425775214, 0.00826263427731223, 0.8054275512664588]",0,Normal-416.png
626280,1,144.61114848336592,0.9294841786327409,"[0.0023002624511631003, 0.005668640136697126, 0.0018920898437427822, 0.00919723510738679, 0.020057678222579735, 0.02723312377919299, 0.006855010986301975, 0.0057830810546654395, 0.9210128784144553]",0,Normal-1018.png
1701105,0,303.9002109833659,0.7725066742197961,"[0.007530212402315025, 0.013610839843698078, 0.010406494140585303, 0.03807830810532349, 0.0977745056148614, 0.0684585571286451, 0.0217247009276515, 0.012454986572218113, 0.7299613952608873]",0,Normal-912.png
1851555,0,353.18328797700593,0.8150709447578413,"[0.006072998046851833, 0.012924194335888197, 0.007850646972626302, 0.032398223876829536, 0.07435989379854446, 0.059371948241961015, 0.01805496215813425, 0.011772155761673843, 0.7771949768036759]",0,Normal-2691.png
1014645,0,178.2695465386497,0.8470278313689117,"[0.004150390624984167, 0.008331298828093218, 0.006523132324193866, 0.025508880615137064, 0.06669616699193308, 0.04694747924786778, 0.01389312744135325, 0.007987976074188278, 0.8199615478484346]",0,Normal-1173.png
1295655,0,157.77887261497065,0.84489044136056,"[0.0051040649413867795, 0.008647918701138886, 0.00595855712888352, 0.024429321288969307, 0.07022094726535713, 0.043792724609207946, 0.013248443603465086, 0.006870269775364417, 0.8217277526824122]",0,Normal-1822.png
1009545,0,149.71632292685905,0.8483414881210124,"[0.004791259765606723, 0.008117675781219033, 0.007129669189425927, 0.02571487426748003, 0.06895065307590885, 0.04409027099592556, 0.01430892944330479, 0.007591247558564791, 0.8193054199187496]",0,Normal-1284.png
2016540,0,378.635698232632,0.6593759299444978,"[0.009811401367150072, 0.018932342529224655, 0.015975952148376556, 0.05908966064430584, 0.14402770996038808, 0.10572052001912796, 0.033199310302607726, 0.01950836181633183, 0.5937347412086725]",0,Normal-1574.png
1244400,0,228.83134326076316,0.83650689730665,"[0.00502777099607457, 0.009201049804652401, 0.008033752441375603, 0.02946853637684071, 0.07218933105441212, 0.04672241210919677, 0.01523971557611374, 0.008129119873015865, 0.8059883117645035]",0,Normal-2331.png
520710,0,70.8178739603718,0.8865193328284143,"[0.0031204223632693463, 0.0061340332031016, 0.005435943603494888, 0.019287109374926423, 0.046874999999821185, 0.03416061401354156, 0.012256622314406369, 0.0062561035156011345, 0.8664741516080228]",0,Normal-3102.png
643365,0,74.98620199363992,0.8902088041599531,"[0.0032730102538937643, 0.006282806396460408, 0.0064582824706784885, 0.020050048828048516, 0.04343032836897495, 0.02979660034168321, 0.011615753173783813, 0.005813598632790322, 0.8732795715298718]",0,Normal-647.png
944520,0,91.3569823263209,0.7867950123992711,"[0.004665374755841578, 0.010070800781211583, 0.009754180908165915, 0.03536605834947446, 0.09778594970665823, 0.06467819213842514, 0.020061492919845346, 0.011657714843705529, 0.7459602355928575]",0,Normal-2605.png
985575,0,156.09071902519565,0.6720554084282507,"[0.010669708251912423, 0.02425003051748562, 0.01899337768547442, 0.06142044067359382, 0.11440658569292295, 0.11393356323198725, 0.04739761352520982, 0.03694534301743719, 0.5719833374001618]",0,Normal-2185.png
375360,0,50.02433953033269,0.9454822667363431,"[0.0018463134765554568, 0.003166198730456672, 0.002651214599599261, 0.009124755859340191, 0.02136993408194973, 0.015392303466738158, 0.006080627441383054, 0.002792358398426848, 0.9375762939417359]",0,Normal-1270.png
2208045,0,426.29998624021516,0.7241412551351801,"[0.00834274291989005, 0.0166854858397801, 0.011806488037064336, 0.04613113403302715, 0.12295913696242157, 0.08236312866179518, 0.02552795410146512, 0.014465332031194818, 0.671718597409547]",0,Normal-588.png
1169175,0,186.47723520058707,0.8142258497769533,"[0.007373809814424996, 0.013763427734322497, 0.010665893554646812, 0.03264236450182861, 0.06147003173804676, 0.05411911010721542, 0.023448944091707422, 0.015449523925722315, 0.7810668945282705]",0,Normal-3007.png
752760,0,67.35252568493149,0.9010449265441246,"[0.003074645996082021, 0.0053749084472451214, 0.005142211914042884, 0.016983032226497715, 0.04452896118147076, 0.025276184081934827, 0.009494781494104406, 0.004577636718732537, 0.885547637936075]",0,Normal-3096.png
2255220,0,176.18252354452056,0.8074685391594951,"[0.006931304931614184, 0.011276245117144484, 0.010658264160115592, 0.03432464599596281, 0.07475280761690234, 0.04504394531232817, 0.016750335693295478, 0.008373260498014934, 0.7918891906708073]",0,Normal-874.png
2067285,0,342.7956327972112,0.6503868780200434,"[0.010456085205038239, 0.01992416381828337, 0.017272949218684108, 0.05913543701149317, 0.15154647827090625, 0.0998916625972752, 0.03520202636705321, 0.021610260009683187, 0.5849609374977686]",0,Normal-2410.png
943755,0,101.87399094911936,0.8801455932279506,"[0.003959655761703645, 0.006343841552710175, 0.0064086914062255525, 0.019943237304611422, 0.055309295654085884, 0.032146453857299244, 0.011760711669877012, 0.005737304687478114, 0.8583908081021943]",0,Normal-1495.png
819060,0,96.35189502813111,0.887619799164398,"[0.0031623840331910613, 0.006225585937476251, 0.004817962646465996, 0.018859863281178054, 0.05301666259745401, 0.03081893920886681, 0.009754180908165915, 0.004772186279278671, 0.8685722351041085]",0,Normal-904.png
1241085,0,227.47921890288646,0.864813085473308,"[0.004425048828108119, 0.00842285156246787, 0.006237030029273082, 0.0226364135741324, 0.05795288085915393, 0.03643035888657978, 0.011650085449174308, 0.006507873535131424, 0.8457374572721643]",0,Normal-406.png
955995,0,170.2010992539139,0.8245309335166974,"[0.005241394042948756, 0.010723114013630968, 0.00886154174801307, 0.030174255370978644, 0.07735061645478306, 0.05195236206034869, 0.018253326415945993, 0.010761260986287075, 0.7866821289032491]",0,Normal-1406.png
2244000,0,402.3919971563111,0.679713252720843,"[0.008205413818328074, 0.017028808593685038, 0.014465332031194818, 0.05435943603494888, 0.1386299133295493, 0.09504699706994992, 0.030616760253789455, 0.017353057861261928, 0.6242942810034778]",0,Normal-3374.png
1811775,0,336.48257093933455,0.7428630649719278,"[0.008037567138641214, 0.014915466308536851, 0.011432647705034512, 0.044296264648268524, 0.11634063720658744, 0.07555389404268054, 0.024234771728423175, 0.01319122314448093, 0.6919975280735321]",0,Normal-2.png
703290,0,101.10727281066535,0.8655588733997646,"[0.003738403320298239, 0.006736755371068051, 0.0075759887695023495, 0.02443313598623492, 0.052658081054486626, 0.035213470458850045, 0.01320266723627776, 0.0064926147460689825, 0.8499488830533983]",0,Normal-1690.png
2401335,0,333.9388721563111,0.6828296652832757,"[0.009632110595666382, 0.019119262695239565, 0.01447677612299165, 0.0518836975095677, 0.14192581176703672, 0.09304809570277005, 0.030704498290898496, 0.017635345458917102, 0.6215744018530976]",0,Normal-3372.png
1350735,0,149.35139050269078,0.8504496526032097,"[0.004535675048810823, 0.008560180664029846, 0.00561904907224419, 0.022079467773353272, 0.0688247680661437, 0.042892456054523874, 0.012714385986279624, 0.007061004638644939, 0.827713012692155]",0,Normal-535.png
410295,0,104.98920621330724,0.9326272333181054,"[0.0014419555664007494, 0.004676818847638409, 0.0022621154785069956, 0.010715484619099748, 0.023315429687411057, 0.026340484619040143, 0.0070686340331761605, 0.005832672119118375, 0.9183464050257937]",0,Normal-1377.png
753270,0,68.14068615459881,0.8944241925552313,"[0.002944946289051266, 0.005519866943338318, 0.004947662353496751, 0.018878936767506106, 0.05021286010723033, 0.029678344726449285, 0.009674072265588095, 0.004817962646465996, 0.8733253478970592]",0,Normal-997.png
877455,0,108.32265930772991,0.8803271935185893,"[0.003208160400378387, 0.005867004394508869, 0.006286621093726018, 0.021595001220620746, 0.0515174865720691, 0.031616210937379395, 0.010581970214803383, 0.004943847656231141, 0.8643836975064683]",0,Normal-1533.png
1266075,0,146.02694624510764,0.8673649675508082,"[0.004436492919904951, 0.007518768310518193, 0.007167816162082031, 0.023204803466708356, 0.05185317993144282, 0.03251266479479785, 0.011959075927688755, 0.006008148193336456, 0.8553390502897059]",0,Normal-1291.png
1152600,0,189.63866423067512,0.8300710902304641,"[0.0042228698730307655, 0.008594512939420339, 0.007789611816376535, 0.027427673339739122, 0.07166290283175787, 0.046977996825992664, 0.015045166015567607, 0.008178710937468801, 0.8101005554168316]",0,Normal-2741.png
778515,0,92.55901036570452,0.7976494784411023,"[0.0042762756347493125, 0.009746551513634695, 0.009239196777308506, 0.034301757812369146, 0.09309387206995737, 0.06442642211889485, 0.01942825317375401, 0.011955261230423144, 0.7535324096650943]",0,Normal-95.png
870825,0,113.70203950587083,0.9347323828977092,"[0.002563476562490221, 0.004386901855452015, 0.0035743713378769896, 0.012966156005809913, 0.027027130126850023, 0.014156341552680373, 0.004802703857403554, 0.002666473388661703, 0.9278564453089605]",0,Normal-467.png
1183710,0,212.7288519752935,0.8316550826568648,"[0.004669189453107189, 0.008857727050747461, 0.007472991943330867, 0.027652740478410136, 0.0792694091793851, 0.049243927001765275, 0.014369964599554558, 0.007244110107394241, 0.8012199401824904]",0,Normal-991.png
1264035,0,194.03841655454994,0.8098325922481537,"[0.00519561767576143, 0.009998321533164984, 0.008178710937468801, 0.032203674316283404, 0.08330535888640096, 0.05813980102516884, 0.017265319824152886, 0.009044647216762371, 0.7766685485810216]",0,Normal-1271.png
850935,3,168.3092473397749,0.6985550858811382,"[0.01013565063472696, 0.02963638305652757, 0.016551971435483735, 0.06612396240209151, 0.1036949157710888, 0.1120910644526974, 0.049835205077934895, 0.049873352050591, 0.5620574951150434]",0,Normal-2181.png
1783215,0,234.45011695817018,0.7386739232684352,"[0.008724212646451094, 0.015026092529239555, 0.013988494872993513, 0.04537582397443628, 0.11824035644486144, 0.0736770629880002, 0.026805877685444617, 0.013977050781196682, 0.6841850280735619]",0,Normal-3496.png
1905105,2,339.6381826382093,0.6578435910059462,"[0.00961303710933833, 0.020057678222579735, 0.016830444335873298, 0.05844497680641767, 0.15173721313418678, 0.10593795776326775, 0.035804748535019665, 0.02076721191398328, 0.5808067321755187]",0,Normal-1242.png
692835,0,118.90920070939332,0.8861488033623958,"[0.003925323486313151, 0.006954193115207847, 0.006992340087863951, 0.021003723144451127, 0.0453834533689675, 0.03022766113269719, 0.01158142089839332, 0.0060691833495862225, 0.8678627014127049]",0,Normal-2393.png
1374450,0,214.0840264187867,0.8461719966286723,"[0.005672454833962736, 0.010623931884725098, 0.008178710937468801, 0.02502822875967015, 0.05760574340798338, 0.040508270263517346, 0.014328002929632842, 0.008625030517545222, 0.8294296264616797]",0,Normal-1341.png
1145715,0,105.04999770670254,0.7776405709469362,"[0.0049514770507623615, 0.010437011718710186, 0.009807586669884462, 0.035888671874863096, 0.10009765624961815, 0.06824493408177092, 0.02103805541984162, 0.011852264404251661, 0.7376823425264828]",0,Normal-448.png
1065900,0,162.95287273727985,0.8091664198377742,"[0.005317687988260964, 0.010570526123006551, 0.009384155273401702, 0.03269577026354715, 0.08874130248989585, 0.055847167968536955, 0.01933670043937936, 0.010112762451133298, 0.7679939269990235]",0,Normal-2261.png
551055,0,85.80665209148731,0.9146496882546609,"[0.002765655517567575, 0.004604339599591811, 0.004165649414046609, 0.014442443847601155, 0.03589248657212871, 0.023792266845612364, 0.008754730224575978, 0.004550933837873265, 0.9010314941371879]",0,Normal-2398.png
1033005,0,137.73810543052832,0.8452937304569305,"[0.004451751708967393, 0.008571624755826677, 0.007255554199191072, 0.02511215209951358, 0.0714530944821493, 0.04106521606429647, 0.014511108398382143, 0.006961822509739067, 0.8206176757781196]",0,Normal-3172.png
1062330,0,180.84741163160464,0.8199289704146673,"[0.005474090576150993, 0.010292053222616988, 0.008777618408169641, 0.03167343139636355, 0.07399368286104586, 0.05580902099588085, 0.019462585449144504, 0.012210845947219044, 0.7823066711395938]",0,Normal-40.png
1307130,0,194.7995505136986,0.835271283080083,"[0.005546569824197592, 0.008808135986294525, 0.007034301757785666, 0.028724670410046674, 0.0798110961911018, 0.0487442016599703, 0.015293121337832286, 0.008434295654264701, 0.7976036071746917]",0,Normal-869.png
494190,0,84.9065251956947,0.9524341061563675,"[0.0019226074218676658, 0.0037612915038919017, 0.0021972656249916182, 0.008220672607390515, 0.01557922363275307, 0.016891479492123062, 0.005123138427714832, 0.004196166992171493, 0.9421081542932811]",0,Normal-2804.png
842010,0,111.60484573752444,0.8522847371587753,"[0.004219055175765155, 0.007965087890594615, 0.007411956787081101, 0.025787353515526627, 0.06783294677708498, 0.042224884033042046, 0.01489257812494319, 0.007446289062471595, 0.822219848629676]",0,Normal-1100.png
1319625,0,199.49677409491187,0.8556358955742718,"[0.004386901855452015, 0.008739471435513537, 0.006549835205053139, 0.023200988769442744, 0.06392669677709989, 0.03874206542953971, 0.012229919433547096, 0.006313323974585291, 0.8359107971159518]",0,Normal-2638.png
1975230,0,321.92359879525446,0.7267995073920195,"[0.00843811035153031, 0.01446914672846043, 0.012119293212844393, 0.04670715332013432, 0.12451934814405624, 0.08042144775359947, 0.025520324706933897, 0.013427734374948777, 0.6743774414036774]",0,Normal-121.png
521730,0,66.11923617906065,0.9369617521693894,"[0.002349853515616036, 0.004009246826156581, 0.0026359558105368197, 0.010452270507772627, 0.02350234985342597, 0.018787384033131457, 0.007316589355440839, 0.004047393798812685, 0.9268989562952923]",0,Normal-2009.png
938655,0,147.62637215631113,0.8291704278227404,"[0.004219055175765155, 0.008323669433561998, 0.00791549682614168, 0.0294647216795751, 0.07873535156219964, 0.04831695556622193, 0.015804290771424086, 0.007766723632782872, 0.7994537353485128]",0,Normal-1637.png
261120,0,33.69911172945205,0.938507192657863,"[0.0025329589843653376, 0.0043411254882646895, 0.0036735534667828615, 0.010673522949178033, 0.021484374999918045, 0.01644515991204664, 0.008060455322234877, 0.004894256591778205, 0.9278945922816166]",0,Normal-3014.png
832830,0,173.58550559564574,0.8451243967105418,"[0.004550933837873265, 0.008117675781219033, 0.006786346435520987, 0.024578094482328117, 0.07220840454074016, 0.04590225219709052, 0.01370620727533834, 0.007656097412080169, 0.8164939880339946]",0,Normal-260.png
1208955,0,178.92492890777888,0.8304728123931632,"[0.005149841308574105, 0.009555816650354172, 0.007755279540986041, 0.028228759765517315, 0.07881164550751185, 0.04614257812482398, 0.015815734863220916, 0.00842285156246787, 0.800117492672729]",0,Normal-659.png
1060290,0,93.86304427592952,0.7708101976159014,"[0.0046806335449040195, 0.010208129882773559, 0.01031112670894504, 0.038360595702978666, 0.11204528808551008, 0.06874084472630028, 0.0212135314940597, 0.011508941650346721, 0.7229309082003672]",0,Normal-1110.png
258060,0,38.45876651174167,0.9408575525486121,"[0.0023880004882721405, 0.004753112792950618, 0.003227233886706439, 0.010540008544881668, 0.017398834228449254, 0.01738357543938681, 0.008823394775356966, 0.0055618286132600335, 0.9299240112269214]",0,Normal-2910.png
898110,0,138.77540209148728,0.8976714089778329,"[0.0036506652831891986, 0.00655364990231875, 0.005828857421852764, 0.018321990966726983, 0.041774749755700016, 0.026165008544822062, 0.01021575927730478, 0.005203247070292651, 0.8822860717739781]",0,Normal-3346.png
2428110,0,427.0611010885518,0.7116708983434755,"[0.009078979492152866, 0.017944335937431548, 0.01294708251948186, 0.04906845092754719, 0.12942886352489688, 0.08139038085906451, 0.026538848876851887, 0.014434814453069935, 0.6591682434056886]",0,Normal-2525.png
2353140,0,339.58532595401175,0.6455492233653396,"[0.008201599121062463, 0.018840789794850002, 0.014785766601506097, 0.058135986327903226, 0.16708374023373762, 0.10656738281209348, 0.031131744384646866, 0.02001953124992363, 0.5752334594704619]",0,Normal-1140.png
1951770,0,238.71615857387485,0.6307813399666495,"[0.009174346923793127, 0.018772125244069016, 0.016548156738218123, 0.06183624267554536, 0.16513061523374506, 0.11068725585895275, 0.03446960449205601, 0.019607543945237702, 0.5637741088845681]",0,Normal-690.png
984045,0,109.93557363013697,0.8601740970842349,"[0.004108428955062453, 0.008064270019500486, 0.007190704345675695, 0.0241699218749078, 0.06752777099583615, 0.04038619995101781, 0.014366149902288947, 0.0073547363280969434, 0.826831817623799]",0,Normal-3411.png
1024845,1,209.54418419765167,0.8509651867494904,"[0.004600524902326201, 0.009662628173791264, 0.007518768310518193, 0.026279449462790375, 0.06185531616187341, 0.04716110229474197, 0.015983581542907778, 0.009860992431603008, 0.817077636715633]",0,Normal-1483.png
1130670,0,221.62795070939336,0.8736078959084673,"[0.004398345947248847, 0.007743835449189209, 0.006061553955055002, 0.022583007812413854, 0.05185699462870843, 0.03557205200181743, 0.011211395263629107, 0.006431579589819215, 0.8541412353483042]",0,Normal-2589.png
2315400,0,275.0793633806262,0.6823334209490002,"[0.008666992187466938, 0.017269134521418497, 0.013755798339791275, 0.05219268798808215, 0.15138244628848502, 0.08899307250942615, 0.02930450439441946, 0.014629364013616067, 0.6238059997534797]",0,Normal-387.png
712470,0,84.30899507705479,0.8943703759765764,"[0.003295898437487427, 0.006004333496070845, 0.004848480224590879, 0.01805877685539986, 0.04866409301739248, 0.029312133788950683, 0.010253906249960884, 0.0048675537109189315, 0.8746948242154132]",0,Normal-2966.png
241995,0,40.70252874266146,0.9024145546774835,"[0.0033760070800652464, 0.007164001464816421, 0.006141662597632821, 0.018257141113211604, 0.030452728271368208, 0.026969909667865867, 0.013496398925729765, 0.007881164550751186, 0.8862609863247441]",0,Normal-145.png
1241340,0,178.36456931873772,0.8291902781192532,"[0.004817962646465996, 0.008613586425748391, 0.007320404052706449, 0.027206420898333715, 0.07654571533173925, 0.04997634887676248, 0.014350891113226506, 0.006999969482395172, 0.8041687011688073]",0,Normal-2583.png
904230,0,112.26952360567516,0.8901536391236525,"[0.0034713745117055076, 0.006675720214818284, 0.004699707031232072, 0.01755142211907367, 0.04880523681622007, 0.031208038329959074, 0.010223388671836, 0.0055961608886505275, 0.8717689514126901]",0,Normal-790.png
1299225,0,226.21151082436396,0.8523184110361888,"[0.0044937133788891075, 0.009376525878870482, 0.006198883056616978, 0.025222778320216282, 0.06740570068333662, 0.04302597045882024, 0.01319122314448093, 0.007350921630831333, 0.8237342834441232]",0,Normal-2243.png
2181525,0,327.8243334148727,0.7927506449290075,"[0.007316589355440839, 0.013553619384713922, 0.009983062744102543, 0.03662490844712591, 0.0947837829586228, 0.05629730224587899, 0.017990112304618874, 0.009887695312462282, 0.7535629272432192]",0,Normal-1932.png
2692800,0,285.1182118395304,0.6328005574422781,"[0.008617401123014002, 0.019325256347582528, 0.015354156494082054, 0.05773544311501413, 0.17011642455989792, 0.10578155517537773, 0.0313644409178491, 0.016483306884702745, 0.575222015378665]",0,Normal-115.png
738990,0,123.78775532045007,0.8645942605827994,"[0.003932952880844372, 0.0075073242187213615, 0.006652832031224621, 0.022994995117099782, 0.060527801513440976, 0.038711547851414826, 0.012496948242139828, 0.006855010986301975, 0.8403205871549976]",0,Normal-2812.png
625260,0,83.64404965753423,0.8980540026695573,"[0.003269195556628154, 0.005237579345683145, 0.005592346191384916, 0.017524719238214397, 0.040481567382658075, 0.028545379638562983, 0.010295867919882599, 0.005146026611308494, 0.8839073181118625]",0,Normal-2234.png
927180,0,133.71431629158508,0.8404684852189613,"[0.004432678222639341, 0.008514404296842519, 0.008239746093718567, 0.028717041015515452, 0.07281494140597224, 0.04605865478498055, 0.01634597778314077, 0.00792694091793851, 0.8069496154754373]",0,Normal-2386.png
786165,0,107.22639050269079,0.8495564819328519,"[0.004333496093733469, 0.008140563964812697, 0.007194519042941305, 0.025157928466700903, 0.06359481811499178, 0.04511260986310916, 0.015518188476503303, 0.007995605468719498, 0.8229522705046731]",0,Normal-1826.png
1044735,0,136.8730812744618,0.8878252732472682,"[0.0036430358886579777, 0.0060348510741957285, 0.0056228637695098, 0.019950866699142644, 0.046710968017399934, 0.02835083007801685, 0.009124755859340191, 0.004920959472637478, 0.8756408691372847]",0,Normal-1442.png
979200,0,130.56216364970643,0.8906042550769535,"[0.0031700134277222822, 0.006057739257789392, 0.005504608154275876, 0.019386291503832295, 0.04507064819318744, 0.028629302978406414, 0.01038360595699164, 0.004703521728497683, 0.8770942687954822]",0,Normal-2501.png
422790,0,44.70787212573384,0.9542087770102246,"[0.0016822814941342076, 0.003097534179675684, 0.0019531249999925494, 0.008010864257781941, 0.02164459228507368, 0.013332366943308516, 0.0042572021484212595, 0.0024223327636626346, 0.9435997009241348]",0,Normal-1785.png
686460,0,58.38394386007827,0.9131731202241486,"[0.002922058105457603, 0.005142211914042884, 0.004890441894512594, 0.014518737792913365, 0.03466033935533653, 0.021903991699135192, 0.00876617431637281, 0.004116058349593673, 0.9030799865688206]",0,Normal-393.png
1618995,0,190.785989481409,0.8718237920886678,"[0.004955291748027972, 0.009216308593714842, 0.007514953613252583, 0.023880004882721403, 0.04814910888653508, 0.029613494872933906, 0.010501861572225563, 0.0058822631835713105, 0.8602867126432027]",0,Normal-2286.png
347565,0,48.15405607876712,0.9052088238270914,"[0.0036048889160018734, 0.0067634582519273245, 0.005550384521463202, 0.01787948608391617, 0.030414581298712103, 0.026939392089740985, 0.01295089721674747, 0.007465362548799647, 0.8884315490688764]",0,Normal-1650.png
715020,0,84.18886068982387,0.8772381427428846,"[0.003330230712877921, 0.006362915039038227, 0.006233215332007472, 0.02052688598624982, 0.054965972900180946, 0.034328460693228424, 0.011569976806596488, 0.005683898925759568, 0.8569984436002465]",0,Normal-1741.png
1085535,0,142.39889615949113,0.854886074927353,"[0.004539489746076433, 0.00783920288082947, 0.005554199218728812, 0.0212135314940597, 0.06574630737279608, 0.04097366332992182, 0.013088226318309446, 0.00613021850583599, 0.8349151611296275]",0,Normal-734.png
2248080,0,277.46568080357144,0.7013403322216571,"[0.009979248046836931, 0.01863479614250704, 0.016468048095640304, 0.05397415161112223, 0.12576675414991087, 0.08387756347624253, 0.030811309814335587, 0.016124725341735365, 0.6443634033178545]",0,Normal-1112.png
762450,0,114.62697223581213,0.8593037708356978,"[0.0038032531738136166, 0.008224487304656126, 0.0071372985839571485, 0.02587509155263567, 0.062297821044684225, 0.04228973388655743, 0.01590728759759557, 0.009006500244106267, 0.8254585266081792]",0,Normal-2898.png
593895,0,93.67005565068493,0.8623240248818846,"[0.0038261413574072795, 0.006759643554661714, 0.007129669189425927, 0.022758483886631934, 0.05844116210915206, 0.03944778442367764, 0.01328277587885558, 0.006835937499973923, 0.8415184020963992]",0,Normal-1322.png
669120,0,115.83535653131115,0.940679267606741,"[0.0028152465820205108, 0.003982543945297307, 0.003345489501940363, 0.010494232177694343, 0.02357864379873818, 0.01387023925775959, 0.004600524902326201, 0.0022506713867101644, 0.9350624084436986]",0,Normal-1114.png
766020,0,67.91104299168298,0.8800704090160726,"[0.0035057067870960016, 0.0062217712402106405, 0.006446838378881657, 0.02102661132804479, 0.04777908325177086, 0.030967712402225615, 0.011787414550736284, 0.005542755126931981, 0.8667221069302874]",0,Normal-2763.png
1099305,0,139.21947621086107,0.6711957563520949,"[0.008281707763640282, 0.01871490478508486, 0.01712799072259091, 0.060256958007582635, 0.12409591674757349, 0.10779953002888565, 0.04017639160140924, 0.025924682617088603, 0.5976219177223296]",0,Normal-154.png
1094970,0,116.00934136497065,0.8427450003303408,"[0.00485229492185649, 0.008998870849575047, 0.008308410644499555, 0.02842712402332906, 0.06346893310522664, 0.04357528686506815, 0.016025543212829493, 0.008064270019500486, 0.8182792663543004]",0,Normal-1557.png
964665,0,94.5771197712818,0.8211601817192405,"[0.0037765502929543436, 0.007682800292939442, 0.007041931152316887, 0.028846740722546206, 0.08813095092739819, 0.052597045898236855, 0.015018463134708334, 0.008033752441375603, 0.7888717651337094]",0,Normal-2704.png
1176825,0,197.35966166218202,0.8781345794348566,"[0.003913879394516319, 0.008220672607390515, 0.004486083984357887, 0.019054412841724187, 0.052867889404095196, 0.03876876831039898, 0.011054992675739079, 0.007190704345675695, 0.8544425964322874]",0,Normal-2757.png
1406070,0,182.34667013209386,0.8179346317189281,"[0.005649566650369074, 0.009887695312462282, 0.008514404296842519, 0.029102325439342106, 0.07969665527313348, 0.05333709716776528, 0.016075134277282428, 0.008602142333951561, 0.7891349792450365]",0,Normal-1295.png
1243380,0,181.41133729818984,0.886730726146484,"[0.004707336425763293, 0.007877349853485574, 0.005340576171854627, 0.02111434936515383, 0.05228042602519119, 0.03202438354479971, 0.010509490966756784, 0.006023406982398898, 0.8601226806607813]",0,Normal-2340.png
1027905,0,124.5994985322896,0.7736223758291905,"[0.004878997802715763, 0.010662078857381203, 0.009635925292931991, 0.03742599487290411, 0.10468292236288192, 0.06718826293919682, 0.0223083496092899, 0.012184143066359772, 0.7310333251925238]",0,Normal-1275.png
1203600,0,148.58252048679057,0.8224902298216162,"[0.004295349121077365, 0.00903701782223115, 0.00808715820309415, 0.02886199951160865, 0.08157348632781382, 0.051555633544725206, 0.0157737731932992, 0.008434295654264701, 0.7923812866180711]",0,Normal-2546.png
1141125,0,135.3014195511252,0.8582693197140421,"[0.004024505615219023, 0.007244110107394241, 0.0071716308593476425, 0.024475097656156634, 0.06415557861303652, 0.03711700439438966, 0.012218475341750265, 0.005821228027321544, 0.8377723693815697]",0,Normal-251.png
998835,0,180.00778192270053,0.8562942900968757,"[0.0044441223144361715, 0.0078124999999701975, 0.006870269775364417, 0.023628234863191114, 0.06354904174780446, 0.0432281494138976, 0.012790679931591832, 0.007076263427707381, 0.8306007385222222]",0,Normal-1874.png
963390,0,136.60095477617418,0.908901563637399,"[0.002861022949207836, 0.00544738769529172, 0.0038299560546728897, 0.016456604003843474, 0.040103912353362636, 0.02477264404287425, 0.007286071777315955, 0.003414154052721351, 0.8958282470668951]",0,Normal-730.png
903210,0,128.66670361423675,0.9166905544178494,"[0.0034217834472525716, 0.006141662597632821, 0.003997802734359749, 0.012886047363232093, 0.02793502807606531, 0.02146148681632438, 0.007358551025362555, 0.004550933837873265, 0.9122467040980825]",0,Normal-2014.png
211905,0,28.877652580724067,0.9514103230589759,"[0.001720428466790312, 0.003814697265610448, 0.002391815185537751, 0.008789062499966473, 0.015232086181582519, 0.014682769775334614, 0.006748199462864883, 0.00400161743162536, 0.942619323726873]",0,Normal-2343.png
1034790,0,100.15151051859101,0.7685018779953907,"[0.004581451415998148, 0.009891510009727891, 0.009323120117151935, 0.03695678710923402, 0.11084365844684278, 0.06951141357395359, 0.02058029174796837, 0.011566162109330879, 0.7267456054659777]",0,Normal-409.png
1093440,0,74.17469957803324,0.7588619641028751,"[0.004989624023418466, 0.010959625244098816, 0.011306762695269368, 0.04170227050765342, 0.11571884155229294, 0.0736045837399536, 0.023799896240143587, 0.013813018798775433, 0.7041053771945797]",0,Normal-1590.png
1250010,0,200.07659995719177,0.8288405744971516,"[0.005134582519511663, 0.009941101074180827, 0.0076446533202833376, 0.027973175048721415, 0.07698440551728446, 0.0504570007322294, 0.016296386718687834, 0.008831024169888187, 0.7967376708953982]",0,Normal-505.png
448290,0,57.911792135518574,0.9110762269597753,"[0.00323486328123766, 0.0057144165038844515, 0.005489349365213434, 0.016067504882751205, 0.03183364868151919, 0.0225639343260858, 0.010234832763632832, 0.005496978759744656, 0.8993644714321161]",0,Normal-1739.png
969510,0,116.44122660836594,0.8772126005686618,"[0.004039764404281465, 0.007247924804659851, 0.00587081909177448, 0.02190017700186958, 0.05785751342751366, 0.03483581542955461, 0.011989593505813637, 0.006122589111304769, 0.8501358032194132]",0,Normal-1908.png
2348805,0,315.20107632093925,0.652597911267326,"[0.007995605468719498, 0.01814270019524329, 0.01362228393549491, 0.05657196044900294, 0.16393661498960901, 0.107414245605059, 0.03092956542956951, 0.017204284667903122, 0.584182739255584]",0,Normal-3213.png
420495,0,86.43852433953033,0.8966195394754086,"[0.0027122497558490287, 0.005214691162089482, 0.005458831787088551, 0.0194244384764884, 0.0440673828123319, 0.03250885009753224, 0.012111663818313172, 0.006092071533179886, 0.8724098205533126]",0,Normal-286.png
1272450,0,128.91338597725044,0.8565184619471206,"[0.004585266113263759, 0.008625030517545222, 0.006053924560523781, 0.022594451904210684, 0.06752395629857054, 0.03904724121078854, 0.012985229492137965, 0.006965637207004678, 0.8316192626921401]",0,Normal-2672.png
1075080,0,95.44184579867905,0.7604421655318789,"[0.0048675537109189315, 0.011051177978473468, 0.010967254638630039, 0.04127883911117066, 0.11553573608354364, 0.07104110717746337, 0.022834777831944143, 0.012660980224561077, 0.70976257323948]",0,Normal-273.png
1295655,0,158.27843306629154,0.8438384686533061,"[0.004203796386702713, 0.008602142333951561, 0.006736755371068051, 0.025321960449122154, 0.06879806518528443, 0.045021057128734505, 0.013679504394479066, 0.006175994873023315, 0.8214607238738195]",0,Normal-3241.png
475320,0,80.05117875489236,0.908469926417643,"[0.0027542114257707436, 0.005493164062479045, 0.0038604736327977735, 0.01584243774408019, 0.034618377685414814, 0.03313446044909235, 0.010120391845664519, 0.007244110107394241, 0.8869323730434916]",0,Normal-1823.png
959820,0,95.51137093321915,0.8276747425951089,"[0.0037155151367045764, 0.008113861083953422, 0.006629943847630959, 0.02716064453114639, 0.07765197753876628, 0.05223083496073826, 0.015342712402285222, 0.00799942016598511, 0.801155090328975]",0,Normal-3018.png
1863540,0,343.4580135457437,0.6589831342848834,"[0.009346008300745598, 0.01856231689446044, 0.01728820800774655, 0.06298828124975972, 0.15176391601504607, 0.10451889038046067, 0.03536224365220885, 0.018783569335865846, 0.5813865661598916]",0,Normal-1808.png
1029180,0,151.0860712756849,0.8717397467736038,"[0.0038261413574072795, 0.006595611572240465, 0.006584167480443633, 0.02453231811514079, 0.0563011169431446, 0.0352325439451781, 0.011955261230423144, 0.005867004394508869, 0.8491058349576984]",0,Normal-2586.png
920040,0,128.69225477005867,0.8539049817404002,"[0.0038452148437353316, 0.007671356201142611, 0.005744934082009334, 0.023181915283114692, 0.06590652465795171, 0.04221343994124522, 0.013511657714792206, 0.0063056945800540705, 0.8316192626921401]",0,Normal-691.png
1182945,0,185.36260090508804,0.8580033953348287,"[0.004501342773420329, 0.007976531982391446, 0.006118774414039158, 0.023788452148346753, 0.06518936157201695, 0.038089752197120325, 0.011833190917923609, 0.006393432617163111, 0.8361091613737636]",0,Normal-2155.png
1094460,0,146.1598046110567,0.7755442083351183,"[0.005569458007791254, 0.012187957763625381, 0.010318756103476262, 0.03686523437485937, 0.10196304321250166, 0.06956100463840652, 0.0221252441405406, 0.01431655883783601, 0.7270927429171482]",0,Normal-1505.png
809115,0,156.56948309075338,0.8813835693244901,"[0.004024505615219023, 0.006549835205053139, 0.005554199218728812, 0.021228790283122145, 0.05186843872050526, 0.03546905517564595, 0.01226425170893759, 0.006580352783178023, 0.8564605712857953]",0,Normal-1577.png
1152345,0,86.69525516756359,0.8185616054924393,"[0.004489898681623497, 0.00783538818356386, 0.008029937744109993, 0.02981185913074565, 0.0904388427730925, 0.051879882812302096, 0.015693664550721385, 0.008697509765591822, 0.7831230163544345]",0,Normal-2039.png
2517615,0,357.7200380687377,0.6624085253551132,"[0.010189056396445507, 0.020317077636641246, 0.014976501464786619, 0.05731201171853137, 0.1486396789545111, 0.09757614135704964, 0.03329467773424799, 0.018188476562430615, 0.5995063781715412]",0,Normal-3136.png
496230,0,78.29075189579257,0.9210883794496861,"[0.0027465820312395227, 0.004890441894512594, 0.0039062499999850987, 0.013389587402292673, 0.03248977661120418, 0.023952484130768004, 0.009323120117151935, 0.005016326904277739, 0.9042854309047536]",0,Normal-2571.png
2153985,0,289.0083934686889,0.7115969206939056,"[0.008937835693325279, 0.01610946655267292, 0.013652801513619793, 0.04743576049786592, 0.13018798828075337, 0.0803604125973497, 0.027206420898333715, 0.013492584228464154, 0.6626167297338004]",0,Normal-440.png
926925,0,148.4081037487769,0.8273732004524066,"[0.005058288574199454, 0.009048461914027982, 0.008789062499966473, 0.03046798706043065, 0.0772247314450179, 0.05054473876933844, 0.017425537109308525, 0.009979248046836931, 0.7914619445770589]",0,Normal-1402.png
1066410,0,163.34926920254398,0.8377570425844623,"[0.004825592040997217, 0.009166717529261906, 0.007484436035127699, 0.027893066406143596, 0.07032775878879421, 0.04931259155254626, 0.015232086181582519, 0.00826263427731223, 0.8074951171844196]",0,Normal-181.png
950640,0,88.43049779843444,0.915371768579404,"[0.003089904785144463, 0.0054092407226356155, 0.004322052001936637, 0.01387786865229081, 0.03205108642565899, 0.0214691162108556, 0.007869720458954354, 0.004066467285140737, 0.907844543453568]",0,Normal-785.png
1090125,0,152.04737188111545,0.8469682102817038,"[0.003849029541000942, 0.008045196533172434, 0.00621795654294503, 0.024589538574124947, 0.06672668457005795, 0.04629898071271401, 0.013397216796823893, 0.0070190429687232245, 0.8238563537566228]",0,Normal-48.png
1204620,0,193.7116025562622,0.8755912215128205,"[0.003925323486313151, 0.007472991943330867, 0.005577087402322475, 0.02059936523429642, 0.054641723632604056, 0.03372573852526197, 0.010597229003865824, 0.005165100097636546, 0.858295440670554]",0,Normal-3119.png
2660670,0,280.12764875856163,0.6686240570753418,"[0.008216857910124905, 0.01670455932610815, 0.012290954589796864, 0.05121231079082027, 0.16234588622984944, 0.09078598022426305, 0.02528381347646605, 0.014011383056587175, 0.6191482543921694]",0,Normal-1299.png
1275255,0,163.2752912487769,0.7683997840848723,"[0.007091522216769823, 0.012531280517530321, 0.012531280517530321, 0.04226684570296376, 0.09381484985315774, 0.06594467163060781, 0.025917053222557385, 0.01353836059565148, 0.7263641357394166]",0,Normal-274.png
1016685,0,97.07096226761252,0.7916038352610738,"[0.004520416259748381, 0.009601593017541498, 0.008800506591763303, 0.03422546386705694, 0.09904479980430968, 0.06212615966773176, 0.019100189208911513, 0.01123809814448838, 0.7513427734346338]",0,Normal-1139.png
1333650,0,225.55909063111545,0.7971369066421508,"[0.0066795349120838945, 0.011692047119096024, 0.01021194458003917, 0.0334815979002629, 0.08506011962858177, 0.05765533447243631, 0.01977920532219017, 0.011531829833940384, 0.7639083862275546]",0,Normal-481.png
327420,0,42.503738074853224,0.954837538131484,"[0.0015335083007754, 0.002693176269520976, 0.0021781921386635657, 0.007511138915986972, 0.018272399902274045, 0.012046813964797795, 0.004760742187481839, 0.002376556396475309, 0.9486274719202094]",0,Normal-1593.png
1159995,0,215.05214193982377,0.8777632215261637,"[0.004329681396467859, 0.00783157348629825, 0.005928039550758636, 0.021045684814372842, 0.05226898193339436, 0.03338241577135703, 0.011642456054643088, 0.005943298339821078, 0.8576278686490721]",0,Normal-386.png
2394705,0,263.90967465753425,0.6592439208120243,"[0.00910186767574653, 0.01829528808586771, 0.01576232910150237, 0.05808639526345029, 0.15876388549744122, 0.09479522705041964, 0.03151702880847352, 0.017147064208918962, 0.596530914304365]",0,Normal-1150.png
450840,0,52.74389982876712,0.9163215998635315,"[0.003242492675768881, 0.005901336669899363, 0.005229949951151924, 0.01429367065424235, 0.028591156005750306, 0.02059555053703081, 0.01004409790035231, 0.005504608154275876, 0.9065971374477134]",0,Normal-550.png
1991040,0,330.3881635273973,0.7472088010965574,"[0.008239746093718567, 0.01565170288079967, 0.01260757446284253, 0.046207427978339356, 0.11189270019488566, 0.07160949707003933, 0.024139404296782914, 0.013164520263621656, 0.6964874267551556]",0,Normal-631.png
782850,0,102.34385702054794,0.8825071866149967,"[0.004219055175765155, 0.007572174072236739, 0.006504058837865814, 0.02052307128898421, 0.051635742187303026, 0.03297805786120232, 0.012901306152294536, 0.006618499755834127, 0.8570480346646994]",0,Normal-1196.png
1233690,0,187.4932882827788,0.8222498591037233,"[0.0057144165038844515, 0.010932922363239544, 0.008804321289028914, 0.030273437499884516, 0.07668304443330122, 0.05163955688456864, 0.018115997314384017, 0.009830474853478124, 0.7880058288544158]",0,Normal-1123.png
845835,0,64.90514921722114,0.9074597879926825,"[0.0032653808593625434, 0.005413055419901226, 0.005355834960917069, 0.015567779540956238, 0.03890609741196096, 0.02276229858389754, 0.008926391601528449, 0.004722595214825735, 0.8950805664028355]",0,Normal-1116.png
1505010,0,314.7195717649216,0.7390873232096753,"[0.008937835693325279, 0.015232086181582519, 0.013694763183541509, 0.04799270629864505, 0.1138763427730031, 0.07807159423798343, 0.02870178222645301, 0.016147613525329025, 0.6773452758763223]",0,Normal-543.png
726750,0,71.59398697407042,0.9120601976740901,"[0.002803802490223679, 0.0047988891601379435, 0.004634857177716695, 0.014877319335880747, 0.03777694702134027, 0.023536682128816464, 0.008491516113248858, 0.0037689208984231226, 0.8993110656703975]",0,Normal-3395.png
1248225,0,162.2705632338552,0.8899562414171159,"[0.0030708312988164104, 0.00689697265622369, 0.0037651062011575124, 0.0175628662108705, 0.052513122558393424, 0.030708312988164108, 0.007701873779267495, 0.004543304443342043, 0.8732376098599501]",0,Normal-2679.png
2638995,0,412.2580456519081,0.5861299287412004,"[0.011375427246050356, 0.023807525634674805, 0.019515991210863053, 0.06713867187474389, 0.1829643249504739, 0.11647796630814942, 0.04031372070297121, 0.0241699218749078, 0.5142364501933508]",0,Normal-1229.png
1969875,1,255.81263377568496,0.6891711698423739,"[0.009140014648402634, 0.016677856445248877, 0.0155906677245499, 0.05381393432596659, 0.14200592040961454, 0.08938980102504963, 0.028984069824108182, 0.01788711547844739, 0.6265106201147975]",0,Normal-320.png
1776585,0,228.2969361545988,0.7594871101794985,"[0.007072448730441771, 0.013298034667918021, 0.011352539062456693, 0.04161834716780999, 0.1088790893550534, 0.06929779052707939, 0.02221679687491525, 0.012580871581983257, 0.7136840820285275]",0,Normal-3159.png
1913010,0,294.10693263820934,0.7294517415505304,"[0.006500244140600203, 0.014408111572210662, 0.010578155517537772, 0.041717529296715856, 0.12335586547804506, 0.08185577392546899, 0.023464202880769867, 0.01250839233393666, 0.6856117248509002]",0,Normal-858.png
594405,0,82.04244129158509,0.904403802519421,"[0.0033683776855340255, 0.006355285644507006, 0.00502395629880896, 0.01686477661126379, 0.03723907470688919, 0.028224945068251704, 0.010913848876911492, 0.0053749084472451214, 0.886634826656774]",0,Normal-1864.png
1212780,0,106.65305467221138,0.7790107512489116,"[0.004299163818342975, 0.010421752929647744, 0.009735107421837863, 0.03741073608384166, 0.10877609252888193, 0.0621070861814037, 0.02068710327140546, 0.011611938476518204, 0.7349510192843057]",0,Normal-598.png
1429020,1,119.75584790851273,0.7537680732973722,"[0.005046844482402623, 0.01158142089839332, 0.009780883789025188, 0.03949356079086497, 0.1180381774897841, 0.07387542724581193, 0.023059844970615157, 0.013099670410106278, 0.7060241699191817]",0,Normal-369.png
1366035,0,217.32376391267127,0.7246382999160883,"[0.008235931396452957, 0.016307830810484664, 0.01422119140619575, 0.05255889892558075, 0.12100982665969463, 0.09020996093715587, 0.03056335449207091, 0.021678924560464177, 0.6452140808080855]",0,Normal-831.png
380970,0,82.870833842955,0.9133410377674646,"[0.0024490356445219076, 0.0042228698730307655, 0.004451751708967393, 0.015277862548769843, 0.035907745361191144, 0.025615692138574158, 0.009395599365198534, 0.004199981689437103, 0.8984794616664944]",0,Normal-1748.png
2135370,0,369.59476287304307,0.7243287799622318,"[0.008865356445278682, 0.016628265380795943, 0.013492584228464154, 0.05014419555644934, 0.11444091796831343, 0.07950592040985295, 0.027091979980365402, 0.016220092773375626, 0.6736106872532898]",0,Normal-2981.png
465630,0,49.075610017123296,0.9058060910557832,"[0.0033264160156123105, 0.006576538085912412, 0.005050659179668233, 0.01686096191399818, 0.03189086914050335, 0.026092529296775465, 0.012062072753860236, 0.006454467773412878, 0.8916854858364422]",0,Normal-1844.png
1038870,0,97.63823997064578,0.9219315331784371,"[0.0030670166015508, 0.0049171447753718674, 0.004116058349593673, 0.013721466064400781, 0.029777526855355157, 0.017017364501888208, 0.006591796874974854, 0.0030441284179571373, 0.9177474975550928]",0,Normal-3262.png
316965,0,34.07486087328766,0.9229299431681895,"[0.003005981445301033, 0.0057487487792749455, 0.004192352294905883, 0.01336669921869901, 0.02714920043934956, 0.021072387695232113, 0.010093688964805246, 0.00638580322263189, 0.9089851379359856]",0,Normal-2891.png
735930,0,157.53502629647747,0.9337490256932519,"[0.003173828124987893, 0.0054092407226356155, 0.002986907958972981, 0.01021194458003917, 0.022514343261632864, 0.01721191406243434, 0.00647354125974093, 0.004791259765606723, 0.9272270202601347]",0,Normal-877.png
962625,0,191.56937224804298,0.8527349832726491,"[0.004600524902326201, 0.008792877197232082, 0.006816864013645871, 0.02497863769521721, 0.06552505493139066, 0.04261398315413432, 0.014343261718695285, 0.008514404296842519, 0.8238143920867012]",0,Normal-1326.png
601290,0,75.65983518835617,0.8787357994692101,"[0.0038032531738136166, 0.006660461425755842, 0.007461547851534037, 0.02246475219717993, 0.04911041259746891, 0.032123565673705584, 0.012954711914013081, 0.006454467773412878, 0.8589668273893014]",0,Normal-919.png
752760,0,84.64803999510764,0.9069467312948905,"[0.002849578857411005, 0.004993438720684076, 0.004699707031232072, 0.01738357543938681, 0.04363250732405231, 0.025741577148339304, 0.00809097290035976, 0.004100799560531231, 0.8885078430141887]",0,Normal-199.png
1213035,0,157.77253929182976,0.8259752302960962,"[0.005249023437479976, 0.009464263915979522, 0.00809478759762537, 0.030380249023321607, 0.07987976074188279, 0.048542022704892954, 0.016639709472592773, 0.008602142333951561, 0.7931480407684587]",0,Normal-1666.png
795855,0,83.29173801369863,0.8690033320125772,"[0.0037269592285014076, 0.007087707519504213, 0.007331848144503281, 0.023651123046784777, 0.05094528198222753, 0.034755706786976794, 0.013526916503854649, 0.006248474121069914, 0.8527259826627627]",0,Normal-3250.png
1523115,0,250.08478702910958,0.7804902075238603,"[0.006946563720676625, 0.0120124816894073, 0.009742736816369084, 0.037357330322123114, 0.09884262084923232, 0.06816864013645871, 0.021305084228434353, 0.012527465820264712, 0.7330970764132191]",0,Normal-2914.png
1385670,0,208.86511206580226,0.8634104870281816,"[0.004226684570296377, 0.008514404296842519, 0.006420135498022384, 0.025337219238184595, 0.060253143310317024, 0.036315917968611465, 0.011177062988238612, 0.005779266357399828, 0.8419761657682725]",0,Normal-822.png
2211870,0,378.10187973948155,0.7232790644934516,"[0.009414672851526586, 0.01762771606438588, 0.01293945312495064, 0.04646301269513525, 0.11725616455033396, 0.07963562011688372, 0.026462554931539678, 0.015136718749942258, 0.6750640869114873]",0,Normal-1847.png
852720,0,144.85430681262233,0.8653404974326699,"[0.0039367675781099825, 0.00775146484372043, 0.006755828857396103, 0.02427673339834489, 0.05711746215798524, 0.04079437255843813, 0.014190673828070866, 0.007518768310518193, 0.8376579284636014]",0,Normal-159.png
506175,0,85.24656387597847,0.9289791123492286,"[0.0025253295898341166, 0.003841400146469721, 0.002887725830067109, 0.010536193847616056, 0.03303909301745209, 0.018520355224538723, 0.0059165954589618045, 0.0031814575195191134, 0.9195518493617265]",0,Normal-1552.png
1602930,0,248.6046737402153,0.7159362680971139,"[0.008464813232389585, 0.015140533447207867, 0.014522552490178975, 0.05270004272440834, 0.1250877380366322, 0.0837173461910869, 0.028747558593640334, 0.014526367187444586, 0.6570930480931965]",0,Normal-3038.png
1118175,0,218.03888285836587,0.8856354691822961,"[0.0032463073730344912, 0.006656646728490232, 0.004482269287092277, 0.018356323242117476, 0.04845809936504952, 0.03460693359361798, 0.009071350097621646, 0.005142211914042884, 0.8699798583951187]",0,Normal-2156.png
1280610,0,159.2690190802348,0.776415818329334,"[0.006160736083960874, 0.011058807373004688, 0.010940551757770764, 0.03661727905259469, 0.10433959960897697, 0.063602447509523, 0.02094650268546697, 0.012420654296827618, 0.7339134216280597]",0,Normal-2930.png
403665,0,68.29717312866927,0.8865872156971801,"[0.0032043457031127763, 0.0055274963378695394, 0.006057739257789392, 0.022010803222572286, 0.04908752441387525, 0.034755706786976794, 0.012557983398389594, 0.006439208984350436, 0.8603591918912492]",0,Normal-3278.png
689265,0,126.72974253913895,0.9435837401025414,"[0.0024719238281155705, 0.0037689208984231226, 0.0028991699218639403, 0.010025024414024258, 0.021064758300700894, 0.013359069824167789, 0.004570007324201317, 0.0023574829101472568, 0.9394836425745411]",0,Normal-1977.png
1150815,0,165.0705112524462,0.8311684173511547,"[0.005893707275368142, 0.0099678039550401, 0.008293151855437114, 0.031642913818238666, 0.06981277465793681, 0.051311492919726136, 0.01762390136712027, 0.011123657226520067, 0.794330596920798]",0,Normal-1358.png
1155405,0,143.93808861301366,0.8128125862554063,"[0.005245208740214366, 0.010089874267539635, 0.00859832763668595, 0.03076934814441387, 0.08287048339812138, 0.049964904784965646, 0.01787948608391617, 0.009262084960902167, 0.785320281979426]",0,Normal-3390.png
1115115,0,114.74852464530333,0.8814776177520567,"[0.0037193298339701867, 0.006092071533179886, 0.006065368652320612, 0.021381378173746562, 0.05058670043926015, 0.02887344360340548, 0.01089859008784905, 0.00519180297849582, 0.8671913146939575]",0,Normal-1197.png
891480,0,104.2238334760274,0.8820929317134467,"[0.0036430358886579777, 0.00604629516599256, 0.005756378173806166, 0.021610260009683187, 0.05303573608378206, 0.030776977538945094, 0.011215209960894717, 0.0054779052734166035, 0.862438201901007]",0,Normal-3009.png
1216860,0,102.52556644447162,0.8091548998199014,"[0.0041580200195153886, 0.009151458740199465, 0.008792877197232082, 0.03238296508776709, 0.08735656738247925, 0.05789947509743538, 0.01780319213860396, 0.01056289672847533, 0.7718925476044773]",0,Normal-1762.png
1998690,0,309.39046064701563,0.698323780928696,"[0.009063720703090425, 0.016914367675716725, 0.01422882080072697, 0.050533294677541606, 0.13676452636666578, 0.09011077880825, 0.028400421142469785, 0.016067504882751205, 0.6379165649389728]",0,Normal-3015.png
1155405,0,187.31791982632092,0.8232073179365352,"[0.00519561767576143, 0.010292053222616988, 0.008369445800749322, 0.03005981445301033, 0.07994079589813255, 0.04874801635723591, 0.01815032958977451, 0.008953094482387722, 0.7902908325165166]",0,Normal-281.png
1541220,0,227.82890472113496,0.7113941888460527,"[0.008594512939420339, 0.01626968383782856, 0.015197753906192026, 0.051498413085741046, 0.1308212280268447, 0.08502578735319127, 0.030677795410039222, 0.016227722167906845, 0.6456871032690212]",0,Normal-1155.png
1099050,0,127.53147932974555,0.8821102451398383,"[0.003345489501940363, 0.006023406982398898, 0.006263732910132356, 0.021335601806559235, 0.04903030395489109, 0.030273437499884516, 0.010272979736288936, 0.004451751708967393, 0.8690032958951225]",0,Normal-511.png
754800,0,109.98086625489236,0.8505931245932489,"[0.0038642883300633838, 0.00801467895504755, 0.006996154785129561, 0.025917053222557385, 0.06851196289036364, 0.04337310790999079, 0.01438903808588261, 0.008029937744109993, 0.8209037780730404]",0,Normal-723.png
610980,0,98.53693737769076,0.8996272126432929,"[0.003131866455066178, 0.005317687988260964, 0.004981994628887245, 0.017875671386650558, 0.04525375366193674, 0.028743743896374727, 0.0099678039550401, 0.005100250244121169, 0.8796272277798476]",0,Normal-1175.png
1275765,0,171.6164460004892,0.8516464964283582,"[0.0049514770507623615, 0.00851058959957691, 0.006397247314428721, 0.02258682250967946, 0.06592941284154537, 0.04025268554672145, 0.012802124023388664, 0.007011413574192003, 0.8315582275358904]",0,Normal-3208.png
361335,0,52.76048036937377,0.8984526736128801,"[0.0037956237792823957, 0.007308959960909619, 0.005886077880836922, 0.01738739013665242, 0.033004760742061594, 0.027217864990130545, 0.014041900634712058, 0.007766723632782872, 0.8835906982388169]",0,Normal-1456.png
938910,0,136.48907625978472,0.8479124907385591,"[0.004119873046859283, 0.0077972412109077556, 0.007198333740206915, 0.024467468261625415, 0.06773757934544472, 0.04130935668929554, 0.013324737548777294, 0.006324768066382123, 0.8277206420866863]",0,Normal-3301.png
867000,0,169.8509585983366,0.8838271281791774,"[0.004653930664044747, 0.008563995361295455, 0.0060691833495862225, 0.020503997802656156, 0.047920227050598445, 0.03713607788071771, 0.014297485351507959, 0.008804321289028914, 0.8520507812467497]",0,Normal-1796.png
2213400,0,338.98158099926616,0.7227412666849405,"[0.008441925048795922, 0.016754150390561086, 0.012145996093703666, 0.044727325439282505, 0.12849807739208793, 0.07865524291962182, 0.024570465087796894, 0.013313293456980464, 0.6728935241673549]",0,Normal-1325.png
760665,0,90.6632751345401,0.8841564662071206,"[0.0031814575195191134, 0.005779266357399828, 0.00638198852536628, 0.020900726318279644, 0.04839324951153414, 0.029899597167854692, 0.011215209960894717, 0.004932403564434309, 0.8693161010709025]",0,Normal-1989.png
1109760,0,214.91131818737765,0.8461695885329092,"[0.005744934082009334, 0.010189056396445507, 0.008026123046844382, 0.027198791503802493, 0.06482696533178395, 0.043792724609207946, 0.016471862792905915, 0.009582519531213446, 0.8141670227019723]",0,Normal-621.png
1142655,0,203.3268139982877,0.879122418745862,"[0.004074096679671959, 0.007251739501925461, 0.005500793457010266, 0.021495819091714875, 0.055286407470492224, 0.03185272216784724, 0.010124206542930128, 0.006160736083960874, 0.8582534790006322]",0,Normal-2381.png
368730,0,42.217114114481404,0.9210014159663796,"[0.0030097961425666433, 0.005897521972633752, 0.0045623779296700955, 0.013336181640574126, 0.025871276855370058, 0.021263122558512638, 0.01038360595699164, 0.005668640136697126, 0.9100074768031692]",0,Normal-2877.png
1018980,0,57.0254785347358,0.9411491552740845,"[0.002487182617178012, 0.004268646240218091, 0.002964019775379318, 0.00918960571285557, 0.02468872070303082, 0.012374877929640293, 0.004665374755841578, 0.0026016235351463256, 0.9367599487268953]",0,Normal-1414.png
1349460,0,145.46445006727004,0.8231731350304562,"[0.004772186279278671, 0.009647369384728823, 0.007980346679657057, 0.02947616577137193, 0.0792274475094634, 0.050342559814261084, 0.017108917236262858, 0.008514404296842519, 0.792930603024319]",0,Normal-397.png
1205130,0,195.12981974681992,0.8379688547735313,"[0.005180358886698988, 0.009403228759729754, 0.007534027099580635, 0.02680206298817901, 0.07119369506808779, 0.04724121093731979, 0.015560150146425018, 0.007774353027314093, 0.8093109130828502]",0,Normal-150.png
690540,0,88.39821581457926,0.9020440709682344,"[0.003158569335925451, 0.005496978759744656, 0.004829406738262827, 0.01697158813470088, 0.039592742919770836, 0.027118682861224673, 0.010089874267539635, 0.005065917968730675, 0.8876762390102856]",0,Normal-2422.png
2431935,0,430.17070924045987,0.7101127327630521,"[0.008369445800749322, 0.016101837158141702, 0.01345443725580805, 0.048305511474425106, 0.12975692748973938, 0.08139801025359573, 0.02434921264639149, 0.013614654540963689, 0.6646499633763708]",0,Normal-30.png
1166115,0,92.19562209515654,0.8157350791411868,"[0.0037574768066262914, 0.007820129394501418, 0.007110595703097875, 0.029914855956917133, 0.09563064575158832, 0.0536346435544829, 0.016036987304626323, 0.007949829101532174, 0.7781448364228128]",0,Normal-405.png
592620,0,83.66680299045987,0.9056469248574464,"[0.0026626586913960928, 0.005508422851541487, 0.0042762756347493125, 0.015686035156190162, 0.04033660888656488, 0.031398773193239596, 0.009220123290980453, 0.007263183593722293, 0.883647918697801]",0,Normal-3449.png
2003280,0,383.2371307791096,0.6907397132649586,"[0.008701324462857431, 0.017997741699150093, 0.013488769531198545, 0.051467895507616164, 0.1330146789545707, 0.09057998657192008, 0.029655456542855622, 0.016113281249938532, 0.6389808654760781]",0,Normal-1055.png
1787805,0,287.5705227189334,0.7253649910822917,"[0.00800323486325072, 0.016834259033138906, 0.013210296630808981, 0.04631423950177645, 0.12496185302686705, 0.08364105224577469, 0.027870178222549932, 0.015228271484316908, 0.6639366149877016]",0,Normal-1148.png
782085,0,115.60148223458904,0.8814630227973363,"[0.003921508789047541, 0.007308959960909619, 0.006748199462864883, 0.020603179931562028, 0.05263519287089296, 0.0330429077147177, 0.012397766113233956, 0.006336212158178954, 0.8570060729947776]",0,Normal-526.png
1278570,0,248.31359313845397,0.8843960749832125,"[0.0039710998535004765, 0.00791931152340729, 0.004802703857403554, 0.020801544189373772, 0.045265197753733576, 0.03374481201159002, 0.01004791259761792, 0.00604248046872695, 0.8674049377408317]",0,Normal-3145.png
854250,0,110.6654461227984,0.8876734777727213,"[0.003772735595688733, 0.006904602050754911, 0.00605010986325817, 0.020565032958905924, 0.049102783202937685, 0.0326042175291725, 0.012203216552687824, 0.0063896179198975, 0.8624076843228821]",0,Normal-2241.png
672945,0,112.91713551859095,0.8872437035564207,"[0.0032386779785032703, 0.00595855712888352, 0.005981445312477182, 0.02010345458976706, 0.048515319824033676, 0.03335189819323214, 0.011249542236285211, 0.005458831787088551, 0.8661422729459146]",0,Normal-2220.png
1093440,0,259.0422654721134,0.9202030341587145,"[0.0031127929687381254, 0.005470275878885382, 0.004074096679671959, 0.014526367187444586, 0.0298652648924642, 0.017913818359306662, 0.005809783935524712, 0.002998352050769812, 0.9162292480433798]",0,Normal-1538.png
773670,0,78.45392765410959,0.8833395888866277,"[0.0034713745117055076, 0.006599426269506075, 0.007301330566378397, 0.020984649658123074, 0.04518890380842137, 0.029605865478402688, 0.012130737304641225, 0.005973815917945962, 0.868743896481061]",0,Normal-1743.png
1397400,0,243.1026709271037,0.7454456202461605,"[0.00810241699215659, 0.015277862548769843, 0.012451171874952502, 0.046199798583808134, 0.10871124267536654, 0.0816001892086731, 0.027858734130753102, 0.016502380371030797, 0.6832962036106747]",0,Normal-496.png
1039890,0,186.58181720890408,0.8295570387963415,"[0.005462646484354162, 0.010036468505821088, 0.00825881958004662, 0.028961181640514522, 0.07459640502901231, 0.04803466796856676, 0.016712188720639374, 0.008808135986294525, 0.7991294860809359]",0,Normal-1228.png
566865,0,82.53774767612525,0.9127118334992904,"[0.002624511718739988, 0.004520416259748381, 0.004432678222639341, 0.015083312988223711, 0.03676223754868789, 0.024059295654205094, 0.00885391235348185, 0.0038223266601416688, 0.8998413085903173]",0,Normal-797.png
649740,0,100.65370826198628,0.8659499219420094,"[0.0037460327148294598, 0.0071868896484100836, 0.0071868896484100836, 0.023223876953036408, 0.057376861572046745, 0.03880691528305509, 0.01421356201166453, 0.007114410400363485, 0.8411445617643694]",0,Normal-990.png
1964010,2,214.55662915851266,0.7074767487387646,"[0.007724761962861157, 0.016021728515563882, 0.012447357177686892, 0.05161285400370936, 0.1299095153803638, 0.09607315063439913, 0.028343200683485628, 0.01730346679680899, 0.6405639648413064]",0,Normal-965.png
2382720,2,203.51466181506842,0.7520520132491338,"[0.007759094238251651, 0.014629364013616067, 0.01099777221675492, 0.0415115356443729, 0.1108093261714523, 0.06943893432590699, 0.021156311035075544, 0.012805938720654273, 0.7108917236301007]",0,Normal-1190.png
883320,0,132.61064395792562,0.8675457302877698,"[0.0038223266601416688, 0.008068084716766098, 0.005805969238259102, 0.022422790527258214, 0.06063842773414368, 0.04188156127913711, 0.013690948486275898, 0.007244110107394241, 0.8364257812468092]",0,Normal-180.png
2057340,0,333.17504739481404,0.7378874862011635,"[0.007614135742158454, 0.015865325927673854, 0.011524200439409164, 0.044486999511549045, 0.11959075927688755, 0.07391738891573366, 0.023010253906162223, 0.01277542114252939, 0.691215515134082]",0,Normal-2591.png
1287750,0,155.42777641878666,0.8346927984321719,"[0.005001068115215297, 0.009811401367150072, 0.008193969726531242, 0.029270172119028968, 0.0767822265622071, 0.047389984130678596, 0.016452789306577863, 0.008762359619107199, 0.7983360290496889]",0,Normal-49.png
1843650,0,277.37117783757327,0.7160894260957114,"[0.008323669433561998, 0.01593780517572045, 0.013847351074165926, 0.04922866821270283, 0.12963867187450545, 0.08208465576140563, 0.02851104736317249, 0.01371765136713517, 0.6587104797338154]",0,Normal-1674.png
1217625,0,226.0540339102251,0.823869552592206,"[0.005458831787088551, 0.009914398193321555, 0.007995605468719498, 0.029438018798715826, 0.07728576660126768, 0.05067062377910358, 0.01643753051751542, 0.008609771728482781, 0.7941894531219704]",0,Normal-719.png
2107575,0,201.61718367783752,0.6043643289621224,"[0.009227752685511674, 0.018619537353444595, 0.017509460449151956, 0.06808853149388089, 0.18772125244069016, 0.11830520629837682, 0.03681945800767204, 0.02034378051750052, 0.5233650207499566]",0,Normal-36.png
771120,0,72.25950954011742,0.8908654942967261,"[0.0031547546386598404, 0.005809783935524712, 0.00536346435544829, 0.018432617187429685, 0.05213546752909799, 0.029327392578013124, 0.010589599609334603, 0.0056304931640410215, 0.869556426998636]",0,Normal-2476.png
964155,0,159.63636711105667,0.8319062981421165,"[0.004051208496078295, 0.00902557373043432, 0.007331848144503281, 0.027206420898333715, 0.07904052734344848, 0.046871185302555574, 0.01524353027337935, 0.007652282714814559, 0.8035774230926377]",0,Normal-1527.png
1073805,0,192.4435122614971,0.8085086662229373,"[0.00553131103513515, 0.01174163818354896, 0.00876617431637281, 0.033004760742061594, 0.0824089050289825, 0.05521392822244563, 0.019519805908128664, 0.010845184326130504, 0.7729682922333795]",0,Normal-57.png
674730,0,126.98231867661443,0.8755097122160258,"[0.00391769409178193, 0.006980895996067119, 0.006732940673802441, 0.024513244628812738, 0.05627441406228533, 0.039031982421726105, 0.013755798339791275, 0.007621765136689675, 0.8411712646452286]",0,Normal-1003.png
1160505,0,204.39623975660467,0.9177155774575635,"[0.0037956237792823957, 0.00621414184567942, 0.004779815673809891, 0.015407562255800599, 0.030635833740117507, 0.018257141113211604, 0.00672912597653683, 0.0034179687499869614, 0.91076278686176]",0,Normal-2036.png
1766640,0,198.1114848336595,0.7936127024374782,"[0.006649017333959011, 0.011707305908158465, 0.010509490966756784, 0.035373687744005684, 0.09334945678675327, 0.054805755615025306, 0.019371032714769854, 0.009403228759729754, 0.7588310241670272]",0,Normal-2903.png
953700,0,145.6382093933464,0.8439104830425556,"[0.004734039306622566, 0.008663177490201327, 0.008041381835906825, 0.027652740478410136, 0.06598281860326392, 0.04162979125960682, 0.015308380126894727, 0.007774353027314093, 0.8202133178679648]",0,Normal-2436.png
998580,0,173.79184121208417,0.8330999105852704,"[0.004039764404281465, 0.00851058959957691, 0.007205963134738137, 0.02682113647450706, 0.0784263610836852, 0.05119323730449221, 0.014770507812443654, 0.007724761962861157, 0.8013076782195995]",0,Normal-1496.png
671160,0,75.9675727739726,0.8955254060489786,"[0.0030517578124883583, 0.005401611328104394, 0.005378723144510732, 0.018718719482350467, 0.05028152465801131, 0.02852249145496932, 0.010379791259726028, 0.005146026611308494, 0.8731193542447162]",0,Normal-1766.png
989145,0,135.48896159491193,0.9101951494383885,"[0.0033226013183467002, 0.005558013915994422, 0.005352020263651458, 0.017494201660089515, 0.03576278686509795, 0.021228790283122145, 0.007320404052706449, 0.0036621093749860303, 0.9002990722621906]",0,Normal-305.png
435540,0,65.93940343688845,0.9308901034456938,"[0.002479553222646791, 0.0038261413574072795, 0.0037841796874855645, 0.011970520019485585, 0.02911758422840455, 0.020389556884687843, 0.007858276367157522, 0.004112243652328063, 0.916461944576582]",0,Normal-395.png
732615,0,66.078071489726,0.9051189640729789,"[0.002986907958972981, 0.005638122558572242, 0.005168914794902157, 0.0170516967772787, 0.03541946411119301, 0.024364471435453932, 0.010261535644492104, 0.004741668701153787, 0.8943672180141664]",0,Normal-938.png
860880,0,118.06669673434439,0.8670274299287373,"[0.0036621093749860303, 0.007488250732393309, 0.006500244140600203, 0.02306747436514638, 0.05652618408181562, 0.0374603271482946, 0.013992309570259123, 0.006816864013645871, 0.8444862365690441]",0,Normal-1093.png
1273215,0,166.34276388209395,0.8368916475837184,"[0.004863739013653321, 0.009120941162074582, 0.007263183593722293, 0.026580810546773602, 0.0733909606930794, 0.0472106933591949, 0.015304565429629118, 0.00875854492184159, 0.8075065612762165]",0,Normal-13.png
1064625,0,108.40204562133073,0.7625057718694107,"[0.005241394042948756, 0.011116027831988845, 0.011009216308551752, 0.03836822509750989, 0.1087646484370851, 0.07192993164035061, 0.021099090576091387, 0.012271881103468812, 0.7201995849581901]",0,Normal-3375.png
1949475,0,423.2057278926125,0.7951189035947595,"[0.007453918457002815, 0.013355255126902178, 0.009975433349571322, 0.03517913818345955, 0.08638763427701421, 0.05743026733376529, 0.017158508300715795, 0.010948181152301987, 0.7621116638154521]",0,Normal-1896.png
1139595,0,111.84702177103713,0.8472362961036709,"[0.004604339599591811, 0.008628845214810834, 0.00810241699215659, 0.02716827392567761, 0.07017898559543541, 0.04290771484358632, 0.01576232910150237, 0.007904052734344849, 0.8147430419890794]",0,Normal-1698.png
844560,0,74.07636680528371,0.8844355379395012,"[0.003856658935532163, 0.007717132568329936, 0.005947113037086688, 0.02002334594718924, 0.05162429809550619, 0.03229522705065805, 0.012329101562452968, 0.006431579589819215, 0.8597755432096108]",0,Normal-437.png
2430150,0,282.5860215875734,0.5860088356686142,"[0.009567260742151003, 0.021007537841716738, 0.018623352050710206, 0.06707763671849412, 0.1907005310051319, 0.12361526489210657, 0.03744888305649777, 0.02195358276358813, 0.5100059509257888]",0,Normal-835.png
1109760,0,251.6602021159491,0.7096218227029663,"[0.010177612304648675, 0.020156860351485607, 0.018188476562430615, 0.056945800781032764, 0.11076736450153057, 0.09647750854455384, 0.03882598876938314, 0.0302314758299628, 0.6182289123511573]",0,Normal-337.png
1013115,0,154.7252132766634,0.8100910637978164,"[0.004966735839824803, 0.009918212890587164, 0.008888244628872343, 0.03347396850573168, 0.08625793456998344, 0.05613327026345774, 0.01845932006828896, 0.01064682006831876, 0.7712554931611204]",0,Normal-662.png
431460,0,56.84757980675145,0.9072954676560967,"[0.003208160400378387, 0.005264282226542418, 0.005035400390605791, 0.015621185302674784, 0.04028320312484633, 0.02655792236317994, 0.009780883789025188, 0.005653381347634684, 0.8885955810512978]",0,Normal-37.png
1209210,0,182.8578537793542,0.8821485247945097,"[0.0037918090820167854, 0.006690979003880726, 0.004821777343731606, 0.02045059204093761, 0.05105590820293024, 0.032817840576046683, 0.009056091308559203, 0.004570007324201317, 0.8667449951138811]",0,Normal-1185.png
656115,0,102.29185650073384,0.6634928093746905,"[0.012378692626905904, 0.027267456054583483, 0.023361206054598384, 0.07271194457980075, 0.11910629272415502, 0.1220550537104719, 0.05480957031229092, 0.0469169616697429, 0.521392822263636]",0,Normal-2426.png
696150,0,121.70791034735808,0.9102774967611837,"[0.0025253295898341166, 0.004199981689437103, 0.004142761230452947, 0.015361785888613274, 0.039318084716646884, 0.024238586425688786, 0.0072021484374725254, 0.0032920837402218165, 0.8997192382778179]",0,Normal-1596.png
1115880,0,110.87060069104697,0.7518404402646502,"[0.005355834960917069, 0.011524200439409164, 0.011051177978473468, 0.040893554687344, 0.11783599853470673, 0.0744438171383879, 0.022865295410069025, 0.012973785400341133, 0.7030563354465368]",0,Normal-748.png
1749045,0,213.44992967221123,0.8038954670871928,"[0.007461547851534037, 0.012748718261670117, 0.010490417480428732, 0.03546524047838034, 0.08677291870084086, 0.054267883300574235, 0.019382476806566688, 0.010200500488242338, 0.7632102966279479]",0,Normal-2648.png
624240,0,113.34920040362032,0.8776962796716394,"[0.004280090332014923, 0.007991790771453889, 0.007247924804659851, 0.022281646728430627, 0.04917907714824989, 0.038333892822119395, 0.014793395996037318, 0.00808715820309415, 0.8478050231901252]",0,Normal-1710.png
2262870,0,370.2971845951566,0.5985740937309029,"[0.010589599609334603, 0.020465850830000052, 0.018333435058523813, 0.06656646728490231, 0.1756935119622204, 0.12219238281203387, 0.03829574584946329, 0.020751953124920838, 0.527111053464786]",0,Normal-1020.png
1417800,0,66.99835264799412,0.4607205352387166,"[0.010856628417927335, 0.025310516357325324, 0.027271270751849094, 0.10573196411092478, 0.24446487426664557, 0.17604446411065655, 0.06140136718726577, 0.03899002075180439, 0.3099288940417865]",0,Normal-2200.png
2282505,0,376.07530424412926,0.7254264386709804,"[0.00799942016598511, 0.016803741455014023, 0.011871337890579713, 0.04755783081036546, 0.11755752563431718, 0.08248138427702911, 0.024990081787014045, 0.014472961425726039, 0.6762657165501547]",0,Normal-599.png
863430,0,116.78237371575338,0.8770448034656374,"[0.0036849975585796927, 0.007205963134738137, 0.006240844726538693, 0.021270751953043857, 0.052143096923629215, 0.031967163085815556, 0.01190948486323582, 0.006111145019507938, 0.8594665527310964]",0,Normal-2416.png
622200,0,70.18746177837573,0.9065393405371743,"[0.0028228759765517317, 0.005016326904277739, 0.005317687988260964, 0.01678466796868597, 0.04112243652328063, 0.025054931640529424, 0.009105682373012139, 0.004440307617170561, 0.8903350830044161]",0,Normal-1518.png
339405,0,67.65750366927593,0.931685018951607,"[0.0017127990722590912, 0.0033416748046747524, 0.002769470214833185, 0.011775970458939453, 0.028038024902236794, 0.023193359374911522, 0.007980346679657057, 0.003948211669906813, 0.9172401428187666]",0,Normal-2482.png
633675,0,61.44678021037183,0.9298957084908893,"[0.0022621154785069956, 0.00391769409178193, 0.0034523010253774554, 0.011322021484331809, 0.02868652343739057, 0.01778793334954152, 0.007225036621066189, 0.0033531188964715836, 0.9219932556117172]",0,Normal-2702.png
632145,0,63.9434434625734,0.9393357655224907,"[0.003021240234363475, 0.004817962646465996, 0.003330230712877921, 0.010375976562460419, 0.02119827270499726, 0.01726150512688728, 0.006683349609349505, 0.004104614257796842, 0.9292068481409865]",0,Normal-545.png
989910,0,106.92622844300388,0.8585698947469861,"[0.003849029541000942, 0.007770538330048483, 0.0066452026366934005, 0.023262023925692512, 0.06393432617163111, 0.03995895385726944, 0.013690948486275898, 0.0065269470214594765, 0.834362030026114]",0,Normal-3469.png
1335945,0,129.878019508317,0.8412872284649063,"[0.004081726074203179, 0.008789062499966473, 0.006591796874974854, 0.027027130126850023, 0.0740432739254988, 0.04474258422834494, 0.014209747314398918, 0.007347106933565723, 0.8131675720183824]",0,Normal-3130.png
844050,0,111.9665713674168,0.8536892180992464,"[0.0040550231933439065, 0.0076446533202833376, 0.006599426269506075, 0.0240249633788146, 0.0646591186520971, 0.041259765624842605, 0.013359069824167789, 0.006660461425755842, 0.831737518307374]",0,Normal-2067.png
671160,0,79.8494832436399,0.9154326006514111,"[0.0024719238281155705, 0.0044288635253737305, 0.0044631958007642246, 0.01404953002924328, 0.0352325439451781, 0.022445678710851878, 0.007438659667940373, 0.0036926269531109136, 0.9057769775356073]",0,Normal-1553.png
282030,0,36.410416157045006,0.9290531372989083,"[0.002529144287099727, 0.00571060180661884, 0.0036010742187362627, 0.012805938720654273, 0.024139404296782914, 0.020481109619062497, 0.00986862182613423, 0.00579071044919666, 0.9150733947718999]",0,Normal-1646.png
1115115,0,187.3185887047456,0.8139963696667109,"[0.005039215087871402, 0.010124206542930128, 0.008884429931606734, 0.03167343139636355, 0.08398437499967962, 0.05488967895486874, 0.017845153808525676, 0.008930206298794059, 0.7786293029755453]",0,Normal-1926.png
484755,0,71.72503363502935,0.8951299483446324,"[0.0038299560546728897, 0.007442474365205984, 0.00638580322263189, 0.01906967163078663, 0.03751754760727875, 0.02783966064442505, 0.012969970703075524, 0.006698608398411947, 0.8782463073696966]",0,Normal-2153.png
981240,0,103.84143759173189,0.7949692939624188,"[0.0043945312499832365, 0.009807586669884462, 0.009658813476525654, 0.036334991454939514, 0.09720993041955105, 0.06331253051733661, 0.02001953124992363, 0.012054443359329016, 0.7472076415987121]",0,Normal-2854.png
1097265,0,84.9965562316536,0.7960733920030514,"[0.004199981689437103, 0.009342193603479987, 0.008728027343716705, 0.032989501952999156, 0.10095214843711489, 0.05910110473610267, 0.01804733276360303, 0.009601593017541498, 0.7570381164521902]",0,Normal-2196.png
953955,0,163.67444731531313,0.7747498846801949,"[0.0070686340331761605, 0.013248443603465086, 0.01190948486323582, 0.042041778564292746, 0.09181213378871227, 0.07482910156221455, 0.027969360351455804, 0.01710128784173164, 0.7140197753879012]",0,Normal-1831.png
1054170,0,163.06364282656557,0.8259083425423809,"[0.004802703857403554, 0.009593963623010276, 0.00791168212887607, 0.029319763183481902, 0.07810211181610831, 0.05373764038065438, 0.016292572021422223, 0.008460998535123974, 0.7917785644501045]",0,Normal-2527.png
1136025,0,160.04162334882582,0.8555382477414885,"[0.004116058349593673, 0.007667541503877001, 0.007820129394501418, 0.02608108520497863, 0.057838439941185614, 0.03738021850571678, 0.011993408203079248, 0.006099700927711106, 0.8410034179655418]",0,Normal-2668.png
897855,0,178.51961533757338,0.7360346767861519,"[0.007045745849582497, 0.013385772705027062, 0.013481140136667322, 0.04967880249004487, 0.10858154296833579, 0.08548355102506452, 0.030586242675664572, 0.01660156249993667, 0.675155639645862]",0,Normal-3249.png
989910,0,163.79379433708408,0.8617478313210902,"[0.0035934448242050418, 0.006954193115207847, 0.006664276123021453, 0.02383422851553408, 0.06268310546851089, 0.03906249999985099, 0.012908935546825756, 0.00596618652341474, 0.8383331298796145]",0,Normal-3416.png
945285,0,70.9393652152642,0.9026235415277362,"[0.003082275390613242, 0.005683898925759568, 0.005840301513649596, 0.016578674316343005, 0.03635025024400196, 0.02350234985342597, 0.009090423583949698, 0.0041732788085778304, 0.8956985473598644]",0,Normal-3058.png
1217115,0,137.041248776908,0.8370216952981508,"[0.004364013671858353, 0.008785247802700862, 0.006988525390598341, 0.02725982666005226, 0.07296371459933104, 0.04876327514629836, 0.015483856201112808, 0.008018493652313162, 0.8073730468719201]",0,Normal-345.png
2089980,0,329.1787013820939,0.6982676927228806,"[0.008865356445278682, 0.01592636108392362, 0.014690399169865835, 0.05392456054666929, 0.13880538940376738, 0.08784484863247739, 0.02922439575184164, 0.016235351562438067, 0.6344833373999234]",0,Normal-3427.png
447015,0,73.26914903375733,0.8600792413578612,"[0.0036087036132674837, 0.007556915283174297, 0.007194519042941305, 0.02555465698232439, 0.05707931518532913, 0.04430770874006535, 0.016368865966734432, 0.008750915527310367, 0.8295783996550385]",0,Normal-566.png
2292195,0,375.65472877935423,0.6824186744398342,"[0.009590148925744666, 0.01719284057610629, 0.014072418212836942, 0.053699493407998275, 0.14265823364203392, 0.09394454956018851, 0.027492523193254497, 0.015190124511660803, 0.6261596679663614]",0,Normal-2383.png
1409130,0,245.18187377690802,0.6610635496267901,"[0.00587463378904009, 0.016208648681578793, 0.014533996581975807, 0.0711975097653534, 0.143421173095156, 0.11370468139605062, 0.03660202026353225, 0.026729583740132408, 0.5717277526833658]",0,Normal-2326.png
475320,0,82.46705295988255,0.8931462461622379,"[0.002872467041004667, 0.005722045898415672, 0.005416870117166836, 0.019260406494067153, 0.04589080810529369, 0.030967712402225615, 0.011764526367142621, 0.00553894042966637, 0.8725662231412027]",0,Normal-764.png
775965,0,105.49726333170251,0.8990304606791263,"[0.0036087036132674837, 0.005939483642555468, 0.004989624023418466, 0.01667404174798327, 0.04472351074201689, 0.028804779052624494, 0.010650634765584371, 0.005805969238259102, 0.8788032531704757]",0,Normal-2193.png
884340,0,202.56605461105676,0.869179295116065,"[0.0036430358886579777, 0.007396697998018659, 0.005092620849589948, 0.02246475219717993, 0.055797576904084024, 0.04043960571273636, 0.012954711914013081, 0.006607055664037296, 0.845603942867868]",0,Normal-589.png
952425,0,111.50783925513696,0.8582916774162213,"[0.004711151123028903, 0.008052825927703657, 0.007282257080050345, 0.023551940917878905, 0.06330108642553978, 0.038867950439304855, 0.013725280761666393, 0.007087707519504213, 0.8334197998015083]",0,Normal-1181.png
583695,0,51.60697468199607,0.9091936035324938,"[0.002853393554676615, 0.005294799804667302, 0.0054092407226356155, 0.016887664794857454, 0.037662506103371955, 0.023143768310458588, 0.00944900512691708, 0.004638671874982305, 0.8946609497036183]",0,Normal-2531.png
634695,0,58.99489359099803,0.8856848803642277,"[0.004058837890609517, 0.007846832275360692, 0.006404876708959942, 0.020133972167891943, 0.04124832153304577, 0.03138732910144277, 0.014160156249945982, 0.008380889892546154, 0.8663787841763825]",0,Normal-2840.png
1150815,0,154.97608855185905,0.8209258955688689,"[0.005413055419901226, 0.010002136230430595, 0.008209228515593685, 0.028984069824108182, 0.08086013793914466, 0.04877090454082958, 0.017135620117122132, 0.008972167968715774, 0.7916526794403395]",0,Normal-2856.png
2483190,0,331.8068967098825,0.663507076879658,"[0.008045196533172434, 0.017246246337824834, 0.013256072997996306, 0.053001403808391565, 0.16471099853452792, 0.0974502563472845, 0.027214050292864937, 0.013763427734322497, 0.6053123474098002]",0,Normal-2918.png
1152090,0,163.41209026418784,0.8868297700837441,"[0.003780364990219954, 0.0070190429687232245, 0.006435394287084826, 0.021179199218669207, 0.04392623901350431, 0.028480529785047604, 0.010543823242147279, 0.0052566528320111975, 0.8733787536587777]",0,Normal-254.png
840990,0,129.90138820939336,0.8913726913483716,"[0.0036506652831891986, 0.006343841552710175, 0.005050659179668233, 0.01847076416008579, 0.04841613769512781, 0.03423309326158816, 0.011459350585893785, 0.006347656249975786, 0.8660278320279463]",0,Normal-2478.png
832320,1,220.41362295132097,0.7234904355644823,"[0.007400512695284269, 0.018211364746024278, 0.013912200927681305, 0.05707931518532913, 0.10757446289021463, 0.10471343994100679, 0.037712097167824886, 0.02913284301746699, 0.624263763425353]",0,Normal-3451.png
993990,0,97.55663680283757,0.8868346276762658,"[0.0037155151367045764, 0.006546020507787529, 0.006511688232397035, 0.01915359497063006, 0.0425720214842126, 0.027492523193254497, 0.010848999023396115, 0.004737854003888177, 0.8784217834439146]",0,Normal-1594.png
662745,0,56.91299993884541,0.9094563280633748,"[0.003143310546863009, 0.005264282226542418, 0.005031585693340181, 0.01541900634759743, 0.040023803710784824, 0.02223205566397769, 0.008811950683560135, 0.004604339599591811, 0.8954696655239278]",0,Normal-2087.png
1290810,0,143.39229146281795,0.8358198933913648,"[0.004703521728497683, 0.009742736816369084, 0.00791549682614168, 0.027862548828018713, 0.07733917236298622, 0.047042846679508046, 0.01659393310540545, 0.00878143310543525, 0.8000183105438231]",0,Normal-3492.png
1075080,0,128.0303212145303,0.7911160417458771,"[0.004955291748027972, 0.011032104492145416, 0.009780883789025188, 0.03353500366198145, 0.09855270385704593, 0.06072616577125272, 0.020805358886639383, 0.011299133300738147, 0.7493133544893291]",0,Normal-3162.png
1210485,0,163.3237753791585,0.8028569736553478,"[0.004318237304671027, 0.010070800781211583, 0.008907318115200395, 0.0326042175291725, 0.09194564819300863, 0.05559921264627228, 0.017494201660089515, 0.008735656738247926, 0.7703247070283115]",0,Normal-1446.png
825945,1,144.63579760885517,0.8476552808161377,"[0.004119873046859283, 0.009227752685511674, 0.00800704956051633, 0.027858734130753102, 0.0637512207028818, 0.046340942382635725, 0.017169952392512625, 0.009632110595666382, 0.8138923644988484]",0,Normal-2975.png
1192380,0,123.46962145303321,0.8686766859358731,"[0.004711151123028903, 0.007793426513642145, 0.006900787353489301, 0.021701812744057837, 0.058540344238057936, 0.03415679931627595, 0.01268768310542035, 0.006771087646458545, 0.8467369079557543]",0,Normal-2306.png
1505775,0,260.4748119496087,0.7009412480151607,"[0.009105682373012139, 0.01626968383782856, 0.01550292968744086, 0.054431915282995486, 0.13385772705027063, 0.0877723693844308, 0.031635284423707444, 0.01582336425775214, 0.6356010436987473]",0,Normal-751.png
894540,0,234.20085845768102,0.8611342613708938,"[0.0050544738769338435, 0.009654998779260043, 0.006668090820287063, 0.024940490722561107, 0.05030059814433937, 0.0461883544920113, 0.016479492187437134, 0.011753082275345791, 0.8289604186980096]",0,Normal-2060.png
1032240,0,142.72339010518593,0.851088643582353,"[0.0048561096191221, 0.009033203124965541, 0.007366180419893775, 0.026004791259666423, 0.06787490844700671, 0.045242309570139916, 0.01525115966791057, 0.00783538818356386, 0.8165359497039164]",0,Normal-582.png
915960,0,141.75607723825829,0.8134002168998952,"[0.0035934448242050418, 0.009601593017541498, 0.006656646728490232, 0.02776336669911284, 0.08190917968718754, 0.06266021728491722, 0.01720809936516873, 0.0105514526366785, 0.7800559997528836]",0,Normal-2458.png
834360,0,151.39966823630135,0.858442762588825,"[0.004199981689437103, 0.00791931152340729, 0.007263183593722293, 0.026123046874900347, 0.060924530029064464, 0.04353332519514643, 0.01585769653314263, 0.008464813232389585, 0.8257141113249751]",0,Normal-781.png
720120,0,71.57676431017613,0.908387280855529,"[0.002819061279286121, 0.004638671874982305, 0.0040893554687344005, 0.01395797729486863, 0.039970397949066275, 0.02562332153310538, 0.008071899414031709, 0.003974914550766087, 0.8968544006313444]",0,Normal-1951.png
2364360,0,286.7860812133072,0.6122537782609261,"[0.010360717773397976, 0.0196800231932843, 0.018959045410083926, 0.06690216064427604, 0.18152236938407318, 0.1086921691890385, 0.03594207763658164, 0.018657684326100703, 0.539283752439349]",0,Normal-2105.png
929475,0,103.21876528864969,0.9125439676738322,"[0.003288269042956206, 0.005146026611308494, 0.005332946777323406, 0.01660537719720228, 0.0352325439451781, 0.020713806152264733, 0.008071899414031709, 0.003841400146469721, 0.9017677307094506]",0,Normal-1267.png
733890,0,64.72683769569471,0.9121206145676375,"[0.0029754638671761493, 0.005336761474589016, 0.004959106445293582, 0.015178680419863972, 0.03573608398423868, 0.022335052490149172, 0.009235382080042895, 0.004573822021466927, 0.8996696472133648]",0,Normal-637.png
530145,0,84.53806109344421,0.8889168063678076,"[0.0034370422363150135, 0.005867004394508869, 0.005886077880836922, 0.01837921142571114, 0.04721832275372612, 0.032638549804562995, 0.011466979980425007, 0.006427764892553605, 0.8686790466275456]",0,Normal-529.png
806310,0,94.50421966731896,0.8811872610025684,"[0.0035400390624864956, 0.006343841552710175, 0.006431579589819215, 0.022018432617103505, 0.05414962768534031, 0.03402328491197958, 0.011859893798782883, 0.005634307861306632, 0.8559989929166565]",0,Normal-2684.png
2063205,0,298.4363533512719,0.7212684880326365,"[0.010662078857381203, 0.01803970336907181, 0.016250610351500508, 0.04962539672832632, 0.10769653320271416, 0.077625274657907, 0.03166961669909794, 0.017341613769465098, 0.6710891723607212]",0,Normal-1804.png
1138065,0,135.69541952054794,0.7924423826990633,"[0.0049858093261528555, 0.010967254638630039, 0.009506225585901236, 0.03367614746080903, 0.09507369995080919, 0.05713653564431329, 0.019996643066329967, 0.010532379150350447, 0.7581253051728892]",0,Normal-1681.png
514845,0,48.14961472602739,0.8937646373116254,"[0.0036087036132674837, 0.007209777832003747, 0.0056953430175563985, 0.018516540527273116, 0.03847122192368137, 0.0289535522459833, 0.013607025146432469, 0.007656097412080169, 0.8762817382779072]",0,Normal-1783.png
807840,0,124.46104834271033,0.8580743330451083,"[0.004295349121077365, 0.007560729980439908, 0.006366729736303838, 0.023910522460846288, 0.061626434325936785, 0.04624557495099546, 0.01277160644526378, 0.007320404052706449, 0.8299026489226154]",0,Normal-971.png
1648575,0,299.92692025440306,0.7699315449170283,"[0.006565093994115581, 0.013603210449166857, 0.010368347167929198, 0.03815841674790131, 0.10232925415000027, 0.07033538818332544, 0.02196884155265057, 0.012817382812451105, 0.7238540649386449]",0,Normal-2104.png
1358130,0,207.85340096012717,0.8161734145646431,"[0.005252838134745587, 0.010379791259726028, 0.008399963378874206, 0.02947616577137193, 0.082736968993825, 0.052722930908002, 0.01609039306634487, 0.008121490478484645, 0.786819458004811]",0,Normal-1054.png
1032750,0,94.71153375733853,0.7790825475686345,"[0.0035209655761584435, 0.009094238281215307, 0.008029937744109993, 0.03616714477525266, 0.11070632934528081, 0.06907653808567399, 0.019046783447192968, 0.010818481445271231, 0.7335395812960299]",0,Normal-2529.png
635205,0,91.0321443860078,0.8671843777355202,"[0.0035209655761584435, 0.006393432617163111, 0.006332397460913344, 0.022808074951084868, 0.058940887450947034, 0.03944778442367764, 0.013584136962838805, 0.006618499755834127, 0.8423538207975679]",0,Normal-3166.png
562530,0,81.2624526051859,0.9031702679849437,"[0.003116607666003736, 0.005741119384743724, 0.005378723144510732, 0.01703643798821626, 0.0430450439451483, 0.026187896728415726, 0.01004409790035231, 0.004989624023418466, 0.884460449215376]",0,Normal-1834.png
1041930,0,157.52217618639918,0.8561524942385805,"[0.004032135009750243, 0.008583068847623507, 0.006507873535131424, 0.02401733398428338, 0.06254959106421451, 0.043033599853351465, 0.013233184814402645, 0.0071182250976290955, 0.830924987789799]",0,Normal-515.png
1010820,0,92.89693156800391,0.8842354076816215,"[0.0037536621093606807, 0.0068664550780988065, 0.006946563720676625, 0.020927429199138918, 0.04243087768538501, 0.028465270995985163, 0.011798858642533116, 0.005161285400370936, 0.873649597164636]",0,Normal-2095.png
1539945,0,146.60946673189824,0.8389504273050301,"[0.0069503784179422365, 0.01099777221675492, 0.009914398193321555, 0.028530120849500542, 0.0594024658200859, 0.04111862182601502, 0.017486572265558293, 0.01030731201167943, 0.8152923583953274]",0,Normal-2099.png
900915,0,127.23840355919766,0.8689893918977174,"[0.003379821777330857, 0.0067977905273178185, 0.0052909851074016915, 0.021194458007731648, 0.059936523437271357, 0.03797912597641762, 0.01141357421870646, 0.005733489990212504, 0.8482742309537953]",0,Normal-2291.png
2676735,0,430.8002193921232,0.6755230014103706,"[0.010246276855429663, 0.0197525024413309, 0.015438079833925483, 0.05474090576150993, 0.14001464843696587, 0.090473175048483, 0.029693603515511726, 0.01745605468743341, 0.6221847534155953]",0,Normal-1459.png
814470,0,132.3137689579256,0.8366352280644698,"[0.004333496093733469, 0.008537292480436182, 0.007484436035127699, 0.02689743041981927, 0.07172393798800765, 0.04710388183575781, 0.015357971191347663, 0.007190704345675695, 0.8113708496062798]",0,Normal-84.png
1383120,0,144.19336319716243,0.8612108474745047,"[0.004043579101547075, 0.007343292236300113, 0.005313873290995354, 0.0227470397948351, 0.06737518310521173, 0.03810119628891715, 0.011569976806596488, 0.005496978759744656, 0.8380088806120376]",0,Normal-2050.png
838950,0,82.99227923189824,0.901870028713648,"[0.0033950805663932986, 0.0059165954589618045, 0.0052909851074016915, 0.01703262329095065, 0.044830322265453984, 0.025482177734277793, 0.008968353271450163, 0.004718780517560124, 0.8843650817837357]",0,Normal-3466.png
687480,0,75.36575036692759,0.9010191546694554,"[0.0031700134277222822, 0.005767822265602998, 0.0047645568847474494, 0.01661682128899911, 0.04516601562482771, 0.027984619140518245, 0.010204315185507948, 0.005657196044900294, 0.8806686401333592]",0,Normal-1651.png
1367565,0,202.68340646404113,0.8077062630130298,"[0.005668640136697126, 0.011188507080035444, 0.009181976318324347, 0.03310775756823308, 0.08560562133756407, 0.051494598388475435, 0.018352508544851865, 0.009201049804652401, 0.7761993408173515]",0,Normal-983.png
2281740,0,205.548021648728,0.6305021343200525,"[0.00825500488278101, 0.017078399658137976, 0.01625442504876612, 0.06151199340796847, 0.17593383788995387, 0.10545730590780084, 0.031558990478395235, 0.015434265136659872, 0.5685157775857219]",0,Normal-3010.png
1149285,0,170.7539788710861,0.8090448092611728,"[0.00502395629880896, 0.010166168212851844, 0.008441925048795922, 0.032287597656126835, 0.08625030517545224, 0.05688858032204861, 0.01804733276360303, 0.009143829345668243, 0.7737503051728296]",0,Normal-2575.png
2338350,0,232.00802654109592,0.6820244107210023,"[0.009487152099573183, 0.017475128173761463, 0.01387023925775959, 0.05046081542949501, 0.15276718139590162, 0.08590698242154729, 0.02863311767567202, 0.015087127685489322, 0.6263122558569858]",0,Normal-1152.png
451860,0,49.49332650440312,0.920127255128024,"[0.0019989013671798746, 0.003963470458969255, 0.0035934448242050418, 0.013134002685496773, 0.03648757934556394, 0.024154663085845355, 0.007961273193329005, 0.0038719177245946047, 0.9048347473110014]",0,Normal-684.png
434775,0,83.77442361790605,0.9109732884419833,"[0.0026702880859273137, 0.004589080810529369, 0.0047988891601379435, 0.01651763916009324, 0.0400161743162536, 0.024967193603420382, 0.008728027343716705, 0.004283905029280533, 0.8934288024868262]",0,Normal-2878.png
1250520,0,185.6620443982387,0.8969552703332068,"[0.0034599304199086764, 0.005577087402322475, 0.005146026611308494, 0.01822662353508672, 0.04095458984359377, 0.025669097900292703, 0.0067138671874743885, 0.002990722656238591, 0.8912620544399594]",0,Normal-1437.png
1074315,0,148.94005320450097,0.8502744711345861,"[0.004417419433576899, 0.007991790771453889, 0.007461547851534037, 0.02555847167959, 0.06445693969701974, 0.03863143920883701, 0.014354705810492115, 0.006629943847630959, 0.8304977416960506]",0,Normal-161.png
356235,0,84.8664689334638,0.8845315621108958,"[0.002922058105457603, 0.005981445312477182, 0.005744934082009334, 0.02069091796867107, 0.04675674438458726, 0.0369491577147028, 0.013648986816354182, 0.006671905517552673, 0.8606338500943732]",0,Normal-3125.png
825945,0,66.2271969789628,0.914250684000542,"[0.00272369384764586, 0.0046463012695135255, 0.004791259765606723, 0.014122009277289878, 0.036926269531109134, 0.02164459228507368, 0.008159637451140749, 0.0033683776855340255, 0.9036178588832717]",0,Normal-888.png
1063605,0,176.96536356408998,0.8297813834518936,"[0.004776000976544281, 0.009075164794887255, 0.007793426513642145, 0.02860641479481275, 0.07563781738252397, 0.049911499023247104, 0.016212463378844404, 0.00868606567379499, 0.7993011474578884]",0,Normal-2037.png
1305345,0,184.8294398238748,0.8036391889378641,"[0.005668640136697126, 0.011287689208941316, 0.008960723876918942, 0.03339004516588825, 0.08510589599576909, 0.055847167968536955, 0.020118713378829502, 0.010852813720661724, 0.7687683105439423]",0,Normal-2424.png
720120,0,91.67960341242662,0.9027607486123626,"[0.0026702880859273137, 0.004920959472637478, 0.004829406738262827, 0.016197204589781963, 0.043029785156085854, 0.02630615234364965, 0.008644104003873275, 0.004085540771468789, 0.8893165588344981]",0,Normal-384.png
2157045,0,199.46642612524454,0.8123560772917862,"[0.006580352783178023, 0.011886596679642156, 0.01097488403316126, 0.03227233886706439, 0.07080459594699552, 0.043918609618973085, 0.016403198242124925, 0.008132934570281474, 0.7990264892547644]",0,Normal-2912.png
1359660,0,189.8432989848337,0.8231122846253792,"[0.006137847900367211, 0.010688781738240475, 0.00928115844723022, 0.03057861328113335, 0.07834625244110738, 0.04862594604473638, 0.018016815185478145, 0.009601593017541498, 0.7887229919403506]",0,Normal-3345.png
770865,0,119.75803418542074,0.877694217484488,"[0.003704071044907745, 0.006988525390598341, 0.006362915039038227, 0.022510528564367253, 0.052436828613081216, 0.03707885742173356, 0.013160705566356045, 0.006710052490208778, 0.8510475158658941]",0,Normal-1765.png
1065900,0,91.17620168786692,0.7997304564822316,"[0.004180908203109051, 0.009338378906214377, 0.008495330810514467, 0.03448104858385284, 0.0956993103023693, 0.060680389404065393, 0.018363952636648695, 0.01030349731441382, 0.7584571838349973]",0,Normal-2013.png
1250010,2,236.28563019814084,0.6335900305360482,"[0.010334014892538703, 0.02741622924794229, 0.018177032470633785, 0.07366943359346897, 0.12589645385694162, 0.13674926757760333, 0.050266265868948876, 0.044322967529127795, 0.51316833495898]",0,Normal-2505.png
829770,0,102.50388331702547,0.8945033076876482,"[0.0041885375976402715, 0.007377624511690607, 0.007003784179660783, 0.018722534179616078, 0.037391662597513614, 0.02528381347646605, 0.011219024658160328, 0.005886077880836922, 0.8829269409146007]",0,Normal-1308.png
1372155,0,155.1946550880626,0.900824497120608,"[0.0035552978515489375, 0.006942749023411015, 0.005908966064430584, 0.020660400390546185, 0.03960037231430206, 0.022449493408117485, 0.007938385009735342, 0.004322052001936637, 0.888622283932157]",0,Normal-2929.png
1023060,0,86.05406830968688,0.8093732251990631,"[0.0042228698730307655, 0.008377075195280543, 0.00835800170895249, 0.030956268310428785, 0.09040451049770201, 0.055530548095491294, 0.01718139648430946, 0.008995056152309437, 0.7759742736786805]",0,Normal-1058.png
1035555,0,214.74983564701566,0.6001900538382973,"[0.013252258300730697, 0.02554321289052756, 0.023265838622958123, 0.07865905761688743, 0.15522766113222036, 0.12500762939405438, 0.05403900146463761, 0.036907196044781085, 0.48809814452938804]",0,Normal-2199.png
791010,0,104.0265793175147,0.8685543510212504,"[0.003932952880844372, 0.00740814208981549, 0.006961822509739067, 0.02349853515616036, 0.061096191406016936, 0.037662506103371955, 0.014160156249945982, 0.0072364807128630195, 0.8380432128874281]",0,Normal-1950.png
1266585,0,173.41774324241678,0.8123256839231688,"[0.00519180297849582, 0.010700225830037307, 0.00894927978512211, 0.03014373779285376, 0.08268737792937207, 0.053188323974406475, 0.017475128173761463, 0.00970840454097859, 0.7819557189911577]",0,Normal-59.png
1158465,0,153.56517169153622,0.8124606810730016,"[0.005691528320290788, 0.011882781982376545, 0.008312225341765166, 0.030624389648320677, 0.07934951782196292, 0.059375762939226626, 0.020412445068281507, 0.014530181884710197, 0.7698211669892508]",0,Normal-1684.png
1348440,0,173.16608824608605,0.7864065351466936,"[0.006309509277319681, 0.012218475341750265, 0.010532379150350447, 0.0387763977049302, 0.09539413452112047, 0.0643692016599107, 0.02145385742179316, 0.01200485229487608, 0.7389411926241343]",0,Normal-1195.png
2051475,0,338.3133982081702,0.6884093404146754,"[0.009048461914027982, 0.017322540283137046, 0.01406097412104011, 0.05137634277324151, 0.13532257080026502, 0.09537887573205803, 0.029933929443245185, 0.016250610351500508, 0.6313056945776698]",0,Normal-1215.png
712470,0,64.96699944960858,0.882359962446573,"[0.0042419433593588185, 0.008613586425748391, 0.006801605224583429, 0.02130889892569996, 0.03969573974594232, 0.029518127441293646, 0.014511108398382143, 0.008136749267547086, 0.8671722412076295]",0,Normal-223.png
1545810,0,221.85590829867905,0.741035022154507,"[0.009326934814417546, 0.018512725830007504, 0.014942169189396125, 0.04611206054669909, 0.09063720703090425, 0.06880187988255004, 0.03109359741199076, 0.016757965087826697, 0.7038154602023933]",0,Normal-2420.png
1012095,0,192.81739236790605,0.7268318912796096,"[0.007362365722628165, 0.0155906677245499, 0.013408660888620725, 0.05319976806620331, 0.10424804687460232, 0.09292984008753612, 0.034191131591666445, 0.0226364135741324, 0.6564331054662459]",0,Normal-1010.png
1658775,0,163.6905500856164,0.8072880871206868,"[0.005924224853493026, 0.010955810546833207, 0.009262084960902167, 0.03281021118151546, 0.08538818359342426, 0.051311492919726136, 0.018020629882743756, 0.00860595703121717, 0.77772140502633]",0,Normal-219.png
1349715,0,185.28511038405088,0.8854003416990341,"[0.004661560058575967, 0.0072708129882535135, 0.006053924560523781, 0.020538330078046653, 0.047973632812316994, 0.026409149169821133, 0.009262084960902167, 0.0042076110839683245, 0.8736228942837767]",0,Normal-2365.png
432225,0,108.73017826565561,0.8662587373523144,"[0.0033149719238154793, 0.006484985351537762, 0.00629806518552285, 0.02478408813467108, 0.05644989013650341, 0.04335403442366274, 0.015052795410098827, 0.00809097290035976, 0.8361701965300133]",0,Normal-1461.png
1026375,0,83.30043725538158,0.7870886978871073,"[0.004657745361310357, 0.009296417236292662, 0.00911712646480897, 0.034870147704945106, 0.10287857055624818, 0.06875991821262832, 0.019790649413987005, 0.010795593261677568, 0.7398338317842871]",0,Normal-3481.png
1049580,0,139.9519401296477,0.8576936367286633,"[0.003925323486313151, 0.007671356201142611, 0.006870269775364417, 0.023475646972566697, 0.06513214111303278, 0.039112091064303925, 0.013095855712840668, 0.006820678710911481, 0.8338966369597095]",0,Normal-1232.png
1247715,0,210.01468092588055,0.8747009079661402,"[0.004051208496078295, 0.00834274291989005, 0.005462646484354162, 0.02177810668937005, 0.05703735351540742, 0.033782958984246124, 0.010627746581990708, 0.006099700927711106, 0.8528175353971373]",0,Normal-1361.png
1037340,0,111.06320327788646,0.917059992443489,"[0.002964019775379318, 0.005939483642555468, 0.004253387451155649, 0.01457214355463191, 0.04070663452132909, 0.021930694579994466, 0.006721496582005609, 0.004264831542952481, 0.8986473083461812]",0,Normal-112.png
716295,0,65.29485689823875,0.9105118111891642,"[0.0032653808593625434, 0.005908966064430584, 0.005649566650369074, 0.015377044677675715, 0.029060363769420394, 0.021144866943278714, 0.009582519531213446, 0.004997253417949687, 0.9050140380824852]",0,Normal-2799.png
974100,0,125.93058188600781,0.8462701976189125,"[0.004364013671858353, 0.008369445800749322, 0.007442474365205984, 0.02758789062489476, 0.06855392456028536, 0.04528427124006163, 0.015396118164003767, 0.007869720458954354, 0.8151321411101717]",0,Normal-1858.png
701250,0,80.18665912426613,0.8860456058577824,"[0.003772735595688733, 0.006660461425755842, 0.007087707519504213, 0.020458221435468833, 0.04500579833967207, 0.028747558593640334, 0.011821746826126779, 0.006141662597632821, 0.8703041076626956]",0,Normal-2851.png
1005720,0,168.58284154843443,0.8991261503649913,"[0.003814697265610448, 0.006195068359351368, 0.004783630371075502, 0.017864227294853728, 0.042438507079916234, 0.02531433105459093, 0.008522033691373741, 0.004150390624984167, 0.8869171142544292]",0,Normal-1576.png
738225,0,192.30198523116437,0.8639135354724731,"[0.004451751708967393, 0.00935745239254243, 0.006748199462864883, 0.025611877441308547, 0.0508956909177746, 0.04804611206036359, 0.017086029052669198, 0.013130187988231162, 0.8246726989714634]",0,Normal-1245.png
2489055,0,408.6081786631604,0.6978249106041651,"[0.010204315185507948, 0.018939971923755874, 0.014934539794864903, 0.05067062377910358, 0.1350173950190162, 0.08161544799773554, 0.028400421142469785, 0.01585388183587702, 0.6443634033178545]",0,Normal-1819.png
593640,0,51.692262414383556,0.9102490750478843,"[0.0024032592773345824, 0.004688262939435241, 0.004322052001936637, 0.015052795410098827, 0.04147338867171679, 0.023632049560456725, 0.008682250976529379, 0.004150390624984167, 0.8955955505336929]",0,Normal-615.png
1707225,0,224.04505182852253,0.7193114446509119,"[0.008628845214810834, 0.01590728759759557, 0.015129089355411037, 0.048759460449032746, 0.12515258789014758, 0.0767097473141605, 0.028690338134656178, 0.014595031738225574, 0.6664276123021453]",0,Normal-1042.png
455430,0,91.41721196183951,0.9526682709391875,"[0.0017318725585871433, 0.0028648376464734462, 0.002307891845694321, 0.00920486450191801, 0.020469665527265663, 0.012657165527295466, 0.004119873046859283, 0.0021476745605386823, 0.9444961547815532]",0,Normal-2297.png
993480,0,186.4350232387475,0.9258680466392603,"[0.002693176269520976, 0.004478454589826666, 0.0035400390624864956, 0.01389312744135325, 0.029346466064341176, 0.01728057861321533, 0.005241394042948756, 0.0023460388183504256, 0.9211807250941422]",0,Normal-2167.png
1161270,0,220.1518812683464,0.8149546570843093,"[0.005508422851541487, 0.0109901428222237, 0.009044647216762371, 0.03029632568347818, 0.0756530761715864, 0.055934906005646, 0.01770401000969809, 0.009658813476525654, 0.7852096557587234]",0,Normal-246.png
1005720,0,118.87602433953035,0.8369745357865613,"[0.004516601562482771, 0.008460998535123974, 0.008293151855437114, 0.028312683105360746, 0.07146072387668052, 0.0444335937498305, 0.016139984130797806, 0.007553100585908687, 0.8108291625945632]",0,Normal-1099.png
402900,0,52.10771618150684,0.9032508940098471,"[0.0033340454101435314, 0.007251739501925461, 0.005741119384743724, 0.017299652099543383, 0.033599853515496825, 0.0275306701659106, 0.013328552246042905, 0.007633209228486507, 0.8842811584438923]",0,Normal-3479.png
1461660,0,286.436059044765,0.8120466336541803,"[0.005329132080057796, 0.012107849121047561, 0.008106231689422202, 0.03168106079089477, 0.08362579345671224, 0.06267929077124527, 0.018436431884695296, 0.011177062988238612, 0.7668571472138715]",0,Normal-18.png
1082220,0,126.98130580357143,0.7617154415145027,"[0.005573272705056864, 0.011699676513627244, 0.01142120361323768, 0.03959655761703645, 0.11349868774370765, 0.06802749633763112, 0.023208618163973967, 0.013164520263621656, 0.7138099670382926]",0,Normal-900.png
1425960,0,168.64570465386495,0.8367849297496761,"[0.00528335571287047, 0.01004791259761792, 0.007705688476533105, 0.027091979980365402, 0.0710144042966041, 0.04724121093731979, 0.015399932861269379, 0.008331298828093218, 0.8078842163055119]",0,Normal-404.png
638265,1,208.77276862157538,0.9223285018176574,"[0.0023574829101472568, 0.006530761718725087, 0.0022583007812413854, 0.011856079101517272, 0.027290344238177146, 0.024429321288969307, 0.008369445800749322, 0.006595611572240465, 0.9103126525844181]",0,Normal-675.png
944775,0,124.77221440802343,0.8557012393824102,"[0.0037956237792823957, 0.006980895996067119, 0.005908966064430584, 0.02281188964835048, 0.06548690795873456, 0.040420532226408304, 0.012439727783155672, 0.0058822631835713105, 0.8362731933561849]",0,Normal-3485.png
563550,0,82.00399033757338,0.9159749644819033,"[0.002613067626943157, 0.004608154296857421, 0.003986358642562918, 0.014377593994085778, 0.03436279296861892, 0.024150848388579747, 0.008918762206997227, 0.004421234130842509, 0.9025611877406976]",0,Normal-415.png
1310955,0,211.17627048679054,0.8624785479452707,"[0.004383087158186405, 0.008602142333951561, 0.005920410156227416, 0.02332687377920789, 0.06145858764624993, 0.03832244873032256, 0.011177062988238612, 0.006790161132786597, 0.8400192260710143]",0,Normal-854.png
1035810,0,108.6152381971624,0.8534886007763482,"[0.0037651062011575124, 0.0070686340331761605, 0.007217407226534967, 0.02460098266592178, 0.06470108032201881, 0.039649963378754996, 0.014369964599554558, 0.006362915039038227, 0.8322639465300282]",0,Normal-2907.png
1088595,0,232.91103534735814,0.8908985089946521,"[0.004535675048810823, 0.009517669677698067, 0.005226135253886314, 0.019126892089770788, 0.0380821228025891, 0.0317268371580821, 0.012542724609327153, 0.008579254150357898, 0.870662689205663]",0,Normal-1775.png
1138065,0,120.72636756971622,0.8507363445999323,"[0.004947662353496751, 0.008872985839809902, 0.007888793945282406, 0.025745391845604912, 0.061626434325936785, 0.04230117797835426, 0.015560150146425018, 0.00799942016598511, 0.8250579833952901]",0,Normal-3152.png
903720,0,114.1175467832681,0.8555376517711037,"[0.003967285156234866, 0.006755828857396103, 0.007499694824190141, 0.025245666503809945, 0.06527328491186038, 0.038761138915867764, 0.013427734374948777, 0.006614685058568517, 0.8324546813933088]",0,Normal-425.png
756330,0,83.92526908023484,0.8851176093491897,"[0.0035896301269394315, 0.006969451904270289, 0.006259918212866745, 0.01973724365226846, 0.047122955322085866, 0.030525207519414805, 0.012641906738233025, 0.006423950195287994, 0.8667297363248186]",0,Normal-2665.png
874395,0,111.03228962818001,0.8774593851912382,"[0.0033149719238154793, 0.0061531066894296525, 0.00596618652341474, 0.02137374877921534, 0.05234909057597218, 0.034164428710807174, 0.011566162109330879, 0.005416870117166836, 0.859695434567033]",0,Normal-2606.png
723945,0,86.50224743150685,0.8839425130356177,"[0.0036163330077987046, 0.006515502929662645, 0.006847381591770754, 0.02077865600578011, 0.050697326659962856, 0.030284881591681346, 0.011734008789017737, 0.006721496582005609, 0.8628044128385055]",0,Normal-3470.png
1428255,0,260.9848374816536,0.753225431289832,"[0.007713317871064326, 0.013854980468697146, 0.012142181396438056, 0.043708801269364515, 0.11116790771441967, 0.07157897949191444, 0.024204254150298293, 0.013351440429636569, 0.7022781372043523]",0,Normal-2822.png
1053660,0,158.3858931629158,0.8372494435438096,"[0.004566192626935707, 0.008647918701138886, 0.006973266601535899, 0.02708435058583418, 0.07640457153291166, 0.04737854003888176, 0.014961242675724178, 0.00774765014645482, 0.8062362670867682]",0,Normal-1029.png
1016685,0,137.53366560665359,0.8594620007148298,"[0.0047149658202945135, 0.008373260498014934, 0.0070190429687232245, 0.022701263427647778, 0.06069564819312784, 0.03867721557602433, 0.014320373535101622, 0.007080078124972991, 0.8364181518522781]",0,Normal-1578.png
2433720,0,431.5461029231898,0.7711363278443684,"[0.008277893066374673, 0.016757965087826697, 0.01013565063472696, 0.039134979247897585, 0.09955978393516708, 0.06065368652320612, 0.019496917724535, 0.011337280273394252, 0.734645843503057]",0,Normal-1294.png
1232415,0,178.03405928938358,0.8469577723925598,"[0.004192352294905883, 0.008903503417934786, 0.005996704101539624, 0.02434158325186027, 0.0696296691891875, 0.04383087158186405, 0.012748718261670117, 0.008075714111297318, 0.8222808837859257]",0,Normal-2806.png
1014135,0,168.20258989726025,0.8983228167995744,"[0.0031394958495973985, 0.0056648254394315155, 0.00476837158201306, 0.01751708984368318, 0.0423545837400728, 0.025627136230370988, 0.007740020751923599, 0.0038452148437353316, 0.8893432617153574]",0,Normal-3365.png
1278825,0,193.78519447162424,0.8723647830050122,"[0.004802703857403554, 0.009769439697228358, 0.006435394287084826, 0.02035522460929735, 0.043273925781084924, 0.03245162963854808, 0.013172149658152877, 0.008705139160123042, 0.8610343933072623]",0,Normal-1582.png
943500,0,205.30174443493152,0.9218221995549779,"[0.0035629272460801584, 0.005844116210915206, 0.004398345947248847, 0.014160156249945982, 0.028663635253796907, 0.01687622070306062, 0.006801605224583429, 0.0038986206054538778, 0.9157943725551002]",0,Normal-3302.png
248880,0,72.55180558953032,0.9383016029131647,"[0.0017623901367120269, 0.0034217834472525716, 0.0022125244140540597, 0.010768890380818295, 0.023616790771394284, 0.020839691162029876, 0.007472991943330867, 0.0038795471191258256, 0.9260253906214675]",0,Normal-999.png
1166625,0,169.16337451076316,0.8129676548945484,"[0.005050659179668233, 0.009860992431603008, 0.008850097656216239, 0.032688140869015926, 0.083980560302414, 0.05119705200175782, 0.017585754394464165, 0.009044647216762371, 0.7817420959442835]",0,Normal-3473.png
1095990,0,167.01444395181022,0.8327761894226119,"[0.004737854003888177, 0.009059906005824814, 0.007377624511690607, 0.0269088745116161, 0.07813644409149881, 0.04724121093731979, 0.01515579223627031, 0.007991790771453889, 0.8033905029266228]",0,Normal-678.png
1179885,0,189.19480797455972,0.8480478506693837,"[0.005470275878885382, 0.009632110595666382, 0.008029937744109993, 0.026172637939353285, 0.06371307373022571, 0.040939331054531326, 0.01575851440423676, 0.009120941162074582, 0.8211631774871019]",0,Normal-2859.png
545700,0,74.01025103962817,0.9094012718507377,"[0.003448486328111845, 0.005634307861306632, 0.005924224853493026, 0.016998291015560156, 0.03039169311511844, 0.02289581298819391, 0.010292053222616988, 0.005184173583964599, 0.8992309570278196]",0,Normal-2941.png
556155,0,94.14831519080235,0.8792910774158043,"[0.0031204223632693463, 0.0059165954589618045, 0.0058479309081808165, 0.021823883056557372, 0.05220413207987898, 0.035137176513537836, 0.012306213378859305, 0.005943298339821078, 0.8577003478971187]",0,Normal-2793.png
1612110,0,174.8808631971624,0.8472327523090174,"[0.005165100097636546, 0.010089874267539635, 0.007656097412080169, 0.025150299072169684, 0.062652587890386, 0.03890228271469535, 0.014583587646428742, 0.008338928222624439, 0.8274612426726247]",0,Normal-2532.png
827475,0,78.31780516144812,0.8020568413071727,"[0.004180908203109051, 0.009086608886684087, 0.009578704833947835, 0.03383636474596467, 0.09418106079065636, 0.06163406372046801, 0.02045059204093761, 0.011966705322219976, 0.7550849914521977]",0,Normal-2307.png
408255,0,43.68566536203521,0.9164136456506601,"[0.0032806396484249853, 0.005672454833962736, 0.004741668701153787, 0.014312744140570401, 0.02896881103504574, 0.022094726562415713, 0.01065444946284998, 0.0062561035156011345, 0.9040184020961608]",0,Normal-2857.png
1236240,0,128.00152122064577,0.8753785212713822,"[0.0037879943847511748, 0.006954193115207847, 0.005516052246072708, 0.01940917968742596, 0.057025909423610584, 0.034454345702993563, 0.011833190917923609, 0.0060691833495862225, 0.8549499511686136]",0,Normal-1393.png
984555,0,99.00190343688844,0.8824763693627514,"[0.003883361816391436, 0.007038116455051277, 0.006702423095677557, 0.021129608154216273, 0.0432662963865537, 0.030303955078009398, 0.01216506958003172, 0.00587081909177448, 0.8696403503384794]",0,Normal-619.png
1056465,0,176.79845737524457,0.8406041390127605,"[0.004264831542952481, 0.007713317871064326, 0.006801605224583429, 0.02683258056630389, 0.06996917724582684, 0.048923492431453997, 0.01363754272455735, 0.007808685302704587, 0.8140487670867383]",0,Normal-2197.png
1065900,0,163.67431736179057,0.860013194380454,"[0.0041732788085778304, 0.00825881958004662, 0.006565093994115581, 0.02408599853506437, 0.061710357665780216, 0.0404891967771893, 0.013240814208933865, 0.007263183593722293, 0.8342132568327552]",0,Normal-1416.png
1160505,0,151.20344606164383,0.7965141731516993,"[0.006870269775364417, 0.01184463500972044, 0.010669708251912423, 0.03783035278305881, 0.09172821044886884, 0.06455230712866, 0.02298355102530295, 0.01234817504878102, 0.7411727905245163]",0,Normal-2904.png
738480,0,136.09198416095896,0.8064000558501532,"[0.005317687988260964, 0.009693145751916148, 0.01038742065425725, 0.03511428832994418, 0.08559417724576723, 0.06143188476539065, 0.02087783813468598, 0.011043548583942247, 0.7605400085420206]",0,Normal-3297.png
1108485,0,115.89312087206457,0.7885231087716666,"[0.003948211669906813, 0.00988388061519667, 0.007709503173798715, 0.030639648437383118, 0.10038757324180454, 0.06492614746068982, 0.018436431884695296, 0.010936737060505155, 0.7531318664522051]",0,Normal-1713.png
1271940,0,170.52479054549897,0.847888846591028,"[0.004077911376937569, 0.008617401123014002, 0.00596618652341474, 0.024726867675686923, 0.07633972167939629, 0.045795440673653424, 0.012153625488234888, 0.006904602050754911, 0.8154182434050925]",0,Normal-2581.png
1056975,0,102.93882246819962,0.7999636364738287,"[0.004043579101547075, 0.009487152099573183, 0.008243560790984178, 0.03280258178698424, 0.09755325317345599, 0.06171798706031144, 0.018177032470633785, 0.010429382324178964, 0.7575454711885165]",0,Normal-3081.png
1232670,1,94.03863059564578,0.7813974558578882,"[0.004112243652328063, 0.010139465331992571, 0.00842285156246787, 0.03498077392564781, 0.10127639770469178, 0.06672286987279234, 0.019470214843675726, 0.010261535644492104, 0.744613647458097]",0,Normal-3399.png
1708245,0,257.08816964285717,0.7857680576538126,"[0.006927490234348573, 0.012680053710889129, 0.010169982910117455, 0.03721237182602992, 0.0902175903316871, 0.06231689453101228, 0.020130157470626332, 0.010829925537068063, 0.7495155334444065]",0,Normal-447.png
1144695,0,113.41815603595889,0.7838234700813143,"[0.004878997802715763, 0.010463714599569459, 0.009906768798790334, 0.03527832031236542, 0.09856414794884276, 0.06332397460913344, 0.020092010497970228, 0.010940551757770764, 0.7465515136690271]",0,Normal-1057.png
1641945,0,187.22077956824853,0.8021672294003129,"[0.006614685058568517, 0.012886047363232093, 0.010017395019493036, 0.033061981201045754, 0.08829498290981942, 0.057090759277125966, 0.020912170410076477, 0.010658264160115592, 0.7604637145967084]",0,Normal-1882.png
1011330,0,183.87857754403126,0.8086724337052894,"[0.005245208740214366, 0.010780334472615127, 0.009387969970667312, 0.03210067749011192, 0.08403396606413256, 0.055656433105256434, 0.019355773925707413, 0.009506225585901236, 0.773933410641579]",0,Normal-311.png
1285710,0,168.7826756665851,0.8257798130242576,"[0.005065917968730675, 0.01039886474605408, 0.00757980346676796, 0.028919219970592807, 0.07968521118133665, 0.04675292968732165, 0.01692581176751356, 0.008464813232389585, 0.7962074279754783]",0,Normal-182.png
763725,0,145.49003944471622,0.875675174645222,"[0.003219604492175218, 0.005912780761696194, 0.006988525390598341, 0.02308273315420882, 0.051658630370896685, 0.03371810913073075, 0.01167678833003358, 0.004772186279278671, 0.858970642086567]",0,Normal-1421.png
760410,0,112.67003653987278,0.9207418391027883,"[0.002773284912098796, 0.0071029663085666545, 0.002861022949207836, 0.012653350830029856, 0.023777008056549923, 0.027450561523332785, 0.007896423339813627, 0.008563995361295455, 0.9069213867152903]",0,Normal-541.png
1032240,0,162.92804397015652,0.8445070506175597,"[0.0046119689941230314, 0.009170532226527518, 0.008956909179653331, 0.028244018554579756, 0.05943679809547639, 0.040260314941252665, 0.015956878662048504, 0.007465362548799647, 0.8258972167937244]",0,Normal-685.png
1144185,0,186.70375183463796,0.8086194276073578,"[0.005737304687478114, 0.009605407714807107, 0.008056640624969266, 0.02818298339832999, 0.08345031738249416, 0.06368637084936643, 0.016208648681578793, 0.010368347167929198, 0.7747039794892322]",0,Normal-3067.png
2312850,1,194.38726531922694,0.647709929802335,"[0.00818252563473441, 0.018062591552665472, 0.014934539794864903, 0.06049346923805048, 0.14404678344671612, 0.11914443969681113, 0.031040191650272216, 0.02067565917960863, 0.583419799802462]",0,Normal-3184.png
1215585,0,193.7082658084637,0.851500683724887,"[0.00468444824216963, 0.008659362792935717, 0.006462097167944099, 0.023345947265535943, 0.06811141967747456, 0.043491363525224716, 0.013420104980417557, 0.007865905761688744, 0.8239593505827943]",0,Normal-221.png
1037340,0,182.9571344483855,0.8689944849103375,"[0.0035591125488145478, 0.007804870605438977, 0.005355834960917069, 0.02215194702139987, 0.059497833251726154, 0.04097747802718743, 0.012619018554639361, 0.0073394775390345016, 0.8406944274870274]",0,Normal-1548.png
2435760,0,329.4725606959394,0.7051662544814353,"[0.009048461914027982, 0.016490936279233967, 0.012844085693310378, 0.05032348632793303, 0.13327407836863223, 0.08057403564422388, 0.025249481201075556, 0.014209747314398918, 0.6579856872533494]",0,Normal-1587.png
1327275,0,143.8166546905577,0.8385764551273929,"[0.004825592040997217, 0.009223937988246063, 0.0069847106933327305, 0.026191711425681337, 0.07423019409151371, 0.04455947875959564, 0.014282226562445518, 0.007530212402315025, 0.8121719360320581]",0,Normal-2817.png
1019235,2,208.7624526051859,0.679394460090814,"[0.00970840454097859, 0.02298355102530295, 0.019058227538989798, 0.06571578979467119, 0.11864852905228176, 0.11478805541948399, 0.04506301879865622, 0.0362205505369712, 0.5678138732888496]",0,Normal-705.png
619905,0,63.32561001712329,0.8995660006238412,"[0.0033493041992059733, 0.006515502929662645, 0.0057983398437278805, 0.018421173095632855, 0.035533905029161324, 0.026458740234274067, 0.011718749999955296, 0.006412506103491163, 0.885791778561074]",0,Normal-607.png
1316820,0,211.89509693003913,0.8165533176192565,"[0.006015777587867676, 0.010326385498007483, 0.008617401123014002, 0.029346466064341176, 0.07855224609345035, 0.05236053466776901, 0.01652908325189007, 0.008907318115200395, 0.7893447875946451]",0,Normal-2385.png
1980840,0,209.84539352984348,0.7412416222791104,"[0.008872985839809902, 0.0160293579100951, 0.013824462890572263, 0.04562377929670096, 0.1090927124019276, 0.06935501098606356, 0.02658843994130482, 0.0131072998046375, 0.6975059509250736]",0,Normal-1786.png
847875,0,158.67772290851272,0.8750522770336526,"[0.0036506652831891986, 0.00672912597653683, 0.0050544738769338435, 0.019527435302659883, 0.05881118774391628, 0.03477478027330484, 0.010971069335895648, 0.00595474243161791, 0.8545265197721308]",0,Normal-945.png
1056465,0,97.87168618517609,0.7991514849394216,"[0.004516601562482771, 0.009521484374963678, 0.009090423583949698, 0.032310485839720494, 0.09724807739220714, 0.05790328979470099, 0.017673492431573207, 0.010417938232382134, 0.7613182067842051]",0,Normal-461.png
1022550,0,124.91252599070448,0.8351936027278859,"[0.004871368408184542, 0.008777618408169641, 0.008396148681608597, 0.028739929199109115, 0.0756874084469769, 0.046897888183414844, 0.01671600341790498, 0.008415222167936649, 0.8014984130828801]",0,Normal-2269.png
1798770,0,244.42710371819953,0.8422747310801895,"[0.005607604980447358, 0.010402679443319691, 0.006683349609349505, 0.0293540954588724, 0.07218551635714651, 0.04396438598616041, 0.013732910156197613, 0.007366180419893775, 0.810703277584798]",0,Normal-3276.png
793050,0,99.01399675880627,0.8956551491071644,"[0.0036621093749860303, 0.00646972656247532, 0.0053672790527139, 0.01729202270501216, 0.04693603515607095, 0.029281616210825798, 0.010780334472615127, 0.00519561767576143, 0.8750152587857245]",0,Normal-636.png
810645,0,116.69442575831701,0.9210270863563879,"[0.0040206909179534124, 0.005489349365213434, 0.00400161743162536, 0.013687133789010287, 0.03064727783191434, 0.022792816162022427, 0.008659362792935717, 0.006191253662085757, 0.9045104980434245]",0,Normal-1628.png
1274490,0,90.50760992539138,0.7358797366844916,"[0.005802154540993492, 0.012931823730419418, 0.012336730956984189, 0.04654312133771307, 0.125236511229991, 0.07892227172821456, 0.02700805664052197, 0.015575408935487459, 0.6756439208958601]",0,Normal-206.png
1634550,2,274.7344896648727,0.7813767740933627,"[0.006427764892553605, 0.013595581054635637, 0.010124206542930128, 0.037315368652201406, 0.09738540649376913, 0.0683479309079424, 0.0218696594237447, 0.013435363769479998, 0.7314987182589283]",0,Normal-2448.png
553860,0,85.3301507460861,0.865512342618654,"[0.004371643066389573, 0.008266448974577841, 0.007946014404266562, 0.026084899902244243, 0.05500411987283705, 0.044589996337720525, 0.017910003662041055, 0.010925292968708323, 0.8249015808074001]",0,Normal-2041.png
1740375,0,220.88700923434436,0.845703604242531,"[0.006313323974585291, 0.009017944335903099, 0.00655364990231875, 0.027164459228412, 0.06747817993138322, 0.042201995849448386, 0.012470245361280554, 0.007286071777315955, 0.821514129635538]",0,Normal-2622.png
945030,0,153.61748180650687,0.8690435699481383,"[0.004215240478499545, 0.008113861083953422, 0.006988525390598341, 0.02386474609365896, 0.05356597900370191, 0.03652191162095443, 0.013835906982369094, 0.007217407226534967, 0.8456764221159146]",0,Normal-19.png
1233180,0,147.85251804060664,0.8280614996270029,"[0.004722595214825735, 0.00902938842769993, 0.00816726684567197, 0.028224945068251704, 0.07716369628876814, 0.04681396484357142, 0.015373229980410106, 0.008052825927703657, 0.8024520873992826]",0,Normal-1677.png
1623585,0,234.83593367783752,0.832831822593235,"[0.006332397460913344, 0.010295867919882599, 0.008110046386687813, 0.030921936035038292, 0.07204437255831891, 0.04557037353498241, 0.015010833740177114, 0.008026123046844382, 0.8036880493133404]",0,Normal-1400.png
2278425,0,166.9796737402153,0.7990585677614729,"[0.007862091064423133, 0.012889862060497704, 0.009834289550743735, 0.03168106079089477, 0.0771522521969713, 0.051605224609178144, 0.02024459838859465, 0.011386871337847188, 0.7773437499970346]",0,Normal-816.png
705840,0,106.65284063111548,0.8829672989282761,"[0.0037536621093606807, 0.006839752197239533, 0.006278991699194797, 0.01924514770500471, 0.047794342040833306, 0.03108215332019393, 0.012168884277297329, 0.006649017333959011, 0.866188049313102]",0,Normal-1938.png
728790,0,115.5852495107632,0.8564582449819754,"[0.004535675048810823, 0.008296966552702725, 0.007308959960909619, 0.025142669677638462, 0.062004089355232224, 0.039707183837739156, 0.015285491943301066, 0.007709503173798715, 0.8300094604460525]",0,Normal-3498.png
606390,0,83.12646771037181,0.9240632550756526,"[0.0022239685058508913, 0.004814147949200385, 0.0036201477050643153, 0.012107849121047561, 0.028213500976454874, 0.021827697753822983, 0.007522583007783803, 0.0048675537109189315, 0.9148025512660415]",0,Normal-1849.png
2548980,0,256.9423159246575,0.6767568453473278,"[0.008838653564419407, 0.01779174804680713, 0.014488220214788482, 0.05352020263651459, 0.15290069580019797, 0.08481979370084831, 0.027618408203019643, 0.01473236083978755, 0.6252899169898022]",0,Normal-442.png
1541220,0,346.1654767000979,0.6436406490748388,"[0.010364532470663587, 0.01967239379875308, 0.02033996582023491, 0.06741714477513344, 0.1529808044427758, 0.10382843017538518, 0.03810119628891715, 0.021892547607338362, 0.5654029846169838]",0,Normal-3032.png
951150,0,131.3095187133072,0.7288639564971385,"[0.006942749023411015, 0.017284393310480938, 0.01582336425775214, 0.06427383422827043, 0.10720062255818481, 0.09948348998985487, 0.03902053832992927, 0.029994964599494953, 0.6199760436988069]",0,Normal-2964.png
802995,0,141.21521067759295,0.9017630252494255,"[0.002487182617178012, 0.004924774169903088, 0.0046463012695135255, 0.017425537109308525, 0.04181289672835612, 0.02478408813467108, 0.008235931396452957, 0.0037651062011575124, 0.8919181823696445]",0,Normal-2096.png
946560,0,124.46045590753424,0.8939475360917645,"[0.003337860107409142, 0.007026672363254445, 0.004802703857403554, 0.017345428466730706, 0.04922103881817161, 0.029064178466686002, 0.009666442871056875, 0.004894256591778205, 0.8746414184536947]",0,Normal-1975.png
1087830,0,80.66912686521526,0.8236567513711404,"[0.0036849975585796927, 0.007266998290987903, 0.006523132324193866, 0.025917053222557385, 0.08926773071255009, 0.05354690551737386, 0.01345443725580805, 0.006404876708959942, 0.7939338684051744]",0,Normal-1179.png
1056975,0,122.48179121819958,0.839869668725323,"[0.004230499267561987, 0.008098602294890981, 0.006900787353489301, 0.025329589843653376, 0.07944488525360319, 0.04648208618146331, 0.01446914672846043, 0.007530212402315025, 0.8075141906707477]",0,Normal-3144.png
875160,0,145.70612921966733,0.8747270137368689,"[0.0038337707519385004, 0.006511688232397035, 0.006359100341772617, 0.020454406738203222, 0.05680465698220518, 0.03448104858385284, 0.011631011962846256, 0.006462097167944099, 0.8534622192350255]",0,Normal-82.png
1172235,0,302.1853901663405,0.8795467238020739,"[0.004146575927718557, 0.009307861328089494, 0.005264282226542418, 0.01976394653312773, 0.042549133300618935, 0.03288650512682767, 0.010574340820272162, 0.00875854492184159, 0.8667488098111468]",0,Normal-2909.png
2481660,0,406.4199371636496,0.776532157892979,"[0.008327484130827609, 0.015480041503847198, 0.010276794433554547, 0.03900146484360122, 0.09640502929650724, 0.06019592285133287, 0.018684387206959974, 0.010833740234333672, 0.7407951354952209]",0,Normal-590.png
248115,0,34.47259509540118,0.9332257569623973,"[0.002647399902333651, 0.004909515380840647, 0.004032135009750243, 0.011928558349563871, 0.021236419677653363, 0.01763916015618271, 0.00843811035153031, 0.005035400390605791, 0.9241333007777247]",0,Normal-2440.png
739500,0,108.04596532534245,0.8914725191554832,"[0.0031890869140503344, 0.00579452514646227, 0.0053749084472451214, 0.017654418945245155, 0.047279357909975894, 0.029983520507698123, 0.011032104492145416, 0.005546569824197592, 0.8741455078091653]",0,Normal-2639.png
762195,0,119.66169658145795,0.8774267651794512,"[0.0044593811034986134, 0.007713317871064326, 0.005828857421852764, 0.022418975829992603, 0.05169296264628718, 0.03937149047836543, 0.01353454589838587, 0.009353637695276818, 0.8456268310514616]",0,Normal-2264.png
874140,0,110.6404109589041,0.8932324910190694,"[0.003364562988268415, 0.006065368652320612, 0.006248474121069914, 0.018875122070240495, 0.04309463500960123, 0.028087615966689728, 0.010292053222616988, 0.004825592040997217, 0.8791465759243807]",0,Normal-2937.png
320025,0,46.616675330234834,0.9057325332415619,"[0.0034217834472525716, 0.006881713867161248, 0.005229949951151924, 0.01738357543938681, 0.030857086181522914, 0.02648162841786773, 0.012992858886669185, 0.007518768310518193, 0.8892326354946547]",0,Normal-2698.png
1159740,0,122.89553265655577,0.7575613401978423,"[0.005268096923808028, 0.011577606201127709, 0.011394500732378408, 0.042175292968589115, 0.1121253967280879, 0.0712699890134, 0.02356338500967574, 0.012580871581983257, 0.7100448608371351]",0,Normal-479.png
477870,0,93.8492386252446,0.9466749938184676,"[0.0013008117675731628, 0.0027198791503802496, 0.001251220703120227, 0.005867004394508869, 0.027381896972551795, 0.017353057861261928, 0.003116607666003736, 0.0019264221191332763, 0.939083099361652]",0,Normal-1633.png
1008270,0,111.95134387230918,0.8697084236847061,"[0.0035781860351426003, 0.007007598876926393, 0.0068664550780988065, 0.022403717040930162, 0.05291366577128252, 0.03327178955065433, 0.012584686279248868, 0.006004333496070845, 0.8553695678678308]",0,Normal-1337.png
1319115,0,182.21638025929553,0.8236995338226484,"[0.004539489746076433, 0.008747100830044758, 0.007823944091767029, 0.026958465576069037, 0.07931518554657244, 0.04777145385723964, 0.015167236328067142, 0.007343292236300113, 0.8023338317840487]",0,Normal-2548.png
1462935,0,135.78308463796475,0.8104655777259671,"[0.004745483398419397, 0.009517669677698067, 0.007995605468719498, 0.02981185913074565, 0.09302520751917638, 0.05010986328105885, 0.01481246948236537, 0.0077285766601267675, 0.7822532653778753]",0,Normal-645.png
1292340,0,135.160049229452,0.8425094735866225,"[0.004272460937483701, 0.00801467895504755, 0.007736206054657989, 0.025817871093651513, 0.07139968872043076, 0.04372024536116134, 0.013668060302682234, 0.007007598876926393, 0.8183631896941438]",0,Normal-2690.png
1042950,0,133.72299260029348,0.8829276791706142,"[0.0035629272460801584, 0.006237030029273082, 0.0060691833495862225, 0.02034378051750052, 0.04911422729473452, 0.02973175048816783, 0.010250091552695274, 0.004810333251934775, 0.8698806762662129]",0,Normal-2101.png
723690,0,121.51863686399217,0.8591829969333222,"[0.0036392211913923674, 0.007030487060520055, 0.007045745849582497, 0.0247917175292023, 0.057945251464622705, 0.04199981689437103, 0.015407562255800599, 0.006893157958958079, 0.8352470397917356]",0,Normal-3240.png
1004190,0,170.6588376039628,0.8442266987884551,"[0.004558563232404485, 0.008071899414031709, 0.007564544677705519, 0.026462554931539678, 0.07300186157198714, 0.04541778564435799, 0.014595031738225574, 0.007289886474581566, 0.8130378723113516]",0,Normal-3257.png
769845,0,83.00803800758317,0.8941543540999131,"[0.003074645996082021, 0.0052070617675582615, 0.005058288574199454, 0.019393920898363518, 0.047412872314272256, 0.02936553955066923, 0.009952545165977659, 0.004863739013653321, 0.8756713867154096]",0,Normal-695.png
934830,0,117.4564502813111,0.92453587407657,"[0.002708435058583418, 0.004722595214825735, 0.004650115966779136, 0.013950347900337409, 0.03049850463855553, 0.0171966552733719, 0.00587463378904009, 0.002906799316395161, 0.9174919128382969]",0,Normal-648.png
909585,0,145.1871139615949,0.8351485223125064,"[0.004837036132794048, 0.008911132812466006, 0.00910186767574653, 0.02879333496082766, 0.07478332519502723, 0.04895019531231327, 0.017013549804622597, 0.009098052978480918, 0.798511505123907]",0,Normal-710.png
542640,0,65.68873073630137,0.8830598076875772,"[0.003330230712877921, 0.006156921386695263, 0.006145477294898432, 0.020393371581953455, 0.052253723144331916, 0.03232574462878294, 0.011718749999955296, 0.005779266357399828, 0.8618965148892902]",0,Normal-3413.png
945285,0,160.9253378791585,0.893028745040006,"[0.0032501220703001015, 0.006523132324193866, 0.004962921142559193, 0.019557952880784768, 0.045856475829903195, 0.030426025390508933, 0.009326934814417546, 0.005470275878885382, 0.8746261596646323]",0,Normal-189.png
1085280,0,153.333697712818,0.8364866537849827,"[0.004737854003888177, 0.008850097656216239, 0.007175445556613253, 0.026153564453025233, 0.07752227783173553, 0.0466957092283375, 0.01574325561517432, 0.008300781249968334, 0.8048210144012267]",0,Normal-87.png
2442900,0,323.53955173679066,0.6832037246136526,"[0.009170532226527518, 0.01873397827141291, 0.014030456542915227, 0.051227569579882705, 0.13352966308542813, 0.09553146362268244, 0.02955245971668414, 0.01574325561517432, 0.6324806213354779]",0,Normal-3443.png
960330,0,193.0927753485812,0.8546515145211545,"[0.005092620849589948, 0.00868606567379499, 0.007335662841768891, 0.024059295654205094, 0.06150436401343725, 0.04103088378890598, 0.014328002929632842, 0.007881164550751186, 0.830081939694099]",0,Normal-1417.png
1412445,0,311.73975660469654,0.6640992084211067,"[0.009487152099573183, 0.018424987792898462, 0.01779174804680713, 0.06185531616187341, 0.14891052246036945, 0.10613632202107949, 0.03773498535141855, 0.021690368652261007, 0.5779685974099046]",0,Normal-1619.png
2252925,0,160.69938692514674,0.6351166694637425,"[0.007434844970674763, 0.017322540283137046, 0.016727447509701815, 0.05942916870094517, 0.18151473998954196, 0.10930252075153617, 0.031620025634645006, 0.016887664794857454, 0.559761047361146]",0,Normal-3043.png
1018215,1,102.26604926002933,0.8096463135986727,"[0.0042572021484212595, 0.00979614257808763, 0.008556365966764234, 0.03460693359361798, 0.09412002563440658, 0.06256103515601134, 0.020011901855392412, 0.012825012206982326, 0.7532653808565015]",0,Normal-1774.png
1680195,0,271.5722044704012,0.7775178081860172,"[0.0069503784179422365, 0.014003753662055954, 0.01038742065425725, 0.03764724731430951, 0.09352874755823697, 0.06593322753881098, 0.023296356201083005, 0.013324737548777294, 0.7349281311007121]",0,Normal-967.png
820845,0,123.71335310665357,0.8508605727935631,"[0.0038604736327977735, 0.007160186767550811, 0.0074577331542684255, 0.0251922607420914, 0.06847763061497315, 0.04060363769515761, 0.01387786865229081, 0.00646972656247532, 0.82690048217458]",0,Normal-2982.png
964665,0,162.61146954500975,0.9166187148055931,"[0.003074645996082021, 0.005867004394508869, 0.0036964416503765243, 0.014488220214788482, 0.037311553954935794, 0.021179199218669207, 0.0069160461425517425, 0.0037269592285014076, 0.9037399291957712]",0,Normal-2464.png
1071510,0,153.78819869129157,0.9081905419779845,"[0.003116607666003736, 0.005516052246072708, 0.0037155151367045764, 0.01457214355463191, 0.04159927368148193, 0.022537231445226527, 0.006282806396460408, 0.0035018920898303913, 0.8991584777797731]",0,Normal-1753.png
1063605,0,159.4933800146771,0.7982841198063964,"[0.006313323974585291, 0.010967254638630039, 0.010227203369101611, 0.036659240722516404, 0.08237838745085763, 0.062381744384527656, 0.0223083496092899, 0.011299133300738147, 0.7574653625459385]",0,Normal-2922.png
213180,0,35.4314533390411,0.9373942668300863,"[0.002418518066397024, 0.004837036132794048, 0.0035362243652208854, 0.010936737060505155, 0.02035522460929735, 0.018424987792898462, 0.008819580078091355, 0.005317687988260964, 0.92535400390272]",0,Normal-1160.png
560745,0,91.93662090264189,0.8980971681004323,"[0.0035858154296738213, 0.006275177001929187, 0.005405426025370005, 0.019474029540941337, 0.04067993164046982, 0.03238296508776709, 0.012317657470656137, 0.007209777832003747, 0.8726692199673741]",0,Normal-2107.png
1127865,0,138.59958261986296,0.8909495065663663,"[0.0032730102538937643, 0.006366729736303838, 0.0034675598144398973, 0.016407012939390536, 0.05916595458961805, 0.03149414062487986, 0.008029937744109993, 0.004604339599591811, 0.8671913146939575]",0,Normal-2789.png
632145,0,78.0311238686399,0.9272909601790613,"[0.0027389526367083018, 0.005004882812480908, 0.003337860107409142, 0.012332916259718578, 0.02777481079090967, 0.022182464599524755, 0.00766372680661139, 0.0053253173827921855, 0.9136390686000303]",0,Normal-924.png
1738335,0,208.35466991805285,0.8012253537517214,"[0.006488800048803372, 0.011112213134723235, 0.007522583007783803, 0.03210449218737753, 0.09410858154260975, 0.05825424194313715, 0.016311645507750275, 0.009578704833947835, 0.7645187377900523]",0,Normal-673.png
1238790,0,283.0171882644325,0.6878431250485012,"[0.009479522705041963, 0.020458221435468833, 0.015811920165955305, 0.06264114379858916, 0.1126022338862892, 0.11289978027300682, 0.04084777832015668, 0.03442382812486868, 0.5908355712868086]",0,Normal-2250.png
325890,0,43.12374633072406,0.9144303123037997,"[0.0032501220703001015, 0.006294250488257239, 0.004932403564434309, 0.01618576049798513, 0.027545928954973046, 0.024055480956939487, 0.01148605346675306, 0.007499694824190141, 0.8987503051723528]",0,Normal-2664.png
819825,0,86.92536845645792,0.9064194645233055,"[0.0030097961425666433, 0.005485534667947824, 0.005035400390605791, 0.016120910644469754, 0.039375305175631044, 0.024921417236233055, 0.008903503417934786, 0.004013061523422191, 0.8931350707973742]",0,Normal-895.png
2744310,0,276.1378615765656,0.615771144378586,"[0.010425567626913355, 0.020759582519452056, 0.018131256103446458, 0.0635681152341325, 0.17589569091729776, 0.10805511474568155, 0.03610229492173728, 0.020389556884687843, 0.5466728210428364]",0,Normal-202.png
1144950,0,115.45849131604693,0.7858184787508852,"[0.004585266113263759, 0.009746551513634695, 0.00868606567379499, 0.03416061401354156, 0.10230255126914099, 0.06370544433569449, 0.019233703613207878, 0.01073074340816219, 0.7468490600557447]",0,Normal-3061.png
860880,0,157.43540927715267,0.8488109549062746,"[0.0040054321288909706, 0.007888793945282406, 0.006683349609349505, 0.024814605712795965, 0.06541061401342235, 0.04876708984356397, 0.014297485351507959, 0.00783538818356386, 0.8202972412078083]",0,Normal-947.png
1101600,0,121.53272917685909,0.7909404442058153,"[0.004478454589826666, 0.010459899902303848, 0.008880615234341123, 0.034164428710807174, 0.09962844848594807, 0.06142425537085943, 0.019451141357347674, 0.011981964111282417, 0.7495307922334689]",0,Normal-3069.png
1367310,0,199.53792349559686,0.8075052771547283,"[0.005981445312477182, 0.011280059814410095, 0.009227752685511674, 0.03213882446276802, 0.08589172363248485, 0.052837371825970314, 0.018882751464771717, 0.010437011718710186, 0.7733230590790813]",0,Normal-1478.png
627555,0,75.74511527641879,0.8877359152841926,"[0.003959655761703645, 0.006912231445286131, 0.006839752197239533, 0.020977020263591852, 0.04551696777326387, 0.032367706298704654, 0.012985229492137965, 0.0069503784179422365, 0.8634910583463153]",0,Normal-2334.png
1086045,0,143.90926186399216,0.8480575042648848,"[0.004302978515608585, 0.008193969726531242, 0.007621765136689675, 0.025920867919822992, 0.06498718261693959, 0.04086303710921912, 0.014785766601506097, 0.006908416748020521, 0.8264160156218474]",0,Normal-418.png
1117920,0,165.8477862035225,0.8658883909247356,"[0.003276824951159375, 0.00689697265622369, 0.005119323730449221, 0.02223968505850891, 0.06430053710912971, 0.03737640380845117, 0.01038360595699164, 0.0050697326659962854, 0.8453369140592752]",0,Normal-396.png
1052895,0,145.72387169765167,0.8665569031254442,"[0.004108428955062453, 0.008754730224575978, 0.007640838623017727, 0.024108886718658032, 0.047630310058412055, 0.03789520263657419, 0.01524353027337935, 0.009998321533164984, 0.8446197509733405]",0,Normal-1679.png
1044480,0,183.52882292685914,0.8512318227969687,"[0.004520416259748381, 0.008541107177701793, 0.007286071777315955, 0.026325225829977702, 0.0653915405270943, 0.04153823852523217, 0.014377593994085778, 0.007274627685519125, 0.8247451782195101]",0,Normal-1101.png
1008525,0,139.3466624877691,0.9070130988184338,"[0.0046806335449040195, 0.007770538330048483, 0.0050544738769338435, 0.01593017578118923, 0.03614425659165899, 0.022415161132726992, 0.009437561035120248, 0.0071182250976290955, 0.8914489746059744]",0,Normal-3229.png
844815,0,153.22776648116437,0.8643934483910102,"[0.005062103271465064, 0.008113861083953422, 0.006671905517552673, 0.023487091064363527, 0.054695129394322604, 0.042976379394367305, 0.014160156249945982, 0.01004791259761792, 0.8347854614225968]",0,Normal-2325.png
1086555,0,133.17025440313108,0.8592230483598198,"[0.004390716552717625, 0.0073394775390345016, 0.005931854248024246, 0.023139953613192977, 0.06180953979468609, 0.04067611694320421, 0.011554718017534047, 0.006076812744117444, 0.8390808105436741]",0,Normal-2833.png
587265,0,83.85023238747551,0.890344999163338,"[0.002971649169910539, 0.005077362060527506, 0.005889892578102532, 0.019325256347582528, 0.046871185302555574, 0.029266357421763357, 0.011028289794879804, 0.0047492980956850075, 0.8748207092251784]",0,Normal-1825.png
649485,0,71.47262567270057,0.8988605892275986,"[0.002758026123036354, 0.005588531494119306, 0.005271911621073639, 0.017364501953058758, 0.049781799316216346, 0.02922058105457603, 0.010238647460898443, 0.005050659179668233, 0.8747253417935381]",0,Normal-2122.png
2185605,0,240.06113931017612,0.5793470445432148,"[0.009521484374963678, 0.021381378173746562, 0.019199371337817385, 0.06996154785129562, 0.1980400085441664, 0.12525177001905344, 0.04172515869124708, 0.024124145507720473, 0.49079513549617465]",0,Normal-232.png
502860,0,87.40007720768102,0.923557083913003,"[0.002613067626943157, 0.0041732788085778304, 0.0035095214843616123, 0.01389312744135325, 0.03498458862291342, 0.02606582641591619, 0.008705139160123042, 0.0047492980956850075, 0.9013061523403118]",0,Normal-5.png
2002260,0,312.3700961656067,0.8179997222767494,"[0.006568908691381191, 0.01125335693355082, 0.007823944091767029, 0.03184509277331602, 0.08068084716766097, 0.04882431030254812, 0.014690399169865835, 0.007682800292939442, 0.7906303405731558]",0,Normal-1200.png
1272705,0,179.0939105308219,0.7869762132745188,"[0.00561523437497858, 0.011222839355425939, 0.010169982910117455, 0.036476135253767104, 0.09392166137659484, 0.060871124267345915, 0.01959228515617526, 0.010280609130820158, 0.75185012817096]",0,Normal-1542.png
716295,0,74.10659246575341,0.8995526214380813,"[0.003059387207019579, 0.0053749084472451214, 0.005382537841776342, 0.017284393310480938, 0.043483734130693494, 0.026683807372945085, 0.008956909179653331, 0.004566192626935707, 0.8852081298794356]",0,Normal-216.png
709920,0,76.42561689701566,0.8808984054083092,"[0.004653930664044747, 0.008987426757778215, 0.007804870605438977, 0.02325439453116129, 0.04000854492172238, 0.03442382812486868, 0.016639709472592773, 0.010272979736288936, 0.8539543151822893]",0,Normal-2706.png
661470,0,179.46702620474557,0.8904767914944753,"[0.003082275390613242, 0.005691528320290788, 0.004482269287092277, 0.019100189208911513, 0.0396881103514111, 0.037075042724467946, 0.010883331298786608, 0.006465911865209709, 0.873531341549402]",0,Normal-44.png
1152345,0,104.31680375489235,0.8497978250701752,"[0.003993988037094139, 0.00842285156246787, 0.00681304931638026, 0.025772094726464186, 0.06923675537082963, 0.04265213012679042, 0.014446258544866766, 0.007289886474581566, 0.8213729858367105]",0,Normal-2022.png
1636590,0,227.01664169520544,0.8215473857176597,"[0.005580902099588086, 0.01167678833003358, 0.007141113281222759, 0.027881622314346766, 0.07609558105439722, 0.048892974853329114, 0.01575851440423676, 0.008922576904262838, 0.7980499267547682]",0,Normal-1910.png
474300,0,62.909644080234834,0.9191742499796567,"[0.0022544860839757747, 0.004184722900374661, 0.004272460937483701, 0.013580322265573194, 0.03569412231431696, 0.023532867431550853, 0.008388519287077375, 0.004169464111312219, 0.9039230346645205]",0,Normal-2974.png
744855,0,89.92156922700588,0.8969536622528576,"[0.002731323242177081, 0.005088806152324338, 0.004718780517560124, 0.017478942871027074, 0.044189453124831427, 0.028804779052624494, 0.010028839111289867, 0.004489898681623497, 0.8824691772427273]",0,Normal-2595.png
1054425,0,134.9727365154109,0.8130572553693254,"[0.004566192626935707, 0.009632110595666382, 0.009067535400356035, 0.031806945800659917, 0.08475494384733294, 0.05271148681620517, 0.01779937744133835, 0.008316040039030777, 0.78134536742866]",0,Normal-2244.png
1863795,0,342.9170972969668,0.6756740265061997,"[0.009487152099573183, 0.018413543701101633, 0.014919281005802462, 0.05328369140604674, 0.14524841308538342, 0.09158325195277564, 0.030689239501836055, 0.018444061279226515, 0.6179313659644396]",0,Normal-2654.png
199920,0,49.22313019814089,0.9621892476355891,"[0.0011634826660111867, 0.0023002624511631003, 0.000988006591793106, 0.006919860839817353, 0.014587402343694354, 0.013854980468697146, 0.0043945312499832365, 0.002758026123036354, 0.9530334472619895]",0,Normal-914.png
1559580,0,300.26810176125235,0.6464833865952047,"[0.009822845458946903, 0.019138336181567617, 0.017520904540948786, 0.06525421142553232, 0.14901733398380654, 0.1140975952144085, 0.03908920288071026, 0.026245117187399882, 0.5598144531228645]",0,Normal-2506.png
591345,0,79.31383011252446,0.9022430514157546,"[0.002826690673817342, 0.004699707031232072, 0.004787445068341112, 0.01660919189446789, 0.04243087768538501, 0.02630233764638404, 0.00910949707027775, 0.003948211669906813, 0.8892860412563732]",0,Normal-3344.png
1245165,0,109.1025868395303,0.8813305303743575,"[0.0037002563476421346, 0.006587982177709244, 0.006504058837865814, 0.021579742431558305, 0.05014801025371495, 0.02895736694324891, 0.010116577148398908, 0.005134582519511663, 0.8672714233365354]",0,Normal-2801.png
1717680,0,246.95721089163405,0.7567627500899442,"[0.007499694824190141, 0.013275146484324358, 0.011497497558549891, 0.03952789306625546, 0.10704040527302917, 0.06946945190403186, 0.022010803222572286, 0.010715484619099748, 0.7189636230441323]",0,Normal-360.png
1563660,0,274.6214224559687,0.7952275992426844,"[0.008010864257781941, 0.014591217040959963, 0.01191711425776704, 0.03993988037094139, 0.07865905761688743, 0.06072998046851833, 0.024578094482328117, 0.015125274658145426, 0.7464485168428556]",0,Normal-2609.png
776475,0,142.7811047578278,0.83594307940752,"[0.005992889404274014, 0.010616302490193876, 0.009239196777308506, 0.030895233154179018, 0.06524276733373549, 0.05381393432596659, 0.020137786865157555, 0.014533996581975807, 0.7895278930633944]",0,Normal-3231.png
1923975,0,302.1634050880625,0.6703479923981579,"[0.010482788085897511, 0.018638610839772647, 0.018009185790946926, 0.06015777587867677, 0.1403884887689957, 0.09581756591760324, 0.03585052490220699, 0.020568847656171535, 0.600086212155914]",0,Normal-258.png
553095,0,72.96529476516635,0.9071111655313967,"[0.003021240234363475, 0.004692077636700851, 0.004825592040997217, 0.01558303833001868, 0.039272308349459564, 0.026023864745994475, 0.009147644042933854, 0.0045280456542796015, 0.8929061889614376]",0,Normal-2177.png
681105,0,100.52094545009784,0.8905362103837898,"[0.0037345886230326286, 0.006771087646458545, 0.005897521972633752, 0.01984786987297116, 0.044830322265453984, 0.03218078613268974, 0.012298583984328084, 0.007080078124972991, 0.8673591613736444]",0,Normal-2990.png
794070,0,157.9934946795499,0.923019838112337,"[0.00272750854491147, 0.004451751708967393, 0.0041542053222497774, 0.014625549316350458, 0.02878189086903083, 0.018669128417897533, 0.0066108703613029065, 0.003013610839832254, 0.9169654846156426]",0,Normal-3027.png
1087320,0,175.9582122981898,0.8407223514607142,"[0.0036163330077987046, 0.007480621337862089, 0.007358551025362555, 0.025165557861232125, 0.06933212280246989, 0.04634857177716694, 0.013618469238229299, 0.006313323974585291, 0.8207664489714783]",0,Normal-1550.png
2558925,0,381.3778475110078,0.67074336941693,"[0.009975433349571322, 0.020118713378829502, 0.01422119140619575, 0.054103851318152985, 0.1439933776849976, 0.09507369995080919, 0.030197143554572307, 0.017856597900322506, 0.6144599914527341]",0,Normal-1697.png
1040145,0,136.2573997064579,0.8594586797315105,"[0.004325866699202248, 0.007869720458954354, 0.006286621093726018, 0.02434539794912588, 0.059852600097427926, 0.0407829284666413, 0.014137268066352321, 0.007122039794894707, 0.8352775573698605]",0,Normal-453.png
461295,0,89.40613533512719,0.9200351673282701,"[0.0026359558105368197, 0.004547119140607654, 0.0037498474120950705, 0.012916564941356977, 0.03193283081042506, 0.024566650390531283, 0.00902175903316871, 0.004333496093733469, 0.9062957763637303]",0,Normal-2745.png
1048050,0,158.29526969178085,0.8334116575724724,"[0.00502395629880896, 0.009227752685511674, 0.007484436035127699, 0.02589035034169811, 0.07351303100557895, 0.0475387573240374, 0.015964508056579726, 0.008171081542937579, 0.8071861267059052]",0,Normal-2794.png
1092165,0,212.2985567514677,0.6447336839451809,"[0.009853363037071787, 0.02153778076163659, 0.019824981689377498, 0.07040405273410642, 0.1441116333002315, 0.11927795410110749, 0.04578781127912221, 0.03175354003894137, 0.5374488830545904]",0,Normal-31.png
1830645,0,232.7476035041585,0.76260180464237,"[0.0071525573730195895, 0.014076232910102553, 0.010955810546833207, 0.039112091064303925, 0.10709381103474772, 0.06778717040989767, 0.02223968505850891, 0.011219024658160328, 0.7203636169406114]",0,Normal-1942.png
377400,0,65.46396465264186,0.9085003315550939,"[0.0033874511718620776, 0.00476837158201306, 0.004962921142559193, 0.016323089599547105, 0.03958892822250523, 0.02674102783192924, 0.009815216064415683, 0.0058174133300559335, 0.8885955810512978]",0,Normal-484.png
1435140,0,114.69580555895303,0.772526273283447,"[0.004898071289043815, 0.010112762451133298, 0.009681701660119318, 0.037120819091655266, 0.11276626586871046, 0.06353759765600762, 0.019886016845627266, 0.010257720947226495, 0.7317390441866617]",0,Normal-1875.png
1702635,0,278.52916309931504,0.7163308840356095,"[0.008468627929655194, 0.017230987548762393, 0.014499664306585313, 0.05186462402323965, 0.12508392333936658, 0.08575057983365726, 0.03151321411120791, 0.019798278808518224, 0.6457901000951928]",0,Normal-2026.png
889185,0,114.162029109589,0.8511782465272977,"[0.0038032531738136166, 0.007560729980439908, 0.00655364990231875, 0.024173736572173407, 0.0671424865720095, 0.04410171508772239, 0.013927459716743746, 0.006935119628879795, 0.8258018493620841]",0,Normal-1419.png
978180,0,74.12342526908023,0.8905600738392401,"[0.0027465820312395227, 0.006336212158178954, 0.005554199218728812, 0.018253326415945993, 0.042415618896322574, 0.028114318847549002, 0.01039886474605408, 0.005012512207012129, 0.8811683654751542]",0,Normal-2718.png
588030,0,78.38044275929549,0.9243293385634089,"[0.002696990966786587, 0.0046119689941230314, 0.003913879394516319, 0.013401031494089504, 0.029659271240121233, 0.024230957031157567, 0.00791549682614168, 0.0060348510741957285, 0.9075355529750536]",0,Normal-732.png
878220,0,52.33820786448142,0.9118633821044954,"[0.0030441284179571373, 0.0049171447753718674, 0.00553131103513515, 0.015316009521425948, 0.03330230712877921, 0.020534515380781042, 0.008407592773405427, 0.004283905029280533, 0.904663085934049]",0,Normal-2759.png
1634295,0,254.81514493639924,0.7165356371300107,"[0.008869171142544291, 0.016071319580016816, 0.013942718505806187, 0.049324035644343095, 0.12695693969678132, 0.08229064941374858, 0.029281616210825798, 0.015888214111267517, 0.6573753356908517]",0,Normal-364.png
740265,0,74.37375397504894,0.9133378419665216,"[0.0032653808593625434, 0.005130767822246052, 0.005466461181619772, 0.014698028564397055, 0.03157424926745768, 0.02162551879874563, 0.008522033691373741, 0.0044097900390456775, 0.9053077697719372]",0,Normal-193.png
1416780,0,237.47320664138945,0.7905888869267674,"[0.006549835205053139, 0.012622833251904973, 0.009223937988246063, 0.03490829467760121, 0.09645462036096018, 0.0642242431638175, 0.020923614501873307, 0.011547088623002825, 0.7435455322237261]",0,Normal-3188.png
1070235,0,152.6059426981409,0.8554148010421314,"[0.004261016845686871, 0.007808685302704587, 0.008380889892546154, 0.026554107665914328, 0.0565567016599405, 0.03671264648423495, 0.013919830322212525, 0.006858825683567585, 0.8389472961393778]",0,Normal-2677.png
1587375,0,208.9538397443738,0.8226493931979112,"[0.004364013671858353, 0.008895874023403565, 0.0073890686034874375, 0.028835296630749376, 0.07719802856415864, 0.04970550537090414, 0.014259338378851854, 0.007259368896456683, 0.8020935058563152]",0,Normal-3211.png
566355,0,72.13242263943249,0.8848597751573817,"[0.0035972595214706525, 0.00630187988278846, 0.005599975585916138, 0.019771575927658953, 0.04584121704084075, 0.03400039672838592, 0.01268386840815474, 0.007064819335910549, 0.8651390075650591]",0,Normal-1.png
1170960,0,138.7795529598826,0.8328419878548857,"[0.0047492980956850075, 0.00927734374996461, 0.0074577331542684255, 0.026729583740132408, 0.07212829589816235, 0.046817779540837025, 0.016754150390561086, 0.00827026367184345, 0.8078155517547309]",0,Normal-1439.png
933555,0,81.78667747064576,0.8056388364106535,"[0.002845764160145394, 0.007713317871064326, 0.0072364807128630195, 0.03351211547838778, 0.09868240356407668, 0.058460235595480116, 0.01660537719720228, 0.008113861083953422, 0.7668304443330123]",0,Normal-1842.png
1146990,0,90.89136649951072,0.8731520133766641,"[0.004093170166000011, 0.007377624511690607, 0.007240295410128631, 0.021766662597573216, 0.0473556518552881, 0.03181838989245675, 0.012977600097606744, 0.0057983398437278805, 0.8615722656217133]",0,Normal-2776.png
2355435,0,275.1825923434443,0.6491017069770472,"[0.008163452148406358, 0.017829895019463235, 0.014122009277289878, 0.057861328124779274, 0.16781997680600044, 0.10171127319297138, 0.030166625976447422, 0.01601409912103266, 0.5863113403297946]",0,Normal-1560.png
2018835,0,258.7260312194227,0.7244044913022822,"[0.007194519042941305, 0.014579772949163131, 0.012111663818313172, 0.045181274413890145, 0.12513732910108513, 0.079524993896181, 0.023712158203034545, 0.01285934448237282, 0.6796989440892041]",0,Normal-2038.png
1001895,0,153.02758454623287,0.8266689056349373,"[0.005371093749979511, 0.009578704833947835, 0.008361816406218102, 0.030731201171757767, 0.07601165771455379, 0.052326202392378514, 0.01771163940422931, 0.009384155273401702, 0.7905235290497188]",0,Normal-604.png
749700,0,101.26164995107634,0.8724998825047399,"[0.003166198730456672, 0.00578689575193105, 0.0058822631835713105, 0.02225112915030574, 0.05766677856423314, 0.03550720214830205, 0.012210845947219044, 0.005157470703105326, 0.852371215817061]",0,Normal-523.png
1136280,0,189.0361117906066,0.8353189835637842,"[0.004947662353496751, 0.009845733642540567, 0.007511138915986972, 0.028324127197157576, 0.07252120971652022, 0.04735183715802249, 0.015357971191347663, 0.00902938842769993, 0.805110931393413]",0,Normal-819.png
806055,0,61.11997003424656,0.8963247427442705,"[0.0025863647460838838, 0.005077362060527506, 0.004875183105450153, 0.018131256103446458, 0.046977996825992664, 0.028049468994033624, 0.009441375732385859, 0.004543304443342043, 0.880317687984923]",0,Normal-1911.png
1136790,0,98.84317285347356,0.7656055156158378,"[0.005001068115215297, 0.01123046874995716, 0.00954055786129173, 0.0372047424314987, 0.11316299438433394, 0.0673980712888054, 0.02138900756827778, 0.012626647949170582, 0.7224464416476347]",0,Normal-2547.png
840480,0,90.42023911448139,0.8952296151860981,"[0.0035972595214706525, 0.006011962890602066, 0.005661010742165904, 0.018352508544851865, 0.04199218749983981, 0.027236938476458597, 0.010623931884725098, 0.005516052246072708, 0.8810081481899986]",0,Normal-2832.png
1891080,1,375.77823049168285,0.6791301310353124,"[0.008651733398404495, 0.019611358642503313, 0.015090942382754931, 0.062377929687262045, 0.12842559814404134, 0.10475921630819413, 0.03617095947251827, 0.02827835082997025, 0.5966339111305365]",0,Normal-3303.png
829515,0,93.73036937377691,0.8944689321646666,"[0.0035476684570177166, 0.005733489990212504, 0.005744934082009334, 0.017620086669854658, 0.04309082031233562, 0.02658843994130482, 0.010463714599569459, 0.004787445068341112, 0.88242340087554]",0,Normal-2902.png
453390,0,56.09443798923679,0.8958567928608383,"[0.003986358642562918, 0.007522583007783803, 0.00604629516599256, 0.01805877685539986, 0.03385543823229273, 0.0277862548827065, 0.013824462890572263, 0.00757980346676796, 0.8813400268521067]",0,Normal-3371.png
617100,0,147.00738823997062,0.9262525638694926,"[0.0017395019531183642, 0.004066467285140737, 0.0019035339355396134, 0.008640289306607665, 0.034004211425651534, 0.025230407714747504, 0.004638671874982305, 0.004386901855452015, 0.9153900146449455]",0,Normal-1060.png
1080180,0,119.29385931384542,0.8632485215853771,"[0.004371643066389573, 0.008735656738247926, 0.007896423339813627, 0.024570465087796894, 0.0587120056150104, 0.03772735595688733, 0.014991760253849061, 0.008098602294890981, 0.8348960876432995]",0,Normal-502.png
1134240,0,180.02644554182973,0.828364798360687,"[0.00545120239255733, 0.0108070373534744, 0.007980346679657057, 0.028499603271375656, 0.07087707519504212, 0.05466461181619772, 0.017635345458917102, 0.011447906494096955, 0.7926368713348669]",0,Normal-622.png
1807950,0,218.82369129158508,0.6084749242986006,"[0.010700225830037307, 0.02341842651358254, 0.018829345703053172, 0.06888961791965909, 0.15661239623963694, 0.12950134277294348, 0.04566192626935706, 0.03091812133777268, 0.515468597410143]",0,Normal-2303.png
2096865,0,232.02955295988252,0.7123830496223315,"[0.009552001953088562, 0.01660156249993667, 0.014999389648380282, 0.04941558837871774, 0.11993789672805809, 0.08009719848602258, 0.029823303222542483, 0.016319274902281498, 0.6632537841771574]",0,Normal-307.png
1102620,0,114.58146556996088,0.8428439759061835,"[0.0038719177245946047, 0.0076103210448928435, 0.008026123046844382, 0.02718353271474005, 0.06753158569310176, 0.041240692138514556, 0.014965057372989787, 0.007076263427707381, 0.8224945068327999]",0,Normal-3296.png
1057995,0,187.3574027641879,0.8248389253049924,"[0.004974365234356024, 0.010169982910117455, 0.008163452148406358, 0.030090332031135213, 0.07763290405243822, 0.050392150878714015, 0.016754150390561086, 0.008666992187466938, 0.7931556701629899]",0,Normal-2125.png
2239155,0,346.9801132888943,0.6447557649003369,"[0.010021209716758647, 0.01918792724602055, 0.01633834838860955, 0.061435699462656264, 0.16285705566344125, 0.10689926147420159, 0.0344657897947904, 0.01840972900383602, 0.5703849792458711]",0,Normal-1520.png
1235475,0,191.6816712022994,0.8271991574506223,"[0.004844665527325269, 0.008937835693325279, 0.007881164550751186, 0.02919387817371676, 0.0799980163571167, 0.0489616394041101, 0.015811920165955305, 0.008152008056609527, 0.7962188720672752]",0,Normal-3261.png
782595,0,126.04790698385521,0.867528908495701,"[0.0037689208984231226, 0.007358551025362555, 0.006675720214818284, 0.02418136596670463, 0.05873489379860407, 0.04031372070297121, 0.014179229736274035, 0.007156372070285201, 0.8376312255827422]",0,Normal-716.png
528615,0,68.50694104696673,0.9003417738888466,"[0.0036621093749860303, 0.007545471191377466, 0.006088256835914275, 0.01891708374016221, 0.033195495605342115, 0.027217864990130545, 0.012760162353466949, 0.0076446533202833376, 0.8829689025845223]",0,Normal-1620.png
812940,0,71.61156892123289,0.8907250855680687,"[0.0036354064941267568, 0.006618499755834127, 0.006618499755834127, 0.01889038085930294, 0.04086685180648473, 0.02520370483388823, 0.010845184326130504, 0.005661010742165904, 0.8816604614224179]",0,Normal-833.png
912390,0,81.2161662181996,0.8811018122639459,"[0.004013061523422191, 0.007453918457002815, 0.0070838928222386015, 0.021381378173746562, 0.0493621826169992, 0.03065490722644556, 0.0128517150878416, 0.007038116455051277, 0.8601608276334375]",0,Normal-2620.png
887910,0,131.35402397260273,0.8629051774394669,"[0.004531860351545213, 0.008213043212859294, 0.008556365966764234, 0.023525238037019634, 0.05315017700175037, 0.036231994628768034, 0.013244628906199476, 0.0068321228027083125, 0.8457145690885707]",0,Normal-1476.png
1086810,0,115.9841227372798,0.9109979368705656,"[0.003288269042956206, 0.005264282226542418, 0.004295349121077365, 0.013744354247994445, 0.03779602050766832, 0.01992034912101776, 0.007156372070285201, 0.0037689208984231226, 0.9047660827602204]",0,Normal-111.png
809880,0,86.12094086350294,0.862499139195692,"[0.0037612915038919017, 0.007331848144503281, 0.00740814208981549, 0.02394485473623678, 0.062030792236091495, 0.03847885131821259, 0.014209747314398918, 0.00664138793942779, 0.836193084713607]",0,Normal-2163.png
760155,0,107.4875091731898,0.8809401471988492,"[0.0038299560546728897, 0.0071182250976290955, 0.006599426269506075, 0.021896362304603973, 0.05247879028300293, 0.033275604247919935, 0.011940002441360701, 0.006244659423804303, 0.8566169738736854]",0,Normal-563.png
1301775,0,192.822498776908,0.8027344297332805,"[0.005851745605446428, 0.011592864990190152, 0.009399414062464143, 0.03477859497057045, 0.08702087402310554, 0.05520248413064879, 0.019813537597580668, 0.010890960693317828, 0.7654495239228613]",0,Normal-1163.png
1155150,0,113.16231959393345,0.7720194391094959,"[0.0046119689941230314, 0.010959625244098816, 0.009185791015589959, 0.03575897216783234, 0.11054229736285956, 0.06852340698216047, 0.020965576171795022, 0.011955261230423144, 0.7274971008273029]",0,Normal-568.png
374595,0,40.60047700587083,0.9160156673121814,"[0.003005981445301033, 0.005928039550758636, 0.004577636718732537, 0.014774322509709266, 0.02886199951160865, 0.024127960204986084, 0.011009216308551752, 0.006481170654272151, 0.9012336730922652]",0,Normal-2270.png
760665,0,96.0942545254403,0.8593195722828163,"[0.004253387451155649, 0.007308959960909619, 0.007640838623017727, 0.02478790283193669, 0.059070587157977784, 0.038444519042822096, 0.014598846435491185, 0.006870269775364417, 0.8370246887175101]",0,Normal-482.png
1009545,0,165.78297761741678,0.8648353171769751,"[0.003978729248031697, 0.0073394775390345016, 0.006225585937476251, 0.020935058593670137, 0.060745239257580776, 0.03875732421860215, 0.011577606201127709, 0.006065368652320612, 0.8443756103483414]",0,Normal-820.png
838950,0,127.81694899706459,0.8312281226532808,"[0.004848480224590879, 0.008953094482387722, 0.008216857910124905, 0.030101776122932043, 0.07547378540010272, 0.048164367675597515, 0.01685714721673257, 0.009181976318324347, 0.7982025146453926]",0,Normal-995.png
723690,0,74.79805222602738,0.9099620591397505,"[0.0027465820312395227, 0.004547119140607654, 0.004577636718732537, 0.015232086181582519, 0.03573608398423868, 0.023273468017489342, 0.008537292480436182, 0.004180908203109051, 0.9011688232387498]",0,Normal-2233.png
1085025,0,114.0198064456947,0.879009598898787,"[0.003841400146469721, 0.007263183593722293, 0.00502777099607457, 0.018585205078054102, 0.05544281005838225, 0.03423309326158816, 0.010978698730426869, 0.0065612792968499705, 0.8580665588346174]",0,Normal-1330.png
1151070,0,133.71742753180035,0.8657634357594708,"[0.005012512207012129, 0.009323120117151935, 0.007225036621066189, 0.022296905517493068, 0.05791091918923221, 0.03536224365220885, 0.01379394531244738, 0.007946014404266562, 0.841129302975307]",0,Normal-3465.png
2464320,0,252.1330991621819,0.605685817471959,"[0.009616851806603939, 0.02103424072257601, 0.017776489257744686, 0.06378936767553792, 0.18912124633716917, 0.10969924926715965, 0.03643417358384539, 0.019985198974533137, 0.5325431823710154]",0,Normal-1945.png
1657245,0,312.90466380259284,0.7565456877948373,"[0.0077972412109077556, 0.014244079589789413, 0.010082244873008414, 0.04189300537093394, 0.10740280151326216, 0.07573699951142983, 0.024387359619047595, 0.015224456787051298, 0.7032318115207549]",0,Normal-1467.png
874650,0,139.0320373654599,0.8419331063269312,"[0.004486083984357887, 0.008670806884732549, 0.006996154785129561, 0.026123046874900347, 0.06974792480442144, 0.04841995239239342, 0.014957427978458566, 0.007717132568329936, 0.8128814697234615]",0,Normal-2655.png
716295,0,127.21527183219177,0.868416315512835,"[0.00340652465819013, 0.006851196289036365, 0.006412506103491163, 0.0233306884764735, 0.052410125732221945, 0.03908538818344465, 0.01371002197260395, 0.006752014160130493, 0.848041534420593]",0,Normal-1327.png
1881900,1,385.5007988319471,0.7908500188560991,"[0.0065612792968499705, 0.013729095458932002, 0.0072364807128630195, 0.0311813354490998, 0.08979034423793872, 0.06300735473608778, 0.017066955566341146, 0.010837554931599283, 0.7605895996064735]",0,Normal-117.png
985320,0,139.33042594178076,0.8578830799976201,"[0.0041236877441248945, 0.008529663085904962, 0.006668090820287063, 0.023460388183504256, 0.06173324584937388, 0.040508270263517346, 0.013465881347604881, 0.007263183593722293, 0.8342475891081457]",0,Normal-47.png
990930,0,130.92234894814086,0.8497852550870892,"[0.0036621093749860303, 0.007511138915986972, 0.007450103759737205, 0.025310516357325324, 0.06445312499975413, 0.04045867919906441, 0.014282226562445518, 0.0063400268554445645, 0.8305320739714411]",0,Normal-1918.png
1078650,0,199.99626192514677,0.8405441726559307,"[0.0042228698730307655, 0.00869369506832621, 0.00850296020504569, 0.02774047851551918, 0.06181716918921731, 0.043087005615070006, 0.01525115966791057, 0.006946563720676625, 0.8237380981413889]",0,Normal-2554.png
711960,0,85.10950495352249,0.8985891813329194,"[0.0032577514648313224, 0.00579071044919666, 0.00553894042966637, 0.018081665038993524, 0.04450225830061148, 0.028415679931532226, 0.010158538818320623, 0.00527954101560486, 0.8789749145474282]",0,Normal-2209.png
989655,0,137.41110414628182,0.8202131154718353,"[0.004703521728497683, 0.009262084960902167, 0.008041381835906825, 0.030029296874885446, 0.07894134521454262, 0.054855346679478244, 0.01728820800774655, 0.009639739990197602, 0.7872390747040281]",0,Normal-244.png
1270155,0,258.85966548434436,0.7932232310777385,"[0.005435943603494888, 0.010700225830037307, 0.009925842285118386, 0.03450775146471211, 0.08836364746060042, 0.05959320068336642, 0.018760681152272182, 0.010631561279256319, 0.7620811462373273]",0,Normal-1083.png
1148265,0,111.95379005626225,0.6443892883127392,"[0.010269165039023326, 0.024055480956939487, 0.018856048583912443, 0.06737518310521173, 0.13613128662057444, 0.12460327148389967, 0.04747390747052203, 0.03842163085922843, 0.5328140258768738]",0,Normal-815.png
1138320,0,176.77755014677103,0.8325726918288143,"[0.005062103271465064, 0.010066986083945972, 0.008121490478484645, 0.02844619750965711, 0.07346725463839161, 0.04832077026348754, 0.01671600341790498, 0.009826660156212514, 0.7999725341766358]",0,Normal-2663.png
794580,0,112.11964897260275,0.884286923661492,"[0.004264831542952481, 0.00740814208981549, 0.007930755615204121, 0.02110671997062261, 0.04070663452132909, 0.02750396728505133, 0.012847900390575989, 0.00655364990231875, 0.8716773986783154]",0,Normal-2090.png
2462790,0,396.2079371024951,0.7170430089222403,"[0.00970077514644737, 0.017757415771416634, 0.012744903564404506, 0.04519653320295259, 0.11780929565384747, 0.07720184326142425, 0.024555206298734453, 0.01490783691400563, 0.6801261901829524]",0,Normal-1906.png
611745,0,69.29929825097845,0.9040733359358765,"[0.0027389526367083018, 0.005252838134745587, 0.004245758056624429, 0.016551971435483735, 0.041240692138514556, 0.029758453369027105, 0.010078430175742803, 0.004703521728497683, 0.8854293823208411]",0,Normal-399.png
1194930,0,217.12821826076325,0.7958972715201533,"[0.005317687988260964, 0.011211395263629107, 0.00920486450191801, 0.0349044799803356, 0.09077835082973183, 0.06152725219703092, 0.019519805908128664, 0.010501861572225563, 0.7570343017549246]",0,Normal-2015.png
2264400,0,307.1184946795499,0.6953228535202226,"[0.009231567382777283, 0.01762771606438588, 0.013614654540963689, 0.05041503906230768, 0.13863754272408052, 0.08737564086880731, 0.027164459228412, 0.014766693115178043, 0.6411666870092729]",0,Normal-1868.png
811410,0,96.06600110078277,0.9129504226434999,"[0.0028648376464734462, 0.005237579345683145, 0.0042762756347493125, 0.01514816284173909, 0.04022216796859656, 0.021495819091714875, 0.007247924804659851, 0.0037078857421733555, 0.8997993469203956]",0,Normal-626.png
1074825,0,203.83101455479448,0.8611033826835457,"[0.004673004150372799, 0.008640289306607665, 0.007614135742158454, 0.027526855468644994, 0.05070877075175968, 0.041931152343590045, 0.015468597412050367, 0.009006500244106267, 0.834430694576895]",0,Normal-1356.png
1075080,0,149.35300727739727,0.8489833845612165,"[0.0038604736327977735, 0.008289337158171503, 0.00630187988278846, 0.023986816406158497, 0.07049942016574669, 0.042900085449055096, 0.013145446777293604, 0.006233215332007472, 0.8247833251921661]",0,Normal-2017.png
1108995,0,175.15523330479448,0.8655015115228393,"[0.004787445068341112, 0.00894927978512211, 0.006893157958958079, 0.022277832031165016, 0.05006790161113713, 0.03712463378892088, 0.013214111328074592, 0.007419586181612321, 0.849266052242854]",0,Normal-786.png
1307895,0,162.82678342098825,0.7471959408889255,"[0.0073890686034874375, 0.01320266723627776, 0.013519287109323428, 0.04595184326154346, 0.11883544921829668, 0.07457733154268426, 0.02571868896474564, 0.015026092529239555, 0.6857795715305871]",0,Normal-2888.png
1167135,0,137.37286723336592,0.8147799981614149,"[0.005130767822246052, 0.008808135986294525, 0.006958007812473457, 0.03189468383776896, 0.0845260620113963, 0.06396484374975599, 0.017440795898370966, 0.011138916015582508, 0.7701377868622965]",0,Normal-1909.png
1011075,0,143.47816780821915,0.8436444503212804,"[0.004150390624984167, 0.007148742675753979, 0.00894165039059089, 0.029308319091685072, 0.06622314453099738, 0.04210281372054252, 0.014492034912054091, 0.006572723388646802, 0.8210601806609303]",0,Normal-944.png
1044990,0,167.10221991193734,0.8307979882978088,"[0.005180358886698988, 0.009105682373012139, 0.007736206054657989, 0.02758026123036354, 0.07726287841767401, 0.04920959472637478, 0.0156631469725965, 0.008396148681608597, 0.7998657226531988]",0,Normal-2019.png
600780,0,86.4362692636986,0.9375618319526303,"[0.0013313293456980464, 0.003932952880844372, 0.0017967224121025209, 0.005500793457010266, 0.02410507202139242, 0.020889282226482814, 0.0030860900878788523, 0.0027198791503802496, 0.9366378784143957]",0,Normal-73.png
1783215,0,290.45765044031305,0.7007457734652597,"[0.007495880126924531, 0.01618194580071952, 0.013809204101509822, 0.050983428954883635, 0.13320541381785123, 0.09017181396449978, 0.029495239257699982, 0.016578674316343005, 0.6420783996557538]",0,Normal-1497.png
954720,0,154.46293266878672,0.8672605345413387,"[0.005214691162089482, 0.009090423583949698, 0.008068084716766098, 0.022888183593662688, 0.04605484008771494, 0.03242492675768881, 0.01515960693353592, 0.0077285766601267675, 0.8533706665006509]",0,Normal-2363.png
743580,0,77.41752537915848,0.8931215802686181,"[0.002803802490223679, 0.0051040649413867795, 0.0052566528320111975, 0.019897460937424095, 0.051254272460741976, 0.027694702148331852, 0.009513854980432458, 0.004795074462872333, 0.8736801147427609]",0,Normal-893.png
890460,0,99.95911815068493,0.8637945107366639,"[0.004150390624984167, 0.007160186767550811, 0.0075759887695023495, 0.02368545532217527, 0.05333328247049967, 0.03609085082994045, 0.014350891113226506, 0.007194519042941305, 0.8464584350553648]",0,Normal-2846.png
452880,0,51.538496819960855,0.9144911775482024,"[0.002590179443349494, 0.004093170166000011, 0.0044097900390456775, 0.014480590820257261, 0.03882217407211753, 0.02565002441396465, 0.008815765380825746, 0.004314422607405417, 0.8968238830532195]",0,Normal-2780.png
1802595,0,288.94634830601757,0.8048671913244169,"[0.0069847106933327305, 0.011981964111282417, 0.010787963867146347, 0.036502838134626375, 0.08219528198210832, 0.04951858520488923, 0.01703262329095065, 0.009147644042933854, 0.7758483886689154]",0,Normal-2065.png
1115880,0,155.16385610322894,0.8733932118954967,"[0.0038948059081882675, 0.008159637451140749, 0.005573272705056864, 0.02264022827139801, 0.05620574951150434, 0.03718948364243626, 0.01259994506831131, 0.0067634582519273245, 0.8469734191862222]",0,Normal-1537.png
2262870,0,221.167601822407,0.7796007342717904,"[0.008331298828093218, 0.014827728271427811, 0.012699127197217181, 0.03887557983383608, 0.08990859985317265, 0.05611419677712969, 0.02223205566397769, 0.011474609374956228, 0.7455368041963747]",0,Normal-2028.png
795855,0,91.93080357142857,0.8994382354341406,"[0.003028869628894696, 0.00562667846677541, 0.005496978759744656, 0.01820373535149306, 0.04019546508773729, 0.025741577148339304, 0.009399414062464143, 0.004344940185530301, 0.8879623413052065]",0,Normal-2062.png
994755,0,127.06675024461836,0.8320652922916703,"[0.0043411254882646895, 0.009346008300745598, 0.007255554199191072, 0.02954864501941853, 0.07938003540008781, 0.0496559143064512, 0.016494750976499578, 0.00860595703121717, 0.7953720092743096]",0,Normal-1780.png
1263270,0,172.20288802592952,0.87101608467131,"[0.0040550231933439065, 0.0076599121093457795, 0.006759643554661714, 0.02223968505850891, 0.0495452880857485, 0.032741546630734475, 0.01004409790035231, 0.005390167236307563, 0.8615646362271822]",0,Normal-2509.png
579105,0,76.40212206457926,0.9188348446633627,"[0.001941680908195718, 0.004066467285140737, 0.002918243408191993, 0.012256622314406369, 0.04164505004866926, 0.025070190429591865, 0.006820678710911481, 0.004383087158186405, 0.9008979797328914]",0,Normal-2413.png
1076610,0,120.23557898116438,0.7776491447635712,"[0.004779815673809891, 0.01149368286128428, 0.009330749511683155, 0.03694534301743719, 0.10031509399375795, 0.06935119628879795, 0.0223083496092899, 0.012779235839795, 0.73269653320033]",0,Normal-2358.png
972315,0,128.6085341242661,0.842103480966475,"[0.0038871765136570466, 0.0074920654296589196, 0.0069160461425517425, 0.025741577148339304, 0.07489776611299553, 0.043216705322100764, 0.013603210449166857, 0.006752014160130493, 0.8174934387175846]",0,Normal-1401.png
577575,0,63.783443921232866,0.88845068246521,"[0.00391769409178193, 0.006511688232397035, 0.007362365722628165, 0.019813537597580668, 0.044158935546706544, 0.027656555175675748, 0.011505126953081111, 0.006118774414039158, 0.8729553222622949]",0,Normal-321.png
1386945,0,83.81635273972601,0.796673463903565,"[0.003974914550766087, 0.008483886718717637, 0.008426666259733479, 0.03471374511705508, 0.10501480102499003, 0.058185577392356164, 0.01754760742180806, 0.008937835693325279, 0.7547149658174335]",0,Normal-1222.png
1213290,0,129.6452651051859,0.8187150929852581,"[0.004898071289043815, 0.009433746337854638, 0.007930755615204121, 0.02842712402332906, 0.08653640747037301, 0.04955673217754533, 0.015796661376892864, 0.008888244628872343, 0.7885322570770701]",0,Normal-3095.png
1615680,0,239.2655294459393,0.7255226485775031,"[0.008396148681608597, 0.016239166259703678, 0.014328002929632842, 0.04975891113262269, 0.12477493286085214, 0.08180236816375044, 0.03016281127918181, 0.016883850097591843, 0.6576538085912412]",0,Normal-2461.png
1058250,0,94.7616461289139,0.8696150286474736,"[0.003952026367172424, 0.006740570068333661, 0.006534576415990697, 0.021903991699135192, 0.05755233764626483, 0.03505706787096002, 0.012226104736281485, 0.0055274963378695394, 0.8505058288541775]",0,Normal-2825.png
1205130,0,216.79037732387474,0.8437156546230143,"[0.0058174133300559335, 0.01030731201167943, 0.008728027343716705, 0.027286529540911535, 0.06274795532202626, 0.04352951049788082, 0.015708923339783826, 0.009437561035120248, 0.8164367675750105]",0,Normal-3181.png
829260,0,118.15927715264188,0.8737909066055283,"[0.0035743713378769896, 0.006523132324193866, 0.006347656249975786, 0.023559570312410127, 0.056949615478298375, 0.03562545776353598, 0.012413024902296397, 0.0056228637695098, 0.8493843078580879]",0,Normal-1141.png
658155,0,121.9688952421722,0.8994126820881416,"[0.002777099609364406, 0.00570297241208762, 0.004688262939435241, 0.015720367431580656, 0.04333496093733469, 0.031143188476443696, 0.009410858154260975, 0.0049171447753718674, 0.8823051452603061]",0,Normal-2843.png
882810,0,135.64402672455967,0.9078197852737067,"[0.0032463073730344912, 0.005081176757793117, 0.004810333251934775, 0.016300201415953446, 0.03619384765611193, 0.0238418579100653, 0.008083343505828539, 0.004009246826156581, 0.8984336852993071]",0,Normal-1404.png
1267605,0,279.6632407350782,0.8943606588245966,"[0.0044937133788891075, 0.0077629089355172615, 0.0054435729980261095, 0.01863479614250704, 0.03691482543931231, 0.026630401611226536, 0.009220123290980453, 0.006019592285133287, 0.8848800659145932]",0,Normal-1486.png
610980,0,59.56960157778865,0.9225836158450004,"[0.003089904785144463, 0.005313873290995354, 0.004230499267561987, 0.013236999511668254, 0.0350875854490849, 0.022792816162022427, 0.008728027343716705, 0.005043029785137012, 0.9024772644008542]",0,Normal-1612.png
875415,0,138.03820251345402,0.8416418199453101,"[0.004196166992171493, 0.008155822753875138, 0.007480621337862089, 0.027427673339739122, 0.07449722290010644, 0.046775817870915316, 0.01457214355463191, 0.0075416564941118555, 0.809352874752772]",0,Normal-756.png
1254600,0,217.41533528008807,0.8532197190210468,"[0.0051040649413867795, 0.010818481445271231, 0.005744934082009334, 0.023876190185455795, 0.05562973022439716, 0.04646301269513525, 0.017166137695247014, 0.011093139648395183, 0.8241043090788875]",0,Normal-2384.png
1157955,0,142.06481240826807,0.8365886820577364,"[0.004390716552717625, 0.009098052978480918, 0.007289886474581566, 0.026840209960835113, 0.07588195800752304, 0.048942565917782045, 0.015361785888613274, 0.007755279540986041, 0.8044395446746656]",0,Normal-1282.png
1153620,0,78.40190037915848,0.8133429344716858,"[0.004184722900374661, 0.008975982665981383, 0.008029937744109993, 0.03163146972644183, 0.08670425415005988, 0.053268432616984294, 0.0166854858397801, 0.009288787841761442, 0.7812309265106917]",0,Normal-2086.png
1019745,0,157.28360445205476,0.8898515887837186,"[0.004100799560531231, 0.007522583007783803, 0.0055961608886505275, 0.01984405517570555, 0.04806518554669165, 0.030941009521366344, 0.011280059814410095, 0.005996704101539624, 0.8666534423795065]",0,Normal-1418.png
1632000,0,249.36948844178076,0.7679828640875563,"[0.0071525573730195895, 0.014919281005802462, 0.012779235839795, 0.0435218811033496, 0.1064682006831876, 0.06855392456028536, 0.024719238281155704, 0.014575958251897522, 0.7073097228976924]",0,Normal-3060.png
1821975,0,220.72795376712327,0.8383380922470632,"[0.006572723388646802, 0.01125335693355082, 0.008911132812466006, 0.028087615966689728, 0.06215286254859103, 0.04148101806624801, 0.016220092773375626, 0.008552551269498625, 0.8167686462371186]",0,Normal-204.png
905505,0,137.99034139554794,0.8704044762359624,"[0.004112243652328063, 0.007675170898408221, 0.005844116210915206, 0.021232604980387752, 0.05645370483376902, 0.03785705566391809, 0.012386322021437125, 0.006683349609349505, 0.8477554321256723]",0,Normal-42.png
1374960,0,187.06095966854204,0.8693569262841003,"[0.004432678222639341, 0.008399963378874206, 0.005336761474589016, 0.021648406982339292, 0.06088638305640836, 0.035270690917834205, 0.010787963867146347, 0.005386352539041952, 0.8478507995573126]",0,Normal-2279.png
655350,0,90.68960983365949,0.8923836763068583,"[0.003135681152331788, 0.005741119384743724, 0.00604629516599256, 0.018672943115163144, 0.04323577880842882, 0.028018951415908742, 0.010684967040974864, 0.0049514770507623615, 0.8795127868618793]",0,Normal-994.png
1289790,0,163.92240628057735,0.8256984928176014,"[0.005111694335918, 0.010498046874959952, 0.008296966552702725, 0.02936935424793484, 0.07764053344696945, 0.04970169067363853, 0.016468048095640304, 0.009422302246057807, 0.7934913635223637]",0,Normal-2029.png
2040510,0,303.35927562377685,0.7112673670014016,"[0.008384704589811765, 0.014972686767521007, 0.012733459472607676, 0.0494728088377019, 0.12467575073194627, 0.08555603027311112, 0.02544403076162169, 0.013011932372997238, 0.6657485961888666]",0,Normal-2055.png
2307240,0,363.98899599437374,0.7312853810386543,"[0.007743835449189209, 0.015182495117129583, 0.011035919189411027, 0.044136047363112885, 0.12400817871046445, 0.07727813720673646, 0.022438049316320655, 0.01107788085933274, 0.6870994567844882]",0,Normal-3064.png
2606100,0,356.4203728901662,0.7018527928356074,"[0.010150909423789403, 0.017837524413994454, 0.014205932617133309, 0.051879882812302096, 0.13189315795848125, 0.07894134521454262, 0.02718353271474005, 0.013782501220650549, 0.6541252136205515]",0,Normal-2562.png
2107830,0,330.11855965631116,0.6315250022390329,"[0.011039733886676636, 0.01967239379875308, 0.018657684326100703, 0.06537628173803185, 0.15797805786072547, 0.1100463867183302, 0.03689575195298425, 0.021331787109293624, 0.5590019226052895]",0,Normal-3153.png
1343850,0,189.74353290117415,0.8485767258923264,"[0.0052566528320111975, 0.010227203369101611, 0.006782531738255377, 0.021823883056557372, 0.06668853759740186, 0.04326248168928809, 0.013656616210885405, 0.007759094238251651, 0.8245429992644328]",0,Normal-1807.png
678555,0,77.19467037671231,0.9022114227355853,"[0.003921508789047541, 0.006179809570288926, 0.006244659423804303, 0.017269134521418497, 0.03504180908189757, 0.024288177490141723, 0.01063919067378754, 0.005970001220680351, 0.8904457092251188]",0,Normal-852.png
1328805,0,104.18766817514677,0.8394898820885749,"[0.005043029785137012, 0.00852584838863935, 0.008769989013638419, 0.027858734130753102, 0.06325149536108683, 0.03990173339828529, 0.015270233154238623, 0.0073051452636440075, 0.8240737915007627]",0,Normal-2650.png
1022550,0,194.6070740582192,0.8899563891565525,"[0.0035133361816272225, 0.0069160461425517425, 0.0048332214355284375, 0.01823043823235233, 0.049160003661921844, 0.03181457519519114, 0.009502410888635626, 0.005352020263651458, 0.8706779479947255]",0,Normal-1447.png
1217880,0,116.12422792318982,0.7806542478514333,"[0.005298614501932912, 0.011100769042926404, 0.010124206542930128, 0.03593826293931603, 0.10889053344685024, 0.061687469482186556, 0.021175384521403596, 0.01218032836909416, 0.7336044311495452]",0,Normal-1997.png
1134240,0,174.26577024217215,0.8312781348247508,"[0.005329132080057796, 0.009864807128868619, 0.00799942016598511, 0.02860641479481275, 0.07633972167939629, 0.04641723632794793, 0.016342163085875158, 0.00869369506832621, 0.8004074096649154]",0,Normal-1092.png
988890,0,144.18320388943246,0.8351983162774416,"[0.0039367675781099825, 0.008708953857388653, 0.0071182250976290955, 0.025836944579979565, 0.0771522521969713, 0.04780578613263013, 0.016063690185485598, 0.007930755615204121, 0.8054466247527868]",0,Normal-793.png
916725,0,201.2628653987279,0.8056211520885421,"[0.006206512451148199, 0.011371612548784745, 0.010715484619099748, 0.036563873290876146, 0.08025741577117822, 0.061630249023202396, 0.023365020751863995, 0.013614654540963689, 0.7562751769990681]",0,Normal-2145.png
1199010,0,216.57661142367903,0.8812364815845666,"[0.004177093505843441, 0.008010864257781941, 0.005043029785137012, 0.02078247070304572, 0.05261611938456491, 0.033790588378777346, 0.010692596435506086, 0.006237030029273082, 0.8586502075162558]",0,Normal-1332.png
1116390,0,69.19549596379647,0.7981053174822795,"[0.0043411254882646895, 0.008785247802700862, 0.008712768554654263, 0.032554626464719565, 0.09970855712852589, 0.05488967895486874, 0.017059326171809924, 0.00910949707027775, 0.7648391723603636]",0,Normal-1343.png
1880880,0,346.2198316719666,0.6770307139696383,"[0.009059906005824814, 0.018001556396415704, 0.015388488769472547, 0.05323791503885941, 0.14474868774358846, 0.09813690185509438, 0.031394958495973985, 0.018978118896411978, 0.611053466794544]",0,Normal-1154.png
413355,0,100.41194502201566,0.9107272924810331,"[0.0027885437011612377, 0.005344390869120238, 0.004699707031232072, 0.016250610351500508, 0.034030914306510805, 0.02666854858388264, 0.010749816894490243, 0.0058784484863057, 0.8935890197719818]",0,Normal-2707.png
676770,0,112.16650103962819,0.861440596496401,"[0.0036697387695172508, 0.006874084472630027, 0.006488800048803372, 0.022083282470618883, 0.06510543823217352, 0.0387382507322741, 0.012931823730419418, 0.006660461425755842, 0.8374481201139928]",0,Normal-629.png
937125,0,114.87838261374756,0.8765544304039364,"[0.0036125183105330944, 0.007179260253878863, 0.004753112792950618, 0.018936157226490263, 0.05339050292948383, 0.037094116210795995, 0.011199951171832275, 0.005886077880836922, 0.8579483032193834]",0,Normal-980.png
972060,0,174.9625428082191,0.8469881313191947,"[0.004352569580061521, 0.008289337158171503, 0.006740570068333661, 0.026798248290913398, 0.06719589233372804, 0.04681015014630581, 0.015026092529239555, 0.008537292480436182, 0.8162498474089956]",0,Normal-2046.png
1693965,1,234.27474467954988,0.8494240952785724,"[0.006332397460913344, 0.011295318603472536, 0.00774765014645482, 0.026679992675679474, 0.05517578124978952, 0.03947067260727131, 0.013519287109323428, 0.008911132812466006, 0.8308677673308148]",0,Normal-3440.png
922080,0,95.25042426002932,0.7895856582465341,"[0.0044097900390456775, 0.00946044921871391, 0.009502410888635626, 0.034194946288932056, 0.10170745849570577, 0.06513214111303278, 0.018535614013601168, 0.010284423828085767, 0.7467727661104325]",0,Normal-1158.png
1115625,0,171.29539582314084,0.8474417562025017,"[0.0038871765136570466, 0.008201599121062463, 0.006977081298801509, 0.024715423583890093, 0.062480926513433524, 0.040988922118984264, 0.013355255126902178, 0.007450103759737205, 0.8319435119597169]",0,Normal-276.png
986850,0,127.05670942392365,0.842462436126835,"[0.003875732421860215, 0.007862091064423133, 0.006755828857396103, 0.027736663818253567, 0.07344818115206357, 0.047248840331851005, 0.014255523681586245, 0.007205963134738137, 0.8116111755340133]",0,Normal-3068.png
897855,0,124.49742386252447,0.8597176615093697,"[0.00451278686521716, 0.007869720458954354, 0.007484436035127699, 0.023956298828033615, 0.060607910156018796, 0.04132843017562359, 0.014331817626898453, 0.008056640624969266, 0.8318519592253424]",0,Normal-2135.png
865215,0,104.41413512108608,0.8863938866662296,"[0.0037002563476421346, 0.006595611572240465, 0.0055618286132600335, 0.019180297851489333, 0.05046844482402622, 0.032073974609252646, 0.011203765869097885, 0.00545120239255733, 0.8657646179166192]",0,Normal-871.png
1171215,0,154.2233442392368,0.8574995990013913,"[0.003952026367172424, 0.007534027099580635, 0.0064086914062255525, 0.022533416747960916, 0.06453323364233195, 0.0389556884764139, 0.011631011962846256, 0.005393981933573174, 0.8390579223600805]",0,Normal-788.png
1200795,0,181.3505725599315,0.7989793555945367,"[0.006801605224583429, 0.01183700561518922, 0.010684967040974864, 0.03493118286119487, 0.08877563476528634, 0.05930709838844563, 0.020740509033124004, 0.011344909667925472, 0.7555770873994614]",0,Normal-780.png
1212780,0,190.9475446428571,0.825859809922653,"[0.0054092407226356155, 0.009326934814417546, 0.007240295410128631, 0.02774047851551918, 0.08044815063445873, 0.05032348632793303, 0.015892028808533125, 0.00774765014645482, 0.7958717346161046]",0,Normal-1791.png
688245,0,78.87555039138944,0.9107773274569264,"[0.0019874572753830434, 0.004707336425763293, 0.0035400390624864956, 0.012901306152294536, 0.040775299072110076, 0.023357391357332773, 0.007503509521455751, 0.004692077636700851, 0.9005355834926585]",0,Normal-2647.png
979200,0,116.1108732876712,0.8566061111188126,"[0.0039024353027194885, 0.007701873779267495, 0.006488800048803372, 0.024490356445219075, 0.066226959228263, 0.039379119872896655, 0.013332366943308516, 0.006198883056616978, 0.8322792053190907]",0,Normal-489.png
656370,0,87.13953950587086,0.8899568993305959,"[0.003059387207019579, 0.005996704101539624, 0.005474090576150993, 0.01899337768547442, 0.05133056640605419, 0.03138351440417716, 0.011535644531205995, 0.00545120239255733, 0.866775512692006]",0,Normal-2442.png
1133985,0,93.41576336227982,0.779563352000526,"[0.004165649414046609, 0.010124206542930128, 0.009166717529261906, 0.035541534423692546, 0.10642242431600028, 0.06536102294896942, 0.02017974853507927, 0.010749816894490243, 0.7382888793917148]",0,Normal-3053.png
1568760,0,135.24965218321918,0.755887970623195,"[0.005226135253886314, 0.011985778808548028, 0.010452270507772627, 0.04175949096663757, 0.1197967529292305, 0.07318115234347083, 0.02207565307608766, 0.01268768310542035, 0.7028350830051314]",0,Normal-1500.png
979200,0,146.89160347358117,0.8801402101706878,"[0.004417419433576899, 0.007625579833955285, 0.006683349609349505, 0.020816802978436216, 0.04521560668928064, 0.03390121459948005, 0.013103485107371889, 0.006748199462864883, 0.8614883422818699]",0,Normal-1845.png
269280,0,33.037434258806265,0.9446201450402253,"[0.0021705627441323447, 0.004440307617170561, 0.0030021667480354224, 0.010253906249960884, 0.01764297485344832, 0.01718521118157507, 0.007965087890594615, 0.0044441223144361715, 0.9328956603968319]",0,Normal-1755.png
1291575,0,190.23059488136,0.8430142643029591,"[0.004737854003888177, 0.00809097290035976, 0.005737304687478114, 0.024448394775297363, 0.07289123535128444, 0.04568481445295072, 0.012367248535109072, 0.007858276367157522, 0.8181838989226601]",0,Normal-1167.png
816000,0,92.02758072407043,0.8900639738218954,"[0.0038375854492041107, 0.00629806518552285, 0.007053375244113719, 0.019916534423752148, 0.04056930541976712, 0.02715301513661517, 0.01115417480464495, 0.005550384521463202, 0.878467559811102]",0,Normal-533.png
942480,0,148.89427134295497,0.8628397793896025,"[0.004535675048810823, 0.007884979248016797, 0.0063056945800540705, 0.022346496581946006, 0.05968475341774107, 0.03922653198227224, 0.0125961303710457, 0.007785797119110924, 0.8396339416471876]",0,Normal-3202.png
1739355,0,226.2849039872798,0.8125027011304363,"[0.006618499755834127, 0.011123657226520067, 0.00902938842769993, 0.03286743164049962, 0.08315658569304216, 0.05041503906230768, 0.016838073730404517, 0.00877380371090403, 0.7811775207489732]",0,Normal-2312.png
1101345,0,205.8180344911937,0.8216079094033892,"[0.005081176757793117, 0.010139465331992571, 0.007778167724579703, 0.027603149413957202, 0.07656860351533291, 0.050449371337698175, 0.017082214355403587, 0.009376525878870482, 0.7959213256805575]",0,Normal-754.png
588795,0,80.191979574364,0.863607011663165,"[0.003482818603502339, 0.0064582824706784885, 0.006732940673802441, 0.024478912353422245, 0.06018447875953604, 0.04087829589828156, 0.01446914672846043, 0.007167816162082031, 0.8361473083464197]",0,Normal-808.png
1471860,0,194.82090875733854,0.7962674150361614,"[0.00613021850583599, 0.012126922607375613, 0.009086608886684087, 0.03577423095689478, 0.09188079833949325, 0.05997085571266185, 0.020629882812421303, 0.011890411376907767, 0.7525100707979107]",0,Normal-2143.png
697935,0,108.6594720829256,0.8703452541268308,"[0.0037689208984231226, 0.007537841796846245, 0.006259918212866745, 0.023826599121002857, 0.05313491821268793, 0.04436492919904951, 0.013687133789010287, 0.00851058959957691, 0.8389091491667217]",0,Normal-3326.png
1103640,0,187.8673327421722,0.896139154886207,"[0.0043106079101398066, 0.008228302001921737, 0.0055274963378695394, 0.01960372924797209, 0.0351982116697876, 0.03050231933582114, 0.011585235595658931, 0.008533477783170573, 0.8765106201138438]",0,Normal-3187.png
674985,0,116.2050360812133,0.8874544808968554,"[0.0034179687499869614, 0.00621414184567942, 0.00672531127927122, 0.020824432372967435, 0.04573822021466927, 0.028598785400281528, 0.011280059814410095, 0.0054092407226356155, 0.8717918395962837]",0,Normal-2175.png
1269900,0,131.38028222847356,0.8812936406909658,"[0.004806518554669165, 0.0071182250976290955, 0.006549835205053139, 0.01957321166984721, 0.04292297363264876, 0.028579711913953476, 0.011032104492145416, 0.005142211914042884, 0.8742752075161961]",0,Normal-932.png
1200030,0,164.11756589408017,0.8472825003906553,"[0.0042915344238117535, 0.008602142333951561, 0.006782531738255377, 0.023437499999910592, 0.06795501708958453, 0.04097366332992182, 0.014083862304633774, 0.0071182250976290955, 0.8267555236784868]",0,Normal-2911.png
736185,0,140.7038473886986,0.8700495880877581,"[0.0034179687499869614, 0.007129669189425927, 0.006500244140600203, 0.02359008789053501, 0.05749893188454628, 0.038093566894385936, 0.013484954833932934, 0.00621414184567942, 0.8440704345670926]",0,Normal-2723.png
1034025,0,181.0190190802348,0.8378711381293109,"[0.004837036132794048, 0.008876800537075513, 0.007881164550751186, 0.02775192260731601, 0.06917190551731425, 0.04973983764629463, 0.015552520751893796, 0.008892059326137954, 0.8072967529266079]",0,Normal-2879.png
925395,0,160.9451290362035,0.9197933948592845,"[0.0031051635742069044, 0.005668640136697126, 0.003028869628894696, 0.011951446533157533, 0.03630447387681463, 0.022750854492100712, 0.006145477294898432, 0.0037078857421733555, 0.9073371887172419]",0,Normal-2634.png
1993335,0,356.245547180773,0.6735650625442968,"[0.008979797363246994, 0.017257690429621667, 0.01525115966791057, 0.054046630859168825, 0.1457901000971001, 0.09740447998009717, 0.031288146972536894, 0.01634979248040638, 0.6136322021460967]",0,Normal-328.png
1107465,0,159.78189594545006,0.8553276374235507,"[0.004501342773420329, 0.008285522460905893, 0.006675720214818284, 0.022808074951084868, 0.06310272216772803, 0.040668487548672985, 0.012744903564404506, 0.0069160461425517425, 0.8342971801725987]",0,Normal-1452.png
1209465,0,137.69578262597852,0.7671642004800961,"[0.005886077880836922, 0.01286315917963843, 0.011390686035112797, 0.03856658935532163, 0.11056137084918762, 0.0628013610837448, 0.02272796630850705, 0.01251602172846788, 0.7226867675753681]",0,Normal-3334.png
913155,0,104.43490857387474,0.901295138576713,"[0.0030021667480354224, 0.004947662353496751, 0.004734039306622566, 0.01813507080071207, 0.04280090332014923, 0.02656173706044555, 0.009216308593714842, 0.0040206909179534124, 0.8865814208950554]",0,Normal-207.png
939420,0,117.63087084148727,0.8516859411106052,"[0.004981994628887245, 0.008991241455043826, 0.008594512939420339, 0.026363372802633806, 0.061386108398203326, 0.04052352905257979, 0.017066955566341146, 0.008991241455043826, 0.8231010436980319]",0,Normal-2246.png
1220685,0,186.7652466059197,0.8782827746609309,"[0.003967285156234866, 0.007278442382784735, 0.00468444824216963, 0.018936157226490263, 0.054370880126745715, 0.0357093811033794, 0.009422302246057807, 0.004966735839824803, 0.8606643676724981]",0,Normal-96.png
1782960,0,249.6285507888943,0.6890731368167758,"[0.009418487548792195, 0.01822280883782111, 0.017700195312432478, 0.059806823730240606, 0.12890243530224266, 0.09289932250941124, 0.03648757934556394, 0.02198410034171301, 0.614578247067968]",0,Normal-3003.png
566865,0,91.05543664383563,0.888081896250758,"[0.0031814575195191134, 0.0058174133300559335, 0.006023406982398898, 0.01985549926750238, 0.04841613769512781, 0.03066253662097678, 0.010967254638630039, 0.005340576171854627, 0.8697357177701197]",0,Normal-2705.png
887910,0,86.57721532534245,0.8926958497764417,"[0.0035247802734240537, 0.00571060180661884, 0.006088256835914275, 0.01958847045890965, 0.04112243652328063, 0.027523040771379383, 0.010761260986287075, 0.00528335571287047, 0.880397796627501]",0,Normal-2462.png
617610,0,89.17673679060667,0.8612436435957668,"[0.0033912658691276883, 0.007404327392549879, 0.00664138793942779, 0.024501800537015908, 0.06000518798805235, 0.0433387756346003, 0.015129089355411037, 0.007686614990205053, 0.8319015502897953]",0,Normal-3483.png
977670,0,174.93959454500973,0.8443122578901533,"[0.004047393798812685, 0.008319854736296386, 0.006523132324193866, 0.024749755859280586, 0.07072067260715209, 0.04842376708965903, 0.014648437499944121, 0.009250640869105336, 0.8133163452117411]",0,Normal-1645.png
842775,1,82.71563493762233,0.861574381066533,"[0.005661010742165904, 0.010746002197224632, 0.006607055664037296, 0.024738311767483756, 0.05150604248027227, 0.048755645751767135, 0.017028808593685038, 0.013984680175727902, 0.8209724426238213]",0,Normal-2777.png
1163565,0,154.67583476027394,0.8858898230153257,"[0.0041236877441248945, 0.006736755371068051, 0.006828308105442702, 0.021228790283122145, 0.044860839843578866, 0.02666854858388264, 0.01012802124019574, 0.005084991455058727, 0.8743400573697115]",0,Normal-2940.png
1077375,0,124.07410790728964,0.8539077714832762,"[0.005329132080057796, 0.009498596191370015, 0.008201599121062463, 0.02680206298817901, 0.06538391113256307, 0.04003524780258165, 0.014755249023381213, 0.00852584838863935, 0.8214683532683507]",0,Normal-2336.png
996030,0,163.58491698263214,0.730807055698122,"[0.008251190185515398, 0.019355773925707413, 0.013408660888620725, 0.05140304565410079, 0.09971618652305711, 0.09272003173792755, 0.03434371948229086, 0.031475067138551804, 0.6493263244604136]",0,Normal-3364.png
811920,0,148.74425911203525,0.8470471166606236,"[0.0044441223144361715, 0.007923126220672901, 0.006980895996067119, 0.026260375976462323, 0.06967544555637484, 0.04345321655256861, 0.01446914672846043, 0.007961273193329005, 0.8188323974578139]",0,Normal-2437.png
1118430,0,126.84931506849314,0.7598199517613079,"[0.005008697509746518, 0.011074066162067131, 0.01056671142574094, 0.04059600830062639, 0.11303329467730318, 0.071632385253633, 0.02169799804679223, 0.011974334716751196, 0.7144165039035247]",0,Normal-1729.png
1233945,0,163.03653987279841,0.823042606605881,"[0.005386352539041952, 0.011096954345660793, 0.008621215820279613, 0.029693603515511726, 0.07717895507783058, 0.050449371337698175, 0.01803970336907181, 0.009826660156212514, 0.7897071838348781]",0,Normal-597.png
248880,0,36.941146342954994,0.9401768904289142,"[0.0023612976074128674, 0.005134582519511663, 0.0035133361816272225, 0.010669708251912423, 0.01881790161125634, 0.017944335937431548, 0.008789062499966473, 0.0053672790527139, 0.9274024963343528]",0,Normal-2258.png
1209210,0,131.4822498776908,0.8489138450545572,"[0.0035438537597521063, 0.007621765136689675, 0.00604629516599256, 0.024150848388579747, 0.07236099243136458, 0.041667938232262926, 0.012874603271435262, 0.006538391113256308, 0.8251953124968521]",0,Normal-1661.png
1069215,0,103.09794673434443,0.8227787737677831,"[0.004402160644514457, 0.009056091308559203, 0.007881164550751186, 0.027645111083878918, 0.08241271972624811, 0.0514068603513664, 0.016643524169858384, 0.009349822998011207, 0.7912025451629974]",0,Normal-2890.png
694875,0,88.26488350048925,0.8926853422483092,"[0.003627777099595536, 0.005992889404274014, 0.005920410156227416, 0.01974868774406529, 0.04563522338849779, 0.02914047241199821, 0.011337280273394252, 0.006347656249975786, 0.872249603268157]",0,Normal-943.png
744345,0,94.93775990704499,0.8726617822568477,"[0.0033226013183467002, 0.006401062011694332, 0.0068664550780988065, 0.022117614746009377, 0.05387115478495075, 0.033821105956902235, 0.012466430664014944, 0.005832672119118375, 0.8553009033170498]",0,Normal-799.png
936360,0,165.92105705724066,0.8278679313923568,"[0.004688262939435241, 0.009170532226527518, 0.00807952880856293, 0.029647827148324403, 0.08150863647429844, 0.05040359497051085, 0.016044616699157545, 0.008571624755826677, 0.7918853759735417]",0,Normal-840.png
2580090,0,293.8861912915851,0.6133654898269484,"[0.009376525878870482, 0.01881790161125634, 0.017604827880792217, 0.06561660766576531, 0.18660354614186628, 0.11141204833941874, 0.03538131713853691, 0.018676757812428755, 0.5365104675272503]",0,Normal-1824.png
277950,0,34.184029476516635,0.9327137204475495,"[0.002613067626943157, 0.005092620849589948, 0.004016876220687801, 0.012145996093703666, 0.022068023681556442, 0.019554138183519157, 0.009349822998011207, 0.005352020263651458, 0.9198074340785224]",0,Normal-804.png
1190595,0,89.26495612157534,0.7897099920295825,"[0.0040893554687344005, 0.009517669677698067, 0.008815765380825746, 0.033004760742061594, 0.10092926025352124, 0.06519317626928256, 0.01914596557609884, 0.009803771972618851, 0.749500274655344]",0,Normal-3464.png
1089615,0,154.22027886497062,0.8240324676436842,"[0.004711151123028903, 0.00944519042965147, 0.00807952880856293, 0.029262542724497746, 0.07917785644501046, 0.05176925659159939, 0.016475677490171526, 0.008602142333951561, 0.7924766540497113]",0,Normal-1001.png
2060145,1,308.5617814334638,0.7032589396389755,"[0.00902938842769993, 0.018173217773368174, 0.01354980468744831, 0.05048751831035428, 0.12989425659130135, 0.09240722656214749, 0.03004074096668228, 0.016933441162044777, 0.6394844055151386]",0,Normal-1554.png
796365,0,139.1942117172211,0.8486085445423087,"[0.0038185119628760585, 0.008171081542937579, 0.0074577331542684255, 0.025684356689355148, 0.0686073303220039, 0.04259872436507187, 0.014518737792913365, 0.007129669189425927, 0.822013854977333]",0,Normal-1981.png
411825,0,69.18271465264186,0.889535312191041,"[0.0025596618652246107, 0.005340576171854627, 0.00493621826169992, 0.019309997558520087, 0.047977447509582605, 0.034725189208851905, 0.011783599853470673, 0.0057144165038844515, 0.8676528930630963]",0,Normal-1901.png
933045,0,120.36057515900195,0.8770531810240781,"[0.004142761230452947, 0.0074920654296589196, 0.006393432617163111, 0.0214691162108556, 0.05296707153300107, 0.031135559081912477, 0.01200485229487608, 0.006282806396460408, 0.8581123352018046]",0,Normal-1151.png
1195695,0,193.7765984283268,0.8336844998338353,"[0.006233215332007472, 0.009777069091759578, 0.008201599121062463, 0.029247283935435305, 0.06950759887668798, 0.050800323486134336, 0.017417907714777307, 0.011283874511675705, 0.7975311279266452]",0,Normal-632.png
1755930,0,212.38455922822897,0.8004364777205621,"[0.007011413574192003, 0.013042449951122121, 0.00987625122066545, 0.03449630737291528, 0.08887863159145783, 0.056579589843534166, 0.020153045654219996, 0.010334014892538703, 0.7596282958955397]",0,Normal-643.png
2114460,0,304.4635786142367,0.7218205062621847,"[0.009784698486290799, 0.017738342285088582, 0.015102386474551763, 0.047035217284976824, 0.12096786498977291, 0.07644653320283337, 0.029357910156138006, 0.016201019287047574, 0.6673660278294854]",0,Normal-2419.png
934320,0,59.29149339530332,0.9044716533820766,"[0.0033340454101435314, 0.00579452514646227, 0.00545120239255733, 0.015846252441345802, 0.04183959960921539, 0.023216247558505185, 0.009296417236292662, 0.005039215087871402, 0.8901824951137917]",0,Normal-752.png
949620,0,83.43154889310175,0.8758914389418819,"[0.0037078857421733555, 0.007297515869112787, 0.005992889404274014, 0.021755218505776386, 0.05847167968727695, 0.03804016113266739, 0.012958526611278692, 0.006591796874974854, 0.8451843261686508]",0,Normal-476.png
1301520,0,120.4246002018102,0.7532008315238174,"[0.005241394042948756, 0.010776519775349516, 0.010616302490193876, 0.04266357421858725, 0.11590957641557346, 0.07403182983370196, 0.023540496826082075, 0.014438629150335546, 0.7027816772434128]",0,Normal-2991.png
1362720,0,200.96865826810176,0.8806827338102822,"[0.004100799560531231, 0.008060455322234877, 0.0058784484863057, 0.019901275634689707, 0.04682540893536825, 0.027389526367083018, 0.009899139404259112, 0.00510787963865239, 0.872837066647061]",0,Normal-89.png
1296420,0,189.0818821856654,0.7644265224547371,"[0.00927734374996461, 0.017215728759699952, 0.014347076415960894, 0.04043197631820514, 0.07902526855438605, 0.06091308593726763, 0.029743194579964664, 0.015956878662048504, 0.7330894470186878]",0,Normal-2402.png
1462935,0,173.16298465019568,0.7606199044220001,"[0.006435394287084826, 0.012386322021437125, 0.011959075927688755, 0.04358673095686498, 0.10665512084920252, 0.07938385009735342, 0.025497436523340234, 0.017326354980402654, 0.6967697143528108]",0,Normal-1967.png
909840,0,118.4198530760763,0.8607226040667874,"[0.003856658935532163, 0.007301330566378397, 0.006828308105442702, 0.02239990234366455, 0.06233596801734033, 0.03842544555649404, 0.01225280761714076, 0.005931854248024246, 0.8406677246061681]",0,Normal-2208.png
1078140,0,180.9269202544031,0.8221594235531194,"[0.004524230957013991, 0.009403228759729754, 0.007713317871064326, 0.029308319091685072, 0.0838317871090552, 0.050018310546684194, 0.01660537719720228, 0.00859069824215473, 0.7900047302215957]",0,Normal-277.png
1123275,1,179.53958231408998,0.8538909080582886,"[0.004261016845686871, 0.008419036865202258, 0.006290435790991629, 0.025405883788965584, 0.0688247680661437, 0.044162750243972156, 0.014419555664007494, 0.007377624511690607, 0.820838928219525]",0,Normal-3099.png
1155150,0,195.86022352005872,0.8968514404727638,"[0.0033187866210810896, 0.005989074707008404, 0.005214691162089482, 0.020027160644454853, 0.043197631835772715, 0.026409149169821133, 0.007968902587860226, 0.004100799560531231, 0.8837738037075662]",0,Normal-1954.png
2028525,0,374.1859749571917,0.6149542235057148,"[0.0099678039550401, 0.02026748657218831, 0.01933288574211375, 0.06832504272434874, 0.16768646240170407, 0.11419677734331438, 0.03890609741196096, 0.021423339843668277, 0.5398941040018467]",0,Normal-3367.png
960585,0,117.35098153131113,0.9291040246259819,"[0.0033836364745964674, 0.005767822265602998, 0.002841949462879784, 0.009590148925744666, 0.024726867675686923, 0.017574310302667335, 0.005470275878885382, 0.003952026367172424, 0.9266929626429493]",0,Normal-3359.png
1012605,0,90.83054825097847,0.8508698981560976,"[0.004219055175765155, 0.0077285766601267675, 0.008541107177701793, 0.02649688720693017, 0.06667327880833941, 0.04098510742171865, 0.015140533447207867, 0.007347106933565723, 0.8228683471648297]",0,Normal-261.png
884340,0,82.98569746819959,0.8682756480598105,"[0.0037422180175638495, 0.006649017333959011, 0.007221221923800578, 0.023471832275301086, 0.05521774291971123, 0.033897399902214444, 0.012493133544874217, 0.006282806396460408, 0.8510246276823005]",0,Normal-630.png
690795,0,93.7758225293542,0.868777660656119,"[0.0044593811034986134, 0.009147644042933854, 0.007518768310518193, 0.024154663085845355, 0.046661376952947, 0.03559494018541109, 0.016304016113219053, 0.009098052978480918, 0.8470611572233312]",0,Normal-1323.png
745875,0,107.96360536937378,0.8987959560246095,"[0.0033912658691276883, 0.005599975585916138, 0.005035400390605791, 0.016807556152279635, 0.039287567138522, 0.026874542236225606, 0.010326385498007483, 0.004981994628887245, 0.8876953124966137]",0,Normal-1494.png
2208810,0,378.52388087084137,0.757010652370876,"[0.008857727050747461, 0.015781402587830423, 0.011482238769487448, 0.044933319091625464, 0.1054115295406135, 0.06712341308568144, 0.022247314453040134, 0.013435363769479998, 0.7107276916476793]",0,Normal-2875.png
1078140,0,193.92364848336592,0.8331920552445415,"[0.004783630371075502, 0.00911712646480897, 0.0076599121093457795, 0.02825546264637659, 0.07557678222627419, 0.04758071899395912, 0.015529632568300134, 0.008441925048795922, 0.8030548095672491]",0,Normal-3493.png
381480,0,43.281234711350294,0.9568408659280329,"[0.0015640258789002836, 0.0024337768554594658, 0.0019187927246020553, 0.006839752197239533, 0.016654968261655217, 0.01192092895503265, 0.004261016845686871, 0.0018615722656178987, 0.9525451660119914]",0,Normal-3034.png
1115370,0,97.29634754158513,0.7849226720983222,"[0.004295349121077365, 0.009510040283166847, 0.009140014648402634, 0.0352325439451781, 0.107414245605059, 0.066814422607167, 0.019390106201097906, 0.011104583740192015, 0.7370986938448444]",0,Normal-287.png
1132455,0,142.21744664261254,0.8645196373244581,"[0.005241394042948756, 0.009353637695276818, 0.007713317871064326, 0.025733947753808082, 0.045688629150216334, 0.03754806518540364, 0.014575958251897522, 0.008312225341765166, 0.8458328247038046]",0,Normal-1913.png
2424795,0,412.29758210004877,0.6315584490075007,"[0.011322021484331809, 0.02230453491202429, 0.018318176269461372, 0.06261062622046429, 0.15932464599548596, 0.09921264648399652, 0.03652191162095443, 0.02032470703117247, 0.5700607299782942]",0,Normal-1059.png
1277805,0,144.85391312989233,0.8192177832392827,"[0.004772186279278671, 0.009235382080042895, 0.007343292236300113, 0.030109405517463265, 0.08734130859341682, 0.05118179321269538, 0.015632629394471617, 0.008323669433561998, 0.7860603332489545]",0,Normal-2844.png
1003170,0,156.20557118395305,0.8421382837600345,"[0.006191253662085757, 0.011409759521440849, 0.009761810302697136, 0.028930664062389637, 0.05976104736305328, 0.044059753417800676, 0.019107818603442735, 0.011604309081986983, 0.8091735839812882]",0,Normal-3106.png
360570,0,71.30320450097845,0.9013123174147204,"[0.002731323242177081, 0.0050201416015433495, 0.004959106445293582, 0.01821517944328989, 0.04191970825179321, 0.03064727783191434, 0.010356903076132367, 0.005313873290995354, 0.880836486813046]",0,Normal-2604.png
1037595,2,173.24344881360076,0.8520200623374579,"[0.004035949707015854, 0.008491516113248858, 0.007030487060520055, 0.02452468872060957, 0.06233215332007472, 0.043949127197097974, 0.013687133789010287, 0.007022857665988835, 0.8289260864226191]",0,Normal-3253.png
848130,0,102.23783405699605,0.8674267099208819,"[0.004219055175765155, 0.007205963134738137, 0.006786346435520987, 0.023223876953036408, 0.058643341064229415, 0.03816604614243253, 0.01363754272455735, 0.0070838928222386015, 0.8410339355436667]",0,Normal-2342.png
451605,0,91.69833965264186,0.919514958839019,"[0.0028114318847549, 0.004676818847638409, 0.0036659240722516405, 0.013313293456980464, 0.03152465820300474, 0.024620056152249832, 0.009258270263636558, 0.004909515380840647, 0.9052200317348281]",0,Normal-2734.png
739755,0,53.269936399217215,0.9311939182640936,"[0.0024757385253811807, 0.0041580200195153886, 0.0036163330077987046, 0.010791778564411957, 0.027481079101457667, 0.017143249511653354, 0.006954193115207847, 0.0032920837402218165, 0.9240875244105373]",0,Normal-697.png
379440,0,51.42610231164383,0.8945637829064657,"[0.003890991210922657, 0.0072021484374725254, 0.006080627441383054, 0.01891708374016221, 0.03611755371079972, 0.02774047851551918, 0.013599395751901246, 0.0073890686034874375, 0.8790626525845372]",0,Normal-3047.png
1001385,0,123.58777213796475,0.7973101902808982,"[0.004135131835921725, 0.010574340820272162, 0.008651733398404495, 0.03331375122057604, 0.09337997436487816, 0.06100463867164228, 0.019607543945237702, 0.011772155761673843, 0.7575607299775788]",0,Normal-1773.png
1221960,0,159.08858243639926,0.8162807856851496,"[0.005050659179668233, 0.00970458984371298, 0.009346008300745598, 0.03050231933582114, 0.07607650756806916, 0.049003601074031816, 0.01668930053704571, 0.008247375488249789, 0.7953796386688409]",0,Normal-1187.png
398055,0,65.79046905577297,0.9176557529289144,"[0.0021018981933513567, 0.004531860351545213, 0.0038681030273289944, 0.013900756835884473, 0.03470993041978947, 0.025211334228419452, 0.00928115844723022, 0.0042572021484212595, 0.9021377563442149]",0,Normal-1091.png
1049580,0,132.72125351638942,0.8599855572314721,"[0.004039764404281465, 0.007755279540986041, 0.006210327148413809, 0.022449493408117485, 0.06375885009741303, 0.041957855224449316, 0.011981964111282417, 0.006687164306615115, 0.8351593017546266]",0,Normal-2719.png
575535,0,73.51676400440313,0.8909621138971946,"[0.00391769409178193, 0.0070686340331761605, 0.007095336914035433, 0.02008819580070462, 0.03714370727524893, 0.027126312255755895, 0.012565612792920816, 0.006599426269506075, 0.8783950805630554]",0,Normal-357.png
967980,0,123.3413114603718,0.8797378930473871,"[0.0030860900878788523, 0.006172180175757705, 0.0046463012695135255, 0.017875671386650558, 0.05288314819315764, 0.03705215454087428, 0.009601593017541498, 0.004653930664044747, 0.8640289306607665]",0,Normal-3460.png
948855,0,145.59183127446178,0.8617154445823124,"[0.004390716552717625, 0.009006500244106267, 0.007602691650361623, 0.022773742675694375, 0.052944183349407405, 0.0411491394041399, 0.015796661376892864, 0.01021575927730478, 0.8361206054655604]",0,Normal-1894.png
801720,0,65.74282962328766,0.9016568186270435,"[0.003025054931629085, 0.005607604980447358, 0.0049514770507623615, 0.016559600830014953, 0.04378128051741111, 0.025936126708885437, 0.010261535644492104, 0.00494003295896553, 0.8849372863735774]",0,Normal-3051.png
667080,0,64.59246575342466,0.9045004854620761,"[0.002872467041004667, 0.005287170410136081, 0.005241394042948756, 0.016410827636656147, 0.04300308227522658, 0.02476119995107742, 0.009651184081994434, 0.004474639892561055, 0.8882980346645801]",0,Normal-3403.png
654330,0,97.55261588796478,0.8959411214675367,"[0.00306320190428519, 0.005432128906229278, 0.005180358886698988, 0.01769256591790126, 0.04523086547834308, 0.028167724609267548, 0.009941101074180827, 0.0048561096191221, 0.880435943600157]",0,Normal-144.png
1002405,0,111.28259540117413,0.9248178091997304,"[0.0032043457031127763, 0.006595611572240465, 0.0032997131347530374, 0.015087127685489322, 0.0233306884764735, 0.02332687377920789, 0.008899688720669175, 0.0061035156249767165, 0.9101524352992624]",0,Normal-2317.png
629595,0,66.51041157045009,0.9134609070470998,"[0.0033226013183467002, 0.0057640075683373865, 0.005741119384743724, 0.016052246093688764, 0.028892517089733533, 0.020751953124920838, 0.00995635986324327, 0.00528335571287047, 0.9042358398403005]",0,Normal-184.png
1347420,0,180.6816788466243,0.8411626683441386,"[0.004974365234356024, 0.00886154174801307, 0.0064086914062255525, 0.026187896728415726, 0.0759429931637728, 0.04462051391584541, 0.014442443847601155, 0.007560729980439908, 0.8110008239715156]",0,Normal-2653.png
725220,0,90.42299107142857,0.88371627136854,"[0.0031967163085815553, 0.005908966064430584, 0.005809783935524712, 0.020072937011642176, 0.050937652587696315, 0.03224182128893951, 0.011508941650346721, 0.005237579345683145, 0.8650856018033406]",0,Normal-865.png
852465,0,86.47752950709396,0.8131130926419358,"[0.004074096679671959, 0.008644104003873275, 0.008113861083953422, 0.03244781494128247, 0.09037399291957712, 0.05521774291971123, 0.017322540283137046, 0.009651184081994434, 0.7741546630829843]",0,Normal-131.png
1076100,0,124.71080754647753,0.8410281443116365,"[0.0039062499999850987, 0.007228851318331799, 0.006584167480443633, 0.02547454833974657, 0.07020568847629469, 0.05051422119121355, 0.012664794921826688, 0.007846832275360692, 0.8155746459929826]",0,Normal-1451.png
678045,0,60.766397076810165,0.8983640155407651,"[0.0034179687499869614, 0.006401062011694332, 0.006023406982398898, 0.01839828491203919, 0.039829254150238684, 0.025279998779200438, 0.011169433593707392, 0.00595474243161791, 0.8835258483853015]",0,Normal-2148.png
804015,0,107.64387383806259,0.8656740201146914,"[0.0041580200195153886, 0.008472442626920805, 0.00664138793942779, 0.024284362792876112, 0.05785369873024805, 0.04036712646468976, 0.01524353027337935, 0.008232116699187346, 0.8347473144499407]",0,Normal-1900.png
1479765,0,102.75405149217218,0.763248072227594,"[0.005065917968730675, 0.011104583740192015, 0.010276794433554547, 0.03815078735337009, 0.1123809814448838, 0.0692253112790328, 0.0212135314940597, 0.01174163818354896, 0.7208404540988127]",0,Normal-74.png
902190,0,97.24237860812134,0.8794346865163704,"[0.004169464111312219, 0.006343841552710175, 0.0063400268554445645, 0.02112197875968505, 0.04929733276348382, 0.031013488769412942, 0.01235198974604663, 0.005668640136697126, 0.8636932373013928]",0,Normal-2318.png
440385,0,66.07135212818005,0.8900101412532876,"[0.002799987792958069, 0.00545120239255733, 0.005779266357399828, 0.01926803588859837, 0.05087280273418093, 0.03156661987292646, 0.010833740234333672, 0.005294799804667302, 0.8681335449185633]",0,Normal-3044.png
674475,0,113.0570572407045,0.9154779781674737,"[0.0022964477538974896, 0.004497528076154719, 0.004707336425763293, 0.016380310058531265, 0.0336647033690122, 0.022010803222572286, 0.0072364807128630195, 0.003372192382799636, 0.9058341979945914]",0,Normal-3332.png
714000,0,69.52965998043052,0.9038974020687417,"[0.00298309326170737, 0.005390167236307563, 0.005435943603494888, 0.017341613769465098, 0.04163360595687243, 0.02368927001944088, 0.009487152099573183, 0.004844665527325269, 0.8891944885219986]",0,Normal-3242.png
2671125,0,468.2117210432975,0.7006427868022446,"[0.010177612304648675, 0.01855087280266361, 0.015457153320253535, 0.055042266845493154, 0.1311111450190311, 0.07874679565399648, 0.02725601196278665, 0.014129638671821099, 0.649528503415491]",0,Normal-1096.png
1980075,0,320.5679809809197,0.734569040592619,"[0.008689880371060601, 0.01568222045892455, 0.012844085693310378, 0.04590606689435613, 0.11261749267535165, 0.07703018188447178, 0.025833129882713954, 0.014743804931584382, 0.6866531372044119]",0,Normal-88.png
812685,0,118.5630045254403,0.8764020525169078,"[0.004100799560531231, 0.006927490234348573, 0.006309509277319681, 0.021915435790932025, 0.05289077758768886, 0.03415298461901034, 0.012386322021437125, 0.0063056945800540705, 0.8550109863248634]",0,Normal-3471.png
539580,0,43.273995535714285,0.951645820904207,"[0.0022659301757726063, 0.003875732421860215, 0.003021240234363475, 0.009323120117151935, 0.015884399414001906, 0.012256622314406369, 0.005355834960917069, 0.003219604492175218, 0.9447975158655365]",0,Normal-1443.png
2196825,0,281.15862356286686,0.6745213150724186,"[0.009635925292931991, 0.018638610839772647, 0.014953613281192955, 0.05483627319315019, 0.15187454223574876, 0.0916404724117598, 0.03076934814441387, 0.01609420776361048, 0.6115570068336046]",0,Normal-426.png
1106445,0,184.7263943248532,0.8771182087525332,"[0.004333496093733469, 0.007469177246065257, 0.006401062011694332, 0.022682189941319722, 0.05341339111307749, 0.033355712890497755, 0.011417388915972071, 0.006481170654272151, 0.854446411129553]",0,Normal-1608.png
437835,0,94.03731959393346,0.9026442827857722,"[0.002803802490223679, 0.005634307861306632, 0.004425048828108119, 0.01608276367181365, 0.03861236572250895, 0.030410766601446492, 0.010917663574177103, 0.005855560302712038, 0.8852577209438887]",0,Normal-1405.png
1934685,0,250.9538970768102,0.6940380954922092,"[0.00851058959957691, 0.016284942626891, 0.013683319091744677, 0.053409576415811885, 0.1392936706537655, 0.09181976318324349, 0.0284423828123915, 0.01660537719720228, 0.631950378415558]",0,Normal-3386.png
907545,0,89.69153620352247,0.9324094706309013,"[0.003269195556628154, 0.004814147949200385, 0.0037918090820167854, 0.011989593505813637, 0.026809692382710228, 0.017219543456965563, 0.006568908691381191, 0.003814697265610448, 0.9217224121058589]",0,Normal-3445.png
1210230,0,160.66600033635024,0.8142740696100532,"[0.005142211914042884, 0.009082794189418477, 0.008049011230438045, 0.028995513915905016, 0.08438873290983433, 0.0535240173337802, 0.016368865966734432, 0.008651733398404495, 0.7857971191376274]",0,Normal-3031.png
836145,0,159.5986538343933,0.8326273384924099,"[0.0041580200195153886, 0.008583068847623507, 0.007053375244113719, 0.029319763183481902, 0.07709884643525276, 0.051685333251755956, 0.016387939453062484, 0.008762359619107199, 0.7969512939422724]",0,Normal-1403.png
1130160,0,162.88741438356166,0.8439114560543725,"[0.005134582519511663, 0.009529113769494899, 0.007640838623017727, 0.026435852050680404, 0.06982421874973364, 0.04368591308577085, 0.015632629394471617, 0.008209228515593685, 0.8139076232879108]",0,Normal-2661.png
1266330,0,114.60650455601755,0.7694126650373795,"[0.005592346191384916, 0.010589599609334603, 0.010002136230430595, 0.03474426269517996, 0.11124038696246627, 0.06488800048803373, 0.020832061767498657, 0.011199951171832275, 0.7309112548800243]",0,Normal-2963.png
1116135,0,185.20746697651663,0.8820126375912886,"[0.003925323486313151, 0.007228851318331799, 0.00502395629880896, 0.020927429199138918, 0.051605224609178144, 0.031147003173709307, 0.010173797607383064, 0.005641937255837852, 0.8643264770474841]",0,Normal-2106.png
849150,0,83.38973825831704,0.8937879395706295,"[0.003177642822253503, 0.005939483642555468, 0.004619598388654253, 0.01781463623040079, 0.04788589477520795, 0.029842376708870536, 0.01072692871089658, 0.00561523437497858, 0.8743782043423676]",0,Normal-507.png
1076355,0,169.719996024951,0.8243584523858748,"[0.004756927490216229, 0.009265899658167778, 0.007946014404266562, 0.02970123291004295, 0.08168792724578214, 0.049858093261528555, 0.015964508056579726, 0.008666992187466938, 0.7921524047821344]",0,Normal-3455.png
837420,0,77.26359925391391,0.8876347087868869,"[0.0032997131347530374, 0.006359100341772617, 0.006309509277319681, 0.020656585693280577, 0.04201889038069909, 0.02861785888660958, 0.011817932128861168, 0.005420684814432446, 0.8754997253384571]",0,Normal-516.png
1063860,0,112.83742814334637,0.829767184651444,"[0.004268646240218091, 0.008621215820279613, 0.00809478759762537, 0.02852249145496932, 0.07777786254853142, 0.047142028808413915, 0.015968322753845337, 0.007526397705049414, 0.8020782470672528]",0,Normal-3388.png
963645,0,118.39364833047944,0.8652227369402709,"[0.003913879394516319, 0.0074577331542684255, 0.0057830810546654395, 0.024322509765532217, 0.06032180786109801, 0.04126739501937383, 0.01268768310542035, 0.0073242187499720605, 0.8369216918913386]",0,Normal-3313.png
756075,0,104.89836870107627,0.8862692815165543,"[0.0034332275390494033, 0.005336761474589016, 0.005733489990212504, 0.020618438720624473, 0.04941177368145213, 0.030712127685429715, 0.011051177978473468, 0.004997253417949687, 0.8687057495084048]",0,Normal-2926.png
1066410,0,86.69845431751466,0.8978953011959192,"[0.0036010742187362627, 0.005992889404274014, 0.004924774169903088, 0.0166854858397801, 0.047737121581849146, 0.02654647827138311, 0.009239196777308506, 0.0050544738769338435, 0.8802185058560172]",0,Normal-3280.png
1224510,0,107.62238946306263,0.7857997012743981,"[0.004280090332014923, 0.010196685790976727, 0.008888244628872343, 0.03633117675767391, 0.1063575744624849, 0.06463623046850343, 0.019607543945237702, 0.011287689208941316, 0.73841476440148]",0,Normal-2928.png
2033625,1,394.7425085616438,0.7538505952833842,"[0.007678985595673832, 0.014610290527288015, 0.01235580444331224, 0.044216156005690704, 0.10605239868123606, 0.07452392578096571, 0.023452758788973033, 0.013782501220650549, 0.7033271789523952]",0,Normal-1354.png
1420350,0,234.8566077544031,0.8352091223802016,"[0.005039215087871402, 0.010501861572225563, 0.007877349853485574, 0.027046203613178076, 0.06824874877903653, 0.04326248168928809, 0.015708923339783826, 0.008522033691373741, 0.8137931823699425]",0,Normal-976.png
964155,0,138.44931812622306,0.8528210216312082,"[0.004146575927718557, 0.0074920654296589196, 0.006893157958958079, 0.025764465331932964, 0.06678771972630772, 0.045444488525217264, 0.013210296630808981, 0.006824493408177091, 0.8234367370574057]",0,Normal-687.png
1140105,0,159.27667104941287,0.8346611466865983,"[0.004066467285140737, 0.008747100830044758, 0.006824493408177091, 0.026458740234274067, 0.07766342163056311, 0.05173110961894328, 0.014118194580024269, 0.00799942016598511, 0.8023910522430329]",0,Normal-3419.png
1120980,0,173.41728840508804,0.888872265092034,"[0.0036468505859235884, 0.006919860839817353, 0.0047492980956850075, 0.01644134521478103, 0.04954147338848289, 0.031204223632693463, 0.009487152099573183, 0.0055122375488070975, 0.8724975585904217]",0,Normal-8.png
741285,0,81.1588949363992,0.8834918592395985,"[0.003379821777330857, 0.006248474121069914, 0.006496429443334593, 0.020816802978436216, 0.04965209960918559, 0.030475616454961867, 0.011505126953081111, 0.005584716796853696, 0.8658409118619315]",0,Normal-1008.png
506430,0,73.15317698140902,0.9205268969861171,"[0.0024375915527250764, 0.004783630371075502, 0.0037956237792823957, 0.012451171874952502, 0.030334472656134284, 0.024364471435453932, 0.008682250976529379, 0.004535675048810823, 0.9086151123012214]",0,Normal-100.png
1412700,0,104.78329867906065,0.8765360429142228,"[0.003997802734359749, 0.006855010986301975, 0.006370544433569448, 0.01933288574211375, 0.049243927001765275, 0.029563903808480972, 0.010963439941364428, 0.005226135253886314, 0.8684463500943433]",0,Normal-2210.png
1307385,0,212.80892627813105,0.8235259997746072,"[0.005294799804667302, 0.009349822998011207, 0.007854461669891913, 0.029087066650279665, 0.07734298706025183, 0.05057144165019771, 0.016551971435483735, 0.008663177490201327, 0.7952842712372006]",0,Normal-2064.png
950130,0,122.83394233121332,0.8607672027010915,"[0.003929138183578761, 0.007637023925752117, 0.0059165954589618045, 0.022277832031165016, 0.06537246704076624, 0.040645599365079325, 0.012714385986279624, 0.007038116455051277, 0.8344688415495511]",0,Normal-3352.png
594660,0,82.6538955479452,0.9160980143707617,"[0.0026359558105368197, 0.004497528076154719, 0.0037345886230326286, 0.014194488525336477, 0.035621643066270366, 0.023128509521396147, 0.007595062255830402, 0.0034904479980335597, 0.9051017761195942]",0,Normal-1002.png
1800300,0,325.0036234099804,0.6998555428126468,"[0.008834838867153798, 0.01744842529290219, 0.014324188232367233, 0.05201721191386407, 0.13166809081981024, 0.08792877197232082, 0.031394958495973985, 0.01634979248040638, 0.6400337219213865]",0,Normal-1205.png
1213545,0,144.41673801369856,0.8673506194537084,"[0.004577636718732537, 0.007682800292939442, 0.006893157958958079, 0.02273178100577266, 0.052734374999798835, 0.03368759155260587, 0.011764526367142621, 0.005657196044900294, 0.8542709350553349]",0,Normal-2796.png
1895670,0,265.72584393346386,0.7926291802978036,"[0.0073890686034874375, 0.013851165771431537, 0.012096405029250731, 0.037494659423685094, 0.09048461914027983, 0.05798339843727881, 0.020790100097576942, 0.01148605346675306, 0.7484245300264418]",0,Normal-1296.png
289425,0,60.3145104574364,0.9284633397157043,"[0.0018081665038993523, 0.0032577514648313224, 0.002883911132801499, 0.012619018554639361, 0.031986236572143605, 0.022785186767491205, 0.007232666015597409, 0.0035476684570177166, 0.9138793945277638]",0,Normal-3381.png
672180,0,95.69996024951075,0.8639886639521202,"[0.003948211669906813, 0.007228851318331799, 0.006500244140600203, 0.023883819579987014, 0.0587120056150104, 0.04168319702132536, 0.014965057372989787, 0.0073242187499720605, 0.8357543945280618]",0,Normal-2920.png
487305,0,103.4735735689824,0.901663946033184,"[0.002735137939442691, 0.005752563476540556, 0.003967285156234866, 0.016296386718687834, 0.03980255126937941, 0.030952453613163174, 0.011058807373004688, 0.0057640075683373865, 0.8836708068813947]",0,Normal-717.png
791265,0,109.75491912304304,0.8780693476237119,"[0.0036468505859235884, 0.006938934326145405, 0.006431579589819215, 0.020996093749919904, 0.055046081542758765, 0.035484313964708386, 0.011714935302689685, 0.006099700927711106, 0.8536415100065092]",0,Normal-1604.png
1126080,0,115.42784139554792,0.8384111652092807,"[0.0033416748046747524, 0.008312225341765166, 0.006179809570288926, 0.02629089355458721, 0.07597732543916329, 0.04913330078106257, 0.013587951660104416, 0.00859069824215473, 0.8085861206023842]",0,Normal-1089.png
1086810,0,203.05209989603713,0.8347079359403164,"[0.0044631958007642246, 0.008327484130827609, 0.0074577331542684255, 0.028244018554579756, 0.07080841064426113, 0.050262451171683264, 0.016456604003843474, 0.008674621581998158, 0.8053054809539593]",0,Normal-2074.png
588540,0,85.3806720890411,0.9279754030700038,"[0.002948760986316876, 0.005012512207012129, 0.004585266113263759, 0.012893676757763314, 0.025840759277245176, 0.017154693603450184, 0.007099151611301043, 0.004100799560531231, 0.9203643798793015]",0,Normal-646.png
2160360,0,296.35157396648725,0.6730964146205026,"[0.009777069091759578, 0.017997741699150093, 0.015213012695254467, 0.05408096313455932, 0.14733123779240673, 0.09461975097620155, 0.031036376953006605, 0.01703262329095065, 0.6129112243628962]",0,Normal-1147.png
1145970,0,154.06013408145793,0.8325882798417142,"[0.004608154296857421, 0.00937271118160487, 0.006992340087863951, 0.026855468749897554, 0.07753372192353236, 0.04710769653302342, 0.015945434570251674, 0.007568359374971129, 0.8040161132781829]",0,Normal-90.png
1122000,0,136.9824983182485,0.8626775146264228,"[0.004146575927718557, 0.007022857665988835, 0.005607604980447358, 0.022483825683507982, 0.06462860107397221, 0.038036346435401776, 0.01081085205074001, 0.005393981933573174, 0.8418693542448353]",0,Normal-1772.png
273870,0,43.173098091976506,0.9207814260245555,"[0.002914428710926382, 0.005565643310525644, 0.004249572753890039, 0.014709472656193887, 0.02579498291005785, 0.02222061157218086, 0.010742187499959022, 0.005893707275368142, 0.9079093933070834]",0,Normal-1627.png
1240575,0,184.12464071673188,0.8077035480260124,"[0.005844116210915206, 0.011531829833940384, 0.008720397949185483, 0.03133773803698983, 0.08702468872037115, 0.054553985595495014, 0.018604278564382154, 0.010288238525351379, 0.7720947265595547]",0,Normal-1384.png
1853850,1,282.56346700709395,0.7363277010017535,"[0.008472442626920805, 0.01557922363275307, 0.014232635497992582, 0.04747772216778764, 0.10867309570271044, 0.07565689086885201, 0.027648925781144525, 0.015624999999940395, 0.6866340637180838]",0,Normal-3156.png
996540,0,108.76334699119371,0.8785138598574982,"[0.004051208496078295, 0.007106781005832265, 0.006572723388646802, 0.021320343017496794, 0.051715850829880845, 0.031612396240113784, 0.012283325195265642, 0.006164550781226484, 0.8591728210416444]",0,Normal-3223.png
2387055,2,340.924840998043,0.6911823650655888,"[0.0072708129882535135, 0.015514373779237691, 0.013317108154246074, 0.052738189697064446, 0.15383529663027254, 0.08858489990200583, 0.026359558105368195, 0.013992309570259123, 0.6283874511694779]",0,Normal-2271.png
1269900,0,163.34141083659495,0.8741304585487472,"[0.004066467285140737, 0.0073890686034874375, 0.005039215087871402, 0.02104187011710723, 0.06011581420875505, 0.03703308105454623, 0.010196685790976727, 0.006038665771461339, 0.8490791320768392]",0,Normal-3418.png
2026995,0,306.45312117783766,0.662346379207651,"[0.010360717773397976, 0.018619537353444595, 0.01797485351555643, 0.058963775634540694, 0.15325927734316536, 0.0960960388179928, 0.03353118896471584, 0.017414093017511695, 0.5937805175758599]",0,Normal-1411.png
1258935,0,175.65329929060664,0.8514773397850671,"[0.004329681396467859, 0.008396148681608597, 0.006240844726538693, 0.024513244628812738, 0.068714141845441, 0.04044723510726758, 0.012096405029250731, 0.006092071533179886, 0.8291702270476182]",0,Normal-2952.png
1128375,0,163.9585715814579,0.7908221773404055,"[0.005401611328104394, 0.010879516601520998, 0.009685516357384927, 0.03479003906236729, 0.09381103515589213, 0.06194305419898245, 0.020469665527265663, 0.011329650878863031, 0.7516899108858044]",0,Normal-2254.png
1794945,0,189.0541447529354,0.7978438776805472,"[0.007621765136689675, 0.013660430908151014, 0.011314392089800588, 0.03543472290025545, 0.07600402832002257, 0.0515899658201157, 0.02128982543937191, 0.013824462890572263, 0.7692604064912061]",0,Normal-789.png
1070490,2,238.59420865949124,0.6589688138484243,"[0.011104583740192015, 0.02886962890613987, 0.01720046997063751, 0.0727272033688632, 0.11234283447222769, 0.12660598754834515, 0.05062484741191625, 0.04779815673809891, 0.5327262878397647]",0,Normal-2886.png
1079670,0,129.61046049412914,0.8467908143844953,"[0.004848480224590879, 0.008304595947233945, 0.00775146484372043, 0.024463653564359804, 0.06501770019506448, 0.041233062743983334, 0.01455688476556947, 0.008113861083953422, 0.8257102966277096]",0,Normal-3266.png
1043205,0,160.44044306506842,0.9115274129200064,"[0.0035018920898303913, 0.0060691833495862225, 0.0042076110839683245, 0.015506744384706471, 0.03821182250961986, 0.02128219604484069, 0.006923675537082963, 0.003482818603502339, 0.900814056393048]",0,Normal-905.png
1027140,0,154.94531249999997,0.8007775429890186,"[0.004722595214825735, 0.01029968261714821, 0.008983612060512606, 0.03433990478502525, 0.09101104736293407, 0.06016540527320798, 0.019691467285081133, 0.012577056884717648, 0.7582092285127326]",0,Normal-500.png
637500,0,112.68262292074364,0.8750457361714544,"[0.0036621093749860303, 0.00672531127927122, 0.007217407226534967, 0.022190093994055977, 0.05538177490213248, 0.03769302368149684, 0.012813568115185494, 0.006401062011694332, 0.847915649410828]",0,Normal-664.png
609195,0,85.3346226761252,0.8867925737415815,"[0.0036048889160018734, 0.005859374999977648, 0.006080627441383054, 0.019931793212814592, 0.047569274902162284, 0.0319480895994875, 0.011852264404251661, 0.005813598632790322, 0.8673400878873163]",0,Normal-372.png
1390770,0,209.9804763943248,0.8389691791625847,"[0.00545501708982294, 0.010074615478477194, 0.00783538818356386, 0.028141021728408273, 0.07154083251925834, 0.04457855224592369, 0.014831542968693422, 0.008155822753875138, 0.8093872070281624]",0,Normal-1760.png
844050,0,111.78297379525439,0.8276399958600821,"[0.004730224609356955, 0.00944519042965147, 0.008586883544889118, 0.0312538146971464, 0.0783157348629825, 0.04992675781230954, 0.01830673217766454, 0.009128570556605802, 0.7903060913055789]",0,Normal-702.png
753270,0,108.34499602495107,0.8809231090801302,"[0.003200531005847166, 0.005935668945289857, 0.006008148193336456, 0.020904541015545255, 0.052894592284954474, 0.03339004516588825, 0.012054443359329016, 0.00545120239255733, 0.8601608276334375]",0,Normal-3041.png
1047795,0,129.89575816413893,0.8593067676516103,"[0.003982543945297307, 0.007602691650361623, 0.006370544433569448, 0.02360534667959745, 0.06279754638647919, 0.03985214233383235, 0.01167678833003358, 0.005893707275368142, 0.8382186889616462]",0,Normal-3265.png
978945,0,170.2120879708904,0.8653400920584577,"[0.004486083984357887, 0.008399963378874206, 0.006206512451148199, 0.023014068603427834, 0.06123352050757891, 0.04119491577132723, 0.012916564941356977, 0.007061004638644939, 0.8354873657194691]",0,Normal-552.png
982005,0,107.16157809442271,0.7953810428422846,"[0.004058837890609517, 0.009155273437465075, 0.008289337158171503, 0.03252029418932907, 0.09885787963829476, 0.06106948852515766, 0.018421173095632855, 0.010532379150350447, 0.7570953369111744]",0,Normal-2127.png
601290,0,94.41368028375733,0.8840461337017578,"[0.0033340454101435314, 0.006179809570288926, 0.00595474243161791, 0.02061462402335886, 0.05277252197245494, 0.033088684081905025, 0.011569976806596488, 0.005977630615211572, 0.860507965084608]",0,Normal-67.png
1556520,0,77.88677990459882,0.4836945489517844,"[0.008842468261685018, 0.0207748413085145, 0.02367019653311283, 0.09561157226526026, 0.24792480468655423, 0.16311264038023715, 0.052333831786909736, 0.029266357421763357, 0.35846328735214816]",0,Normal-824.png
1118940,0,195.36292196673185,0.8341774433012558,"[0.0047149658202945135, 0.011085510253863963, 0.007434844970674763, 0.027137756347552725, 0.05964660644508497, 0.054985046386508994, 0.01779937744133835, 0.012828826904247937, 0.8043670654266191]",0,Normal-3142.png
667080,0,57.48237983121329,0.9152548328012867,"[0.0028114318847549, 0.005229949951151924, 0.004119873046859283, 0.01371765136713517, 0.032550811767453953, 0.024246215820220008, 0.009361267089808039, 0.004650115966779136, 0.9033126831020228]",0,Normal-2768.png
755055,0,122.19457864481409,0.8679187537796337,"[0.004398345947248847, 0.008567810058561066, 0.007194519042941305, 0.023532867431550853, 0.05607604980447359, 0.037712097167824886, 0.014762878417912434, 0.008010864257781941, 0.8397445678678903]",0,Normal-766.png
1149285,0,195.35638224681998,0.78983211766798,"[0.005310058593729744, 0.011642456054643088, 0.00927734374996461, 0.03434371948229086, 0.09695816040002075, 0.06026840209937947, 0.01965713500969064, 0.011058807373004688, 0.7514839172334614]",0,Normal-2633.png
822120,0,120.86930497798436,0.8665053852486557,"[0.003440856933580624, 0.0066795349120838945, 0.005813598632790322, 0.022514343261632864, 0.06129455566382868, 0.037681579589700004, 0.012489318847608606, 0.006145477294898432, 0.8439407348600618]",0,Normal-827.png
1049580,0,138.00895914872797,0.8389802926434144,"[0.0051727294921677675, 0.010673522949178033, 0.0076942443847362735, 0.027633666992082084, 0.07209014892550625, 0.04673004150372799, 0.017597198486260998, 0.010341644287069924, 0.802066802975456]",0,Normal-2227.png
1067940,0,109.39027336105673,0.859055405119603,"[0.0041580200195153886, 0.007892608642548017, 0.007240295410128631, 0.024311065673735383, 0.06336975097632076, 0.03895950317367951, 0.013912200927681305, 0.0069847106933327305, 0.8331718444792435]",0,Normal-1736.png
828495,0,103.19563356164383,0.8628298014989695,"[0.0034103393554557404, 0.00629806518552285, 0.006835937499973923, 0.024257659912016838, 0.058971405029071916, 0.03731918334946701, 0.012561798095655205, 0.00579452514646227, 0.8445510864225595]",0,Normal-725.png
1088340,0,102.6773903803816,0.8781210383840702,"[0.0035095214843616123, 0.006412506103491163, 0.0046463012695135255, 0.01865386962883509, 0.05655288696267489, 0.03403854370104203, 0.009338378906214377, 0.0041236877441248945, 0.8627243041959277]",0,Normal-348.png
1081200,0,193.85800284368887,0.7981622843713199,"[0.005382537841776342, 0.010528564453084836, 0.009723663330041031, 0.03412246704088546, 0.08879852294888001, 0.06395339965795915, 0.019439697265550844, 0.011211395263629107, 0.7568397521943785]",0,Normal-1993.png
991950,0,189.60502920132092,0.8442738114230776,"[0.004447937011701783, 0.008743286132779146, 0.007503509521455751, 0.02606201171865058, 0.06827545165989579, 0.04635620117169816, 0.014610290527288015, 0.008037567138641214, 0.8159637451140748]",0,Normal-2373.png
731340,0,107.58749694227005,0.9079801755926513,"[0.0031967163085815553, 0.005546569824197592, 0.00493621826169992, 0.016948699951107222, 0.03542327880845862, 0.023624420165925503, 0.009216308593714842, 0.004150390624984167, 0.8969573974575159]",0,Normal-2543.png
724710,0,65.22496483610566,0.8969790606115601,"[0.003379821777330857, 0.006172180175757705, 0.006366729736303838, 0.018924713134693433, 0.03955459594711473, 0.027175903320208833, 0.011306762695269368, 0.005603790283181748, 0.8815155029263247]",0,Normal-1279.png
1515975,0,252.5583414872798,0.7385878368200994,"[0.0078124999999701975, 0.014949798583927346, 0.013298034667918021, 0.04670333862286871, 0.11922836303665456, 0.08100509643523786, 0.028640747070203244, 0.016304016113219053, 0.6720581054661863]",0,Normal-3113.png
1676880,0,264.2025898972603,0.7873017776140401,"[0.007038116455051277, 0.012104034423781952, 0.010173797607383064, 0.03721237182602992, 0.09930419921837118, 0.06056213378883147, 0.019519805908128664, 0.01081085205074001, 0.7432746887178677]",0,Normal-2025.png
1644495,0,240.04499831824853,0.8197229256255496,"[0.0065269470214594765, 0.011520385742143553, 0.00869369506832621, 0.032173156738158515, 0.0801048278805538, 0.05503845214822754, 0.0173072814940746, 0.010200500488242338, 0.7784347534149992]",0,Normal-474.png
2044080,0,291.3186383928571,0.675418218844331,"[0.007369995117159385, 0.01703262329095065, 0.012756347656201338, 0.05043792724590134, 0.14985656738224085, 0.10089874267539635, 0.028293609619032694, 0.015888214111267517, 0.6174659728980352]",0,Normal-3138.png
508215,0,50.452513454011736,0.897496294685467,"[0.003780364990219954, 0.007518768310518193, 0.005836486816383986, 0.018207550048758667, 0.03379821777330857, 0.027667999267472577, 0.013896942138618862, 0.007373809814424996, 0.8819198608364794]",0,Normal-2558.png
357510,0,73.12636068982388,0.9312592235984174,"[0.0021286010742106298, 0.003974914550766087, 0.003372192382799636, 0.011577606201127709, 0.02690505981435049, 0.01985549926750238, 0.007514953613252583, 0.0036697387695172508, 0.9210014343226585]",0,Normal-2121.png
1997925,0,261.08556675024465,0.8064051573985956,"[0.006317138671850902, 0.0123405456542498, 0.009471893310510742, 0.035621643066270366, 0.08855819702114655, 0.05233764648417535, 0.015575408935487459, 0.008232116699187346, 0.7715454101533068]",0,Normal-674.png
1089870,0,99.38233855185909,0.8901372925357952,"[0.0043411254882646895, 0.008407592773405427, 0.0063400268554445645, 0.018939971923755874, 0.044265747070143635, 0.028667449951062518, 0.011905670165970208, 0.006889343261692469, 0.8702430725064458]",0,Normal-1375.png
982515,0,136.75958598336595,0.8523618864896848,"[0.004390716552717625, 0.008296966552702725, 0.006977081298801509, 0.02478790283193669, 0.0678024291989601, 0.04236984252913525, 0.013332366943308516, 0.006790161132786597, 0.8252525329558362]",0,Normal-1643.png
1621290,0,205.6088742967221,0.8224620656401226,"[0.005805969238259102, 0.010955810546833207, 0.009136199951137023, 0.03433609008775964, 0.07617950439424065, 0.048652648925595655, 0.016880035400326232, 0.010906219482380271, 0.7871475219696535]",0,Normal-2089.png
768825,0,116.40553907778866,0.8289215623509902,"[0.004753112792950618, 0.009323120117151935, 0.008544921874967403, 0.03013610839832254, 0.07700729370087811, 0.050449371337698175, 0.017997741699150093, 0.009208679199183622, 0.7925796508758828]",0,Normal-3037.png
1372155,0,209.79341212084142,0.8135448872239329,"[0.006267547607397966, 0.009674072265588095, 0.008907318115200395, 0.030670166015508003, 0.08338165283171317, 0.05484771728494702, 0.017726898193291752, 0.009834289550743735, 0.7786903381317951]",0,Normal-1045.png
872865,0,150.81438814823872,0.8343020936774777,"[0.004337310790999079, 0.00877380371090403, 0.007377624511690607, 0.02836608886707929, 0.07525634765596292, 0.04933166503887431, 0.01616287231439147, 0.007438659667940373, 0.8029556274383431]",0,Normal-1567.png
1026375,0,157.73849911325834,0.8987945311293886,"[0.002849578857411005, 0.005588531494119306, 0.0043106079101398066, 0.016635894775327165, 0.046874999999821185, 0.026351928710836976, 0.006710052490208778, 0.0034866333007679494, 0.8871917724575531]",0,Normal-2161.png
757860,0,71.24425146771034,0.8968374711139749,"[0.003974914550766087, 0.007030487060520055, 0.006629943847630959, 0.017353057861261928, 0.03644943237290783, 0.024383544921781984, 0.011497497558549891, 0.0060348510741957285, 0.8866462707485708]",0,Normal-1986.png
1149030,0,141.8976768896771,0.8256664044237483,"[0.004440307617170561, 0.009326934814417546, 0.007637023925752117, 0.028476715087781993, 0.08105087280242519, 0.049751281738091464, 0.016220092773375626, 0.007846832275360692, 0.7952499389618101]",0,Normal-16.png
1879605,0,257.65808081580235,0.7631744553689682,"[0.007648468017548948, 0.015102386474551763, 0.011390686035112797, 0.03899383544907, 0.10484313964803756, 0.06797409057591257, 0.022281646728430627, 0.013164520263621656, 0.7186012268038994]",0,Normal-2341.png
1965285,1,322.3091097419276,0.6548592477747602,"[0.010948181152301987, 0.021579742431558305, 0.017444610595636578, 0.06122207641578208, 0.1384887695307217, 0.10794448852497884, 0.03989791870101968, 0.027725219726456737, 0.5747489929177294]",0,Normal-1887.png
872355,0,116.085050758317,0.8509161439347862,"[0.004096984863265621, 0.00826263427731223, 0.006904602050754911, 0.02425003051748562, 0.06698608398411947, 0.039546966552583517, 0.014087677001899385, 0.007404327392549879, 0.8284606933562146]",0,Normal-1286.png
857055,0,110.04161570450098,0.8572318578268401,"[0.004791259765606723, 0.009162902831996295, 0.008815765380825746, 0.024242401122954397, 0.052387237548628285, 0.033710479736199526, 0.014781951904240486, 0.007965087890594615, 0.8441429138151392]",0,Normal-2731.png
970275,0,137.4688493762231,0.8960459147945666,"[0.0033187866210810896, 0.006191253662085757, 0.005203247070292651, 0.01813888549797768, 0.046005249023262, 0.02700042724599075, 0.00843048095699909, 0.004573822021466927, 0.8811378478970293]",0,Normal-886.png
1253070,0,207.7535049229452,0.8608238391499295,"[0.004508972167951549, 0.008152008056609527, 0.006366729736303838, 0.025596618652246106, 0.06502914428686131, 0.03532791137681836, 0.010650634765584371, 0.005924224853493026, 0.8384437561003172]",0,Normal-2845.png
2484975,0,403.4396556996086,0.7104688392630591,"[0.008819580078091355, 0.017402648925714862, 0.012447357177686892, 0.04929733276348382, 0.1273460388178736, 0.0857276916500636, 0.027400970458879848, 0.016391754150328095, 0.6551666259740632]",0,Normal-3356.png
2367165,0,365.9646755748532,0.7312533155378782,"[0.00817489624020319, 0.01643371582024981, 0.011432647705034512, 0.045364379882639444, 0.11697769164994438, 0.0793037414547756, 0.023487091064363527, 0.01311874389643433, 0.6857070922825405]",0,Normal-2485.png
368985,0,82.77378913894323,0.9260073874559456,"[0.0025863647460838838, 0.004760742187481839, 0.0038986206054538778, 0.013084411621043837, 0.02732467651356764, 0.022445678710851878, 0.009056091308559203, 0.0043411254882646895, 0.9125022888148784]",0,Normal-898.png
767040,0,77.12866927592955,0.8885723814555854,"[0.0031204223632693463, 0.00587463378904009, 0.005924224853493026, 0.019023895263599305, 0.04925918579082771, 0.029792785644417598, 0.010818481445271231, 0.004959106445293582, 0.8712272644009734]",0,Normal-518.png
952425,0,93.42555192025439,0.8750942183344944,"[0.0036888122558453034, 0.006160736083960874, 0.006191253662085757, 0.021656036376870514, 0.0577964782712639, 0.03252029418932907, 0.01217651367182855, 0.005306243896464133, 0.8545036315885371]",0,Normal-114.png
1307130,0,216.6712099437377,0.8193759932284586,"[0.007148742675753979, 0.012733459472607676, 0.009887695312462282, 0.03237533569323587, 0.07100296020480727, 0.05442047119119865, 0.02120971679679409, 0.014701843261662666, 0.7765197753876628]",0,Normal-2245.png
959310,0,123.78835157778865,0.8627503867779562,"[0.0037117004394389658, 0.006660461425755842, 0.006931304931614184, 0.02376174926748748, 0.05636978149392559, 0.03730010986313896, 0.013301849365183633, 0.0064582824706784885, 0.8455047607389621]",0,Normal-2091.png
631635,0,92.528696795499,0.8982864953961087,"[0.002960205078113708, 0.0049858093261528555, 0.005462646484354162, 0.017421722412042914, 0.04230117797835426, 0.027606964111222813, 0.01013183593746135, 0.004676818847638409, 0.8844528198208448]",0,Normal-2184.png
889440,1,189.92589973703525,0.8516778626412589,"[0.004100799560531231, 0.008701324462857431, 0.00766372680661139, 0.02997970581043251, 0.06040191650367583, 0.05113983154277366, 0.018348693847586254, 0.012027740478469743, 0.8076362609832473]",0,Normal-1871.png
460275,0,100.66131818737767,0.9148793885041772,"[0.002487182617178012, 0.004974365234356024, 0.004264831542952481, 0.013771057128853717, 0.03201675415026849, 0.02707290649403735, 0.009330749511683155, 0.004489898681623497, 0.9015922546352325]",0,Normal-1943.png
950385,0,138.3998058341487,0.8361736431018083,"[0.004585266113263759, 0.009216308593714842, 0.007755279540986041, 0.026939392089740985, 0.07508850097627606, 0.04949951171856117, 0.01626968383782856, 0.010025024414024258, 0.8006210327117896]",0,Normal-1573.png
1054680,1,146.17483335371818,0.8408084333043485,"[0.004386901855452015, 0.008541107177701793, 0.0072021484374725254, 0.025276184081934827, 0.07531356811494708, 0.043567657470536925, 0.013675689697213457, 0.0077285766601267675, 0.8143081665007998]",0,Normal-2895.png
2203710,0,233.8057806384539,0.7096239900052284,"[0.00825500488278101, 0.016284942626891, 0.012954711914013081, 0.046203613281073745, 0.13603210449166858, 0.08238220214812324, 0.02684402465810072, 0.013225555419871422, 0.6578178405736624]",0,Normal-948.png
1309170,0,210.2163917257828,0.7512312173818699,"[0.008235931396452957, 0.014781951904240486, 0.012752532958935728, 0.04524993896467113, 0.10875320434528826, 0.07364654540987531, 0.027542114257707435, 0.014614105224553626, 0.6944236755344604]",0,Normal-3382.png
1047285,0,147.78109711350294,0.8049360867787254,"[0.004730224609356955, 0.010108947753867687, 0.009498596191370015, 0.03297805786120232, 0.08465957641569267, 0.054553985595495014, 0.01802825927727498, 0.008899688720669175, 0.7765426635712565]",0,Normal-4.png
613530,0,89.06692606408998,0.906777761865636,"[0.002803802490223679, 0.004894256591778205, 0.0047988891601379435, 0.015354156494082054, 0.040241241454924616, 0.02451705932607835, 0.008895874023403565, 0.004413604736311289, 0.8940811157192455]",0,Normal-2024.png
1078140,0,176.86784108977497,0.8222987498486242,"[0.005634307861306632, 0.010978698730426869, 0.00902938842769993, 0.030586242675664572, 0.07728576660126768, 0.05248260498026854, 0.018543243408132386, 0.009853363037071787, 0.7856063842743469]",0,Normal-1348.png
1109760,0,130.61803219789627,0.817802817255445,"[0.00544738769529172, 0.009899139404259112, 0.008968353271450163, 0.030559539794805298, 0.0828437805172621, 0.05204010009745773, 0.018753051757740963, 0.008895874023403565, 0.7825927734345146]",0,Normal-3013.png
645405,0,78.58553235078277,0.8765947249016122,"[0.004112243652328063, 0.007431030273409153, 0.008029937744109993, 0.023292541503817394, 0.045478820800607764, 0.03208541870104948, 0.013225555419871422, 0.006973266601535899, 0.8593711852994561]",0,Normal-2400.png
2348805,0,300.4404124877689,0.7930245989639072,"[0.008930206298794059, 0.014015197753852786, 0.011898040771438988, 0.035747528076035505, 0.08004760742156965, 0.0470275878904456, 0.018768310546803404, 0.010757446289021463, 0.7728080749482238]",0,Normal-3210.png
1148775,0,189.28324516878666,0.8310182751548868,"[0.004776000976544281, 0.00884628295895063, 0.008464813232389585, 0.029769897460823935, 0.07284927368136272, 0.0466270446775565, 0.016559600830014953, 0.007789611816376535, 0.8043174743621662]",0,Normal-950.png
782085,0,103.6122072223581,0.8982770649831786,"[0.0033340454101435314, 0.005931854248024246, 0.0042572021484212595, 0.015991210937438997, 0.04791259765606723, 0.02783584594715944, 0.009647369384728823, 0.004848480224590879, 0.8802413940396109]",0,Normal-2883.png
737715,0,133.21952589897256,0.8321132911977435,"[0.005802154540993492, 0.011257171630816432, 0.008483886718717637, 0.02962493896473074, 0.06484222412084639, 0.04998779296855931, 0.01942825317375401, 0.015560150146425018, 0.7950134277313422]",0,Normal-3028.png
926160,0,58.43516848091978,0.9341294386342083,"[0.0023193359374911525, 0.004116058349593673, 0.0032806396484249853, 0.010021209716758647, 0.025737762451073693, 0.015026092529239555, 0.006004333496070845, 0.002960205078113708, 0.930534362789419]",0,Normal-1800.png
952170,0,207.12937255381604,0.9125145583602642,"[0.003379821777330857, 0.005939483642555468, 0.004665374755841578, 0.01651000976556202, 0.033946990966667374, 0.02309417724600565, 0.008071899414031709, 0.004295349121077365, 0.9000968933071133]",0,Normal-2237.png
1235475,0,104.2355407595401,0.7861014787612891,"[0.004619598388654253, 0.009914398193321555, 0.009208679199183622, 0.033847808837761506, 0.10256958007773373, 0.0617408752439051, 0.019008636474536864, 0.01004791259761792, 0.7490425109834707]",0,Normal-1465.png
930240,0,138.35434885640902,0.8535327793488258,"[0.0040893554687344005, 0.007965087890594615, 0.0066452026366934005, 0.022853851318272195, 0.06475830078100296, 0.041076660156093306, 0.013671874999947846, 0.006824493408177091, 0.8321151733366695]",0,Normal-1809.png
1092675,0,180.7199348703522,0.8220697684094532,"[0.004978179931621635, 0.010185241699179896, 0.008300781249968334, 0.02988052368152664, 0.0782394409176703, 0.05075836181621262, 0.017471313476495852, 0.00962829589840077, 0.7905578613251092]",0,Normal-1740.png
804780,0,70.90957528131113,0.8934491222535635,"[0.0035743713378769896, 0.006122589111304769, 0.006076812744117444, 0.018280029296805268, 0.04766082763653694, 0.026920318603412933, 0.010837554931599283, 0.005493164062479045, 0.8750343322720526]",0,Normal-2953.png
913410,0,127.66998302959877,0.8822351207886061,"[0.003269195556628154, 0.007095336914035433, 0.005332946777323406, 0.02035903930656296, 0.052577972411908806, 0.031856536865112854, 0.010078430175742803, 0.004943847656231141, 0.8644866943326397]",0,Normal-3143.png
1305855,0,110.99027641878666,0.7895054273192583,"[0.004878997802715763, 0.010238647460898443, 0.008937835693325279, 0.033008575439327205, 0.10288238525351379, 0.06156539916968702, 0.01823043823235233, 0.01072692871089658, 0.7495307922334689]",0,Normal-10.png
885360,1,116.69957803326808,0.9058416503811774,"[0.00246810913084996, 0.0063896179198975, 0.0035133361816272225, 0.012969970703075524, 0.036827087402203265, 0.025665283203027096, 0.007164001464816421, 0.005466461181619772, 0.8995361328090685]",0,Normal-3357.png
1514955,0,198.13467771526425,0.7582870068438123,"[0.007770538330048483, 0.013771057128853717, 0.01319885253901215, 0.04214096069319862, 0.10690307617146719, 0.06968688964817166, 0.025371551513575088, 0.013484954833932934, 0.7076721191379254]",0,Normal-2299.png
844560,0,180.93576091609592,0.8564941249443466,"[0.004192352294905883, 0.009681701660119318, 0.006481170654272151, 0.02632141113271209, 0.05473709106424432, 0.049186706542781115, 0.01710510253899725, 0.012729644775342065, 0.8195648193328111]",0,Normal-1462.png
739245,0,79.5631039016634,0.9365724422365389,"[0.002544403076162169, 0.004894256591778205, 0.0038337707519385004, 0.011981964111282417, 0.020202636718672933, 0.015399932861269379, 0.00655746459958436, 0.0034255981445181823, 0.9311599731409791]",0,Normal-227.png
953445,0,185.95768483977488,0.8186757811611424,"[0.004756927490216229, 0.00920486450191801, 0.008300781249968334, 0.030025482177619835, 0.0855445861813143, 0.052818298339642265, 0.017486572265558293, 0.009140014648402634, 0.7827224731415454]",0,Normal-2785.png
1066155,0,125.1994901235323,0.7737279922109042,"[0.004890441894512594, 0.010929107665973933, 0.010116577148398908, 0.03783798217759003, 0.10892868041950635, 0.0678367614743506, 0.02213668823233743, 0.013130187988231162, 0.7241935729952843]",0,Normal-2526.png
646425,0,79.58714530332679,0.9008137007792943,"[0.002853393554676615, 0.004978179931621635, 0.005226135253886314, 0.016735076904233034, 0.043403625488115674, 0.02809143066395534, 0.00986862182613423, 0.004817962646465996, 0.8840255737270964]",0,Normal-1947.png
2024445,0,328.381979268591,0.7776667481536582,"[0.007278442382784735, 0.013851165771431537, 0.011737823486283348, 0.03918457031235052, 0.09920883178673091, 0.06016921997047359, 0.020397186279219066, 0.011798858642533116, 0.7363739013643784]",0,Normal-2353.png
1024335,0,168.10867172211348,0.8269497679710582,"[0.004882812499981373, 0.009910583496055943, 0.008068084716766098, 0.02868652343739057, 0.07752609252900114, 0.04878616332989202, 0.01702117919915382, 0.008831024169888187, 0.7962875366180562]",0,Normal-1838.png
1236750,0,199.93302042563596,0.8450692994984298,"[0.004943847656231141, 0.008777618408169641, 0.006973266601535899, 0.024757385253811808, 0.06818389892552115, 0.0448722839353757, 0.013961791992134239, 0.007434844970674763, 0.820095062252731]",0,Normal-671.png
1171980,0,202.40468291340508,0.861830983344844,"[0.004093170166000011, 0.0076942443847362735, 0.005973815917945962, 0.022800445556553646, 0.06261062622046429, 0.038440704345556485, 0.010913848876911492, 0.0057983398437278805, 0.8416748046842892]",0,Normal-1457.png
770355,0,224.9639875856164,0.8742312172468049,"[0.003219604492175218, 0.00859832763668595, 0.004997253417949687, 0.020565032958905924, 0.044776916503735435, 0.04273986816389946, 0.013736724853463222, 0.009803771972618851, 0.8515624999967515]",0,Normal-176.png
1776330,0,326.51480705724066,0.7426599683721392,"[0.00818252563473441, 0.016067504882751205, 0.012298583984328084, 0.045692443847481945, 0.11178207397418295, 0.07323455810518938, 0.026096343994041076, 0.014923095703068073, 0.6917228698704081]",0,Normal-1688.png
314415,0,67.86906035958904,0.9165108643444079,"[0.002536773681630948, 0.0045967102050605895, 0.004875183105450153, 0.015354156494082054, 0.03503799438463197, 0.025562286376855613, 0.009468078613245131, 0.00485229492185649, 0.8977165222133723]",0,Normal-1902.png
982005,0,137.24822651663402,0.9105122779542687,"[0.0025672912597558316, 0.004783630371075502, 0.0036125183105330944, 0.015438079833925483, 0.04175186157210635, 0.025661468505761485, 0.0055961608886505275, 0.0028114318847549, 0.8977775573696221]",0,Normal-2192.png
469200,0,48.49143835616438,0.9433253172759474,"[0.0021781921386635657, 0.0035591125488145478, 0.002708435058583418, 0.008735656738247926, 0.02469253540029643, 0.01481628417963098, 0.005634307861306632, 0.002784729003895627, 0.9348907470667461]",0,Normal-1339.png
753270,0,112.17589591487278,0.8644155506262143,"[0.0034370422363150135, 0.006664276123021453, 0.007041931152316887, 0.023315429687411057, 0.05793380737282587, 0.03642654418931417, 0.0128517150878416, 0.005920410156227416, 0.8464088439909118]",0,Normal-2721.png
839460,0,102.88432607632095,0.9034868990868267,"[0.0037193298339701867, 0.00579071044919666, 0.0057830810546654395, 0.018276214599539656, 0.03871917724594605, 0.024486541747953467, 0.009082794189418477, 0.004741668701153787, 0.8894004821743415]",0,Normal-3244.png
960585,1,185.27715646404107,0.8408376636223384,"[0.005287170410136081, 0.01192474365229826, 0.007617950439424065, 0.027351379394426913, 0.05475234985330676, 0.047954559325988945, 0.01916122436516128, 0.015014648437442723, 0.8109359741180002]",0,Normal-1654.png
723180,0,71.16556843199608,0.8928923218684326,"[0.002826690673817342, 0.005264282226542418, 0.0045280456542796015, 0.017940521240165937, 0.046207427978339356, 0.030612945556523843, 0.0099678039550401, 0.004955291748027972, 0.8776969909634487]",0,Normal-3011.png
329205,0,44.920109160958894,0.9356175457651859,"[0.002799987792958069, 0.004734039306622566, 0.0038604736327977735, 0.011096954345660793, 0.021102905273357, 0.017471313476495852, 0.00859832763668595, 0.0050544738769338435, 0.9252815246546734]",0,Normal-2860.png
1208445,0,93.99683142734834,0.7635679183595173,"[0.004760742187481839, 0.010875701904255387, 0.011016845703082975, 0.03992462158187895, 0.11317443847613078, 0.07142639160129002, 0.022178649902259144, 0.012538909912061542, 0.7141036987277446]",0,Normal-1506.png
696405,0,77.4329745596869,0.8826961531496114,"[0.004676818847638409, 0.009414672851526586, 0.007110595703097875, 0.02317428588858347, 0.04036712646468976, 0.033115386962764295, 0.01610946655267292, 0.010906219482380271, 0.8551254272428317]",0,Normal-612.png
966195,0,147.1024989297945,0.8707360298368934,"[0.003627777099595536, 0.007289886474581566, 0.005855560302712038, 0.02144241332999633, 0.0571746826169694, 0.03739929199204483, 0.012363433837843461, 0.006420135498022384, 0.8484268188444197]",0,Normal-2900.png
2029545,0,234.7920132093933,0.6221362970115597,"[0.009048461914027982, 0.018955230712818315, 0.016727447509701815, 0.06256866455054257, 0.1779861450188523, 0.10987854003864335, 0.03549575805650522, 0.0178184509276664, 0.5515213012674274]",0,Normal-794.png
637500,0,68.63145945450097,0.8923783229326843,"[0.003929138183578761, 0.006687164306615115, 0.006748199462864883, 0.01873779296867852, 0.03961181640609889, 0.025279998779200438, 0.011787414550736284, 0.006275177001929187, 0.8809432983364832]",0,Normal-2180.png
903210,0,94.30701901908023,0.779394526766818,"[0.0039367675781099825, 0.009426116943323418, 0.00944900512691708, 0.03881835937485192, 0.10940170288044204, 0.07009887695285759, 0.02025985717765709, 0.010978698730426869, 0.7276306152315993]",0,Normal-917.png
824415,0,120.68276816291583,0.8533306687968463,"[0.004436492919904951, 0.008304595947233945, 0.007190704345675695, 0.026634216308492147, 0.06600189208959197, 0.0439605712888948, 0.015514373779237691, 0.007865905761688744, 0.8200912475554654]",0,Normal-758.png
957780,0,81.93851669520545,0.8889150025311392,"[0.0036354064941267568, 0.006790161132786597, 0.006423950195287994, 0.018619537353444595, 0.04222869873030766, 0.027374267578020573, 0.011142730712848119, 0.0057983398437278805, 0.877986907955635]",0,Normal-2314.png
843795,0,132.77469499143834,0.8640447759466328,"[0.0035438537597521063, 0.007316589355440839, 0.006320953369116512, 0.024078369140533146, 0.062946319579838, 0.03908920288071026, 0.013515472412057817, 0.006362915039038227, 0.8368263244596984]",0,Normal-1191.png
845835,0,101.74321183953035,0.8805207169035661,"[0.0033531188964715836, 0.005996704101539624, 0.0049514770507623615, 0.019866943359299213, 0.050312042236136195, 0.03471374511705508, 0.011138916015582508, 0.005550384521463202, 0.8641166686978755]",0,Normal-2880.png
462570,0,63.67373257093933,0.9114146816311425,"[0.002834320068348563, 0.00561523437497858, 0.005115509033183611, 0.015644073486268447, 0.03073501586902338, 0.023895263671783847, 0.010581970214803383, 0.005657196044900294, 0.8999214172328952]",0,Normal-593.png
607920,0,54.0671553938356,0.9503685119524501,"[0.0018959045410083927, 0.0033760070800652464, 0.002315521240225542, 0.008041381835906825, 0.021606445312417576, 0.014263153076117465, 0.0041542053222497774, 0.002834320068348563, 0.9415130615198459]",0,Normal-1021.png
1437180,0,203.7375091731898,0.7918741109363606,"[0.0057830810546654395, 0.012840270996044768, 0.008419036865202258, 0.03414154052721351, 0.09855651855431154, 0.06325149536108683, 0.02051544189445299, 0.01013183593746135, 0.7463607788057466]",0,Normal-1455.png
1187280,0,157.91945939334641,0.866957746592561,"[0.004138946533187336, 0.007907867431610458, 0.005825042724587154, 0.022853851318272195, 0.05815124511696567, 0.03863525390610262, 0.012470245361280554, 0.007583618164033571, 0.8424339294401457]",0,Normal-3001.png
1710795,0,194.28078751834636,0.8151156102516878,"[0.00519180297849582, 0.010021209716758647, 0.007984161376922668, 0.030670166015508003, 0.08550262451139258, 0.051174163818164156, 0.01601409912103266, 0.007347106933565723, 0.786094665524345]",0,Normal-471.png
1060800,0,152.97820985200582,0.8461695267071103,"[0.004211425781233935, 0.008308410644499555, 0.006759643554661714, 0.025253295898341164, 0.07022857665988835, 0.04227066040022937, 0.01379394531244738, 0.007183074951144473, 0.8219909667937393]",0,Normal-2360.png
1182945,0,197.64330815802342,0.9071106218605675,"[0.0032844543456905955, 0.006053924560523781, 0.005130767822246052, 0.01813507080071207, 0.03702545166001501, 0.02129364013663752, 0.007205963134738137, 0.003517150878892833, 0.8983535766567293]",0,Normal-1653.png
550800,0,102.44179228840508,0.8603064266266902,"[0.004081726074203179, 0.007808685302704587, 0.006652832031224621, 0.025440216064356078, 0.05834197998024619, 0.046554565429509906, 0.016300201415953446, 0.009529113769494899, 0.8252906799284924]",0,Normal-3218.png
1633275,1,211.71685420743634,0.8273159405204484,"[0.0053596496581826795, 0.010845184326130504, 0.007652282714814559, 0.028907775878795974, 0.08435058593717823, 0.05195236206034869, 0.01684951782220135, 0.009983062744102543, 0.7840995788544307]",0,Normal-1904.png
1176315,0,171.26782274339527,0.8250982111932493,"[0.005184173583964599, 0.008987426757778215, 0.007972717285125837, 0.02970123291004295, 0.07863616943329377, 0.05134582519511663, 0.015869140624939465, 0.007884979248016797, 0.794418334957907]",0,Normal-354.png
946050,0,111.78774003180038,0.8395992382162771,"[0.004138946533187336, 0.007274627685519125, 0.008293151855437114, 0.028480529785047604, 0.07051849365207474, 0.043518066406083994, 0.01541519165033182, 0.007122039794894707, 0.8152389526336088]",0,Normal-3426.png
1290045,0,111.13619129158509,0.7526588658322108,"[0.004673004150372799, 0.01082229614253684, 0.011108398437457624, 0.04307937622053879, 0.11836242675736099, 0.07282638549776906, 0.02368545532217527, 0.01277160644526378, 0.7026710510227101]",0,Normal-1543.png
400605,0,42.7878699853229,0.9105885725401671,"[0.003276824951159375, 0.0064582824706784885, 0.005100250244121169, 0.015197753906192026, 0.030780792236210705, 0.024333953857329046, 0.011497497558549891, 0.006603240966771685, 0.8967514038051729]",0,Normal-521.png
1191615,0,135.031509907045,0.8372536229449403,"[0.004455566406233003, 0.008132934570281474, 0.0063743591308350585, 0.02624130249013427, 0.071926116943085, 0.04642868041974476, 0.014400482177679442, 0.007038116455051277, 0.815002441403141]",0,Normal-561.png
1055955,0,125.93017291462816,0.8225343628807301,"[0.004974365234356024, 0.009830474853478124, 0.00859832763668595, 0.030773162841679483, 0.0814208984371894, 0.04947662353496751, 0.01762771606438588, 0.008682250976529379, 0.7886161804169135]",0,Normal-1635.png
530910,0,41.20025837818004,0.9475981516160564,"[0.0022239685058508913, 0.003517150878892833, 0.0029411315917856552, 0.008281707763640282, 0.020301818847578805, 0.012203216552687824, 0.005203247070292651, 0.002750396728505133, 0.9425773620569512]",0,Normal-2884.png
662490,1,183.39502430895303,0.6764223856044739,"[0.010166168212851844, 0.02501296997060771, 0.018833160400318783, 0.0660476684567793, 0.12602233886670675, 0.11378860473589406, 0.04758071899395912, 0.04126739501937383, 0.5512809753396939]",0,Normal-3165.png
1044480,1,165.8874908268101,0.8678720236020858,"[0.004249572753890039, 0.007774353027314093, 0.005779266357399828, 0.02130889892569996, 0.0596961975095379, 0.038524627685399916, 0.011928558349563871, 0.0065612792968499705, 0.8441772460905297]",0,Normal-2906.png
774180,0,112.9269584760274,0.8695874703225289,"[0.0037307739257670183, 0.006786346435520987, 0.005920410156227416, 0.020683288574139848, 0.056495666503690735, 0.034973144531116586, 0.01166152954097114, 0.005424499511698057, 0.8543243408170534]",0,Normal-1120.png
1103385,0,109.9017092710372,0.8007889771545748,"[0.003883361816391436, 0.00946044921871391, 0.007160186767550811, 0.02964019775379318, 0.09542846679651097, 0.058639526366963804, 0.01692962646477917, 0.009689331054650538, 0.7691688537568314]",0,Normal-3191.png
1457580,0,98.70568202666338,0.4927621965153379,"[0.013339996337839737, 0.028087615966689728, 0.027873992919815543, 0.09777069091759578, 0.21181488037028573, 0.16320800781187741, 0.06172943115210827, 0.040775299072110076, 0.355400085447863]",0,Normal-2276.png
1011075,1,137.17789490582194,0.7252755210970608,"[0.009407043456995366, 0.01822280883782111, 0.01590728759759557, 0.051876068115036485, 0.1116523742671522, 0.08737945556607292, 0.03640365600572051, 0.02597427368154154, 0.6431770324682495]",0,Normal-2497.png
1110270,0,107.17876253669274,0.8484815933383335,"[0.0042228698730307655, 0.007934570312469733, 0.006908416748020521, 0.026092529296775465, 0.06755447387669543, 0.04351043701155277, 0.015380859374941326, 0.007114410400363485, 0.8212814331023358]",0,Normal-1968.png
1098030,0,96.5798373287671,0.8713072444032357,"[0.004535675048810823, 0.007778167724579703, 0.008144378662078306, 0.022430419921789433, 0.04700851440411755, 0.031032562255740994, 0.01243209838862445, 0.006362915039038227, 0.8602752685514058]",0,Normal-1559.png
1401225,0,131.47218612402153,0.854961469170144,"[0.004619598388654253, 0.009315490722620714, 0.008144378662078306, 0.02571487426748003, 0.0618858337399983, 0.03711700439438966, 0.014217376708930139, 0.007862091064423133, 0.8311233520476108]",0,Normal-3065.png
670650,0,102.70262047455965,0.8969590997423966,"[0.002700805664052197, 0.0054435729980261095, 0.004196166992171493, 0.0175628662108705, 0.04416656494123777, 0.03149414062487986, 0.010437011718710186, 0.00510787963865239, 0.8788909912075847]",0,Normal-3315.png
1379550,0,157.01094285102738,0.9148614639767637,"[0.0035438537597521063, 0.006629943847630959, 0.0035247802734240537, 0.013309478759714853, 0.03381347656237101, 0.0189857482909432, 0.005569458007791254, 0.0033950805663932986, 0.9112281799281645]",0,Normal-1363.png
1670505,0,241.77761894569474,0.7748853279046433,"[0.007156372070285201, 0.0128517150878416, 0.010204315185507948, 0.038005828857276894, 0.10023880004844574, 0.06489562988256493, 0.020938873290935748, 0.010746002197224632, 0.7349624633761026]",0,Normal-151.png
1482060,0,290.7498050697162,0.8684282398464883,"[0.00544738769529172, 0.010238647460898443, 0.006412506103491163, 0.022182464599524755, 0.046714782714665545, 0.0357437133787699, 0.012378692626905904, 0.007278442382784735, 0.8536033630338531]",0,Normal-1779.png
1189065,0,230.75955540606654,0.731145599774214,"[0.008213043212859294, 0.016998291015560156, 0.014675140380803394, 0.05252456665019026, 0.10898208618122489, 0.0886154174801307, 0.03284072875964034, 0.02410125732412681, 0.6530494689916494]",0,Normal-3362.png
894030,0,88.75826351516632,0.805704043165131,"[0.004180908203109051, 0.008380889892546154, 0.007678985595673832, 0.03253555297839151, 0.09453964233362373, 0.061790466308358036, 0.017044067382747483, 0.010452270507772627, 0.7633972167939629]",0,Normal-1399.png
996540,0,166.009058524951,0.7964519991762793,"[0.004577636718732537, 0.009864807128868619, 0.008819580078091355, 0.03213500976550241, 0.0929908752437859, 0.06288528442358823, 0.018611907958913376, 0.010684967040974864, 0.759429931637728]",0,Normal-864.png
771885,0,109.2961029231898,0.8820812193046739,"[0.0033569335937371943, 0.0060348510741957285, 0.005611419677712969, 0.02113342285148188, 0.05313491821268793, 0.03328704833971677, 0.012306213378859305, 0.006053924560523781, 0.8590812683072697]",0,Normal-2256.png
1228590,0,204.19814854452056,0.8825042194431915,"[0.004261016845686871, 0.0077285766601267675, 0.005081176757793117, 0.019981384277267526, 0.05108261108378951, 0.03441238403307185, 0.01005554199214914, 0.005508422851541487, 0.861888885494759]",0,Normal-3487.png
1314525,0,134.9410469667319,0.9109372373092005,"[0.003047943115222748, 0.005928039550758636, 0.004997253417949687, 0.015384674072206936, 0.0319480895994875, 0.018016815185478145, 0.005935668945289857, 0.003482818603502339, 0.9112586975062894]",0,Normal-749.png
1027395,0,128.2489145058708,0.8541463823634583,"[0.0043106079101398066, 0.008239746093718567, 0.006973266601535899, 0.024574279785062506, 0.06542968749975041, 0.042896270751789485, 0.014472961425726039, 0.008426666259733479, 0.8246765136687291]",0,Normal-2636.png
972315,0,135.13615306996084,0.8591686671205832,"[0.004112243652328063, 0.007228851318331799, 0.006515502929662645, 0.024078369140533146, 0.06228256225562179, 0.03984832763656674, 0.012756347656201338, 0.006523132324193866, 0.8366546630827459]",0,Normal-1472.png
1074825,0,120.69744526663403,0.8940548967065777,"[0.004558563232404485, 0.0072364807128630195, 0.0061874389648201465, 0.019058227538989798, 0.04419326782209704, 0.027652740478410136, 0.01004409790035231, 0.006011962890602066, 0.8750572204556463]",0,Normal-873.png
951150,0,122.35380228718199,0.8402292791946957,"[0.004531860351545213, 0.008811950683560135, 0.00825500488278101, 0.029666900634652455, 0.06597900390599831, 0.04552078247052947, 0.017322540283137046, 0.008499145507780078, 0.8114128112762016]",0,Normal-2957.png
835380,1,168.84620765044033,0.8864863128482495,"[0.00298309326170737, 0.006904602050754911, 0.0041236877441248945, 0.018260955810477215, 0.050205230712699105, 0.03865814208969628, 0.011684417724564801, 0.0076446533202833376, 0.8595352172818773]",0,Normal-2758.png
1212270,0,172.24145364481404,0.834371034544461,"[0.005382537841776342, 0.009929656982383996, 0.007957458496063394, 0.028736114501843504, 0.07289505004855006, 0.0477180480955211, 0.015365600585878884, 0.009319305419886324, 0.8026962280242816]",0,Normal-2753.png
1219155,0,185.52432041952048,0.8432342256108135,"[0.00451278686521716, 0.008636474609342054, 0.007205963134738137, 0.025512695312402675, 0.07379531860323411, 0.04151916503890411, 0.013969421386665461, 0.006782531738255377, 0.8180656433074261]",0,Normal-834.png
1034535,0,145.74591028620355,0.866675451129705,"[0.0037956237792823957, 0.007297515869112787, 0.005931854248024246, 0.023128509521396147, 0.0586013793943077, 0.037334442138529454, 0.011386871337847188, 0.006443023681616047, 0.8460807800260693]",0,Normal-234.png
811155,0,109.76708124388455,0.8703154083006938,"[0.004150390624984167, 0.007556915283174297, 0.006900787353489301, 0.02416610717764219, 0.05712890624978207, 0.0379714965818864, 0.013679504394479066, 0.0074234008788779315, 0.8410224914518698]",0,Normal-3477.png
1172745,0,109.64508928571426,0.8705748301818919,"[0.0037574768066262914, 0.007488250732393309, 0.005924224853493026, 0.021244049072184586, 0.05284881591776715, 0.03307342529284259, 0.012058258056594625, 0.006076812744117444, 0.8575286865201662]",0,Normal-333.png
1326255,0,188.03980017734835,0.8291419276701618,"[0.0060348510741957285, 0.010738372802693411, 0.007652282714814559, 0.028217315673720482, 0.07684707641572247, 0.04986572265605978, 0.016838073730404517, 0.009193420410121179, 0.7946128845184531]",0,Normal-1891.png
1092930,0,204.68646801614474,0.884890778869669,"[0.004524230957013991, 0.00809097290035976, 0.006332397460913344, 0.021846771240151035, 0.04392623901350431, 0.030853271484257302, 0.011436462402300123, 0.006015777587867676, 0.8669738769498178]",0,Normal-3474.png
870060,0,112.06071122798434,0.8944235812357004,"[0.0032806396484249853, 0.005500793457010266, 0.005844116210915206, 0.01863098144524143, 0.04449081420881466, 0.02767944335926941, 0.010101318359336467, 0.004734039306622566, 0.8797378540005503]",0,Normal-577.png
1425450,0,241.31704455112524,0.8699677447753744,"[0.004360198974592742, 0.008926391601528449, 0.005134582519511663, 0.020107269287032672, 0.05341339111307749, 0.03696441650376524, 0.010200500488242338, 0.006229400634741862, 0.8546638488736928]",0,Normal-2499.png
913155,0,89.36627782534246,0.9137239872126564,"[0.0027046203613178077, 0.0048675537109189315, 0.0049858093261528555, 0.016147613525329025, 0.03779602050766832, 0.020648956298749355, 0.007522583007783803, 0.0036811828613140824, 0.901645660396951]",0,Normal-2673.png
520965,0,82.67687438845401,0.9081342608183588,"[0.002883911132801499, 0.004981994628887245, 0.004882812499981373, 0.015712738037049437, 0.04147338867171679, 0.02512359619131041, 0.009433746337854638, 0.004531860351545213, 0.8909759521450387]",0,Normal-1974.png
814470,0,126.53961671355182,0.8660684275861288,"[0.004558563232404485, 0.007736206054657989, 0.007251739501925461, 0.024650573730374714, 0.06051635742164415, 0.03878021240219581, 0.014266967773383075, 0.007713317871064326, 0.8345260620085353]",0,Normal-3182.png
425340,0,81.87099437377691,0.9068647660684938,"[0.0026702880859273137, 0.005352020263651458, 0.004962921142559193, 0.01626968383782856, 0.03865432739243067, 0.028369903564344903, 0.010761260986287075, 0.005489349365213434, 0.8874702453579427]",0,Normal-2674.png
2326620,0,305.1933517306751,0.5881232564142361,"[0.009254455566370947, 0.01977920532219017, 0.017501831054620734, 0.06637954711888741, 0.19093704223559976, 0.12324905395460796, 0.036853790283062536, 0.020198822021407322, 0.5158462524394385]",0,Normal-1172.png
1074315,0,125.51485292318986,0.8635019040523026,"[0.0040550231933439065, 0.007755279540986041, 0.005332946777323406, 0.020729064941327174, 0.05703735351540742, 0.04031372070297121, 0.012210845947219044, 0.007331848144503281, 0.8452339172331038]",0,Normal-1659.png
2611965,0,349.0805826504403,0.703383712282535,"[0.010250091552695274, 0.016941070556576, 0.013633728027291741, 0.050289154052542535, 0.12974929809520816, 0.0801773071286004, 0.024665832519437155, 0.013160705566356045, 0.6611328124974779]",0,Normal-2425.png
785145,0,91.75279782289627,0.8761168450893958,"[0.0034713745117055076, 0.006847381591770754, 0.00578689575193105, 0.02146148681632438, 0.054985046386508994, 0.0377159118650905, 0.012802124023388664, 0.006668090820287063, 0.8502616882291784]",0,Normal-3199.png
2060400,0,332.1443057424167,0.6877885735137982,"[0.010032653808555479, 0.01881790161125634, 0.01541137695306621, 0.05347442626932726, 0.12379837036085586, 0.09184265136683714, 0.03256607055651639, 0.02035522460929735, 0.6337013244604732]",0,Normal-3193.png
1272960,1,216.2602395731409,0.7604657255486686,"[0.007434844970674763, 0.013992309570259123, 0.013397216796823893, 0.0425720214842126, 0.10417556762655572, 0.0682029724118492, 0.026004791259666423, 0.01585388183587702, 0.7083663940402666]",0,Normal-435.png
932280,0,106.53932240704498,0.8962393699891426,"[0.0037956237792823957, 0.006618499755834127, 0.005435943603494888, 0.018291473388602097, 0.043323516845537854, 0.027706146240128685, 0.01056671142574094, 0.005485534667947824, 0.8787765502896164]",0,Normal-2444.png
1252305,0,238.62391832803326,0.8828272331295793,"[0.003856658935532163, 0.007232666015597409, 0.004390716552717625, 0.020965576171795022, 0.05537796020486687, 0.034599304199086765, 0.009174346923793127, 0.00569915771482201, 0.8587036132779743]",0,Normal-300.png
1292850,0,215.65975874510758,0.8751015640977131,"[0.0037765502929543436, 0.007846832275360692, 0.004970550537090414, 0.01915359497063006, 0.052822113036907876, 0.035556793212754984, 0.008148193359343917, 0.005302429199198522, 0.8624229431119445]",0,Normal-2084.png
1183965,0,190.91655837206457,0.8311534943155313,"[0.0046806335449040195, 0.00979614257808763, 0.007892608642548017, 0.028129577636611443, 0.07271575927706636, 0.049427032470514574, 0.01644515991204664, 0.009006500244106267, 0.8019065856903003]",0,Normal-3101.png
618885,0,86.53696031066535,0.8787450938479663,"[0.004413604736311289, 0.0070686340331761605, 0.007869720458954354, 0.021606445312417576, 0.04325485229475687, 0.030372619628790388, 0.013565063476510753, 0.006946563720676625, 0.8649024963345913]",0,Normal-902.png
1166370,0,202.59354360322894,0.8795766650117991,"[0.004589080810529369, 0.007164001464816421, 0.006828308105442702, 0.02480316162099913, 0.04876708984356397, 0.029445648193247048, 0.010860443115192945, 0.005355834960917069, 0.8621864318814766]",0,Normal-2625.png
730065,0,74.56162090264188,0.8728899243204141,"[0.0033187866210810896, 0.006809234619114649, 0.006568908691381191, 0.02222824096671208, 0.05822753906227788, 0.03482055664049217, 0.012989044189403576, 0.00621795654294503, 0.8488197326627777]",0,Normal-881.png
848640,0,78.60122614970643,0.7952024294340317,"[0.004318237304671027, 0.010250091552695274, 0.008945465087856501, 0.03503417968736636, 0.09535598754846437, 0.06637191772435619, 0.020301818847578805, 0.012832641601513548, 0.7465896606416832]",0,Normal-1957.png
2222070,0,331.15175513698625,0.6978371461526768,"[0.010005950927696206, 0.018497467040945063, 0.014938354492130514, 0.0516281127927718, 0.13190078735301247, 0.08781433105435252, 0.02997207641590129, 0.01633834838860955, 0.6389045715307659]",0,Normal-3247.png
948345,0,147.07242997798434,0.8312708749843845,"[0.004104614257796842, 0.008171081542937579, 0.007484436035127699, 0.027145385742083947, 0.07545471191377466, 0.04834365844708121, 0.015560150146425018, 0.007770538330048483, 0.8059654235809098]",0,Normal-213.png
982515,0,96.52879617172209,0.7727721167527237,"[0.004642486572247915, 0.010334014892538703, 0.00953292846676051, 0.039829254150238684, 0.11164855956988659, 0.0681304931638026, 0.021850585937416647, 0.011722564697220907, 0.7223091125460727]",0,Normal-487.png
741030,0,174.0579095829256,0.9050251723990159,"[0.0022468566894445537, 0.004997253417949687, 0.0023803710937409196, 0.012203216552687824, 0.04125213623031138, 0.036987304687358905, 0.007221221923800578, 0.004249572753890039, 0.8884620666470013]",0,Normal-1870.png
1132965,0,122.84375764432485,0.890113977308737,"[0.003173828124987893, 0.005775451660134218, 0.005863189697243258, 0.01832580566399259, 0.04367065429670841, 0.02648162841786773, 0.00979614257808763, 0.004383087158186405, 0.8825302123989771]",0,Normal-1541.png
1060290,0,144.80963337818,0.9213421720073139,"[0.0031814575195191134, 0.005405426025370005, 0.004699707031232072, 0.015033721923770775, 0.02980422973621443, 0.017326354980402654, 0.006004333496070845, 0.0030441284179571373, 0.9155006408656482]",0,Normal-2950.png
651780,0,83.55153803816047,0.865601300371295,"[0.003440856933580624, 0.006965637207004678, 0.006904602050754911, 0.02272796630850705, 0.05908584594704023, 0.037609100341653406, 0.013484954833932934, 0.006420135498022384, 0.843360900875689]",0,Normal-222.png
511785,0,78.07664964530332,0.9243417748800207,"[0.0023345947265535944, 0.004192352294905883, 0.0035247802734240537, 0.012645721435498636, 0.03098297119128806, 0.021343231201090457, 0.007873535156219965, 0.0036392211913923674, 0.9134635925258122]",0,Normal-2573.png
681360,0,104.06193431996084,0.8541404479320311,"[0.004150390624984167, 0.00792694091793851, 0.007602691650361623, 0.025787353515526627, 0.06673812866185479, 0.04059600830062639, 0.014953613281192955, 0.007717132568329936, 0.8245277404753703]",0,Normal-2767.png
1184475,0,140.43512261497065,0.901697738051335,"[0.004810333251934775, 0.008895874023403565, 0.005268096923808028, 0.01646041870110908, 0.031295776367068116, 0.02981567382801126, 0.010929107665973933, 0.008304595947233945, 0.8842201232876425]",0,Normal-2682.png
542640,0,72.49359405577299,0.9282080773704788,"[0.0022277832031165016, 0.0037155151367045764, 0.0032157897949096075, 0.013504028320260986, 0.03326416015612311, 0.020984649658123074, 0.006614685058568517, 0.002632141113271209, 0.9138412475551076]",0,Normal-2080.png
680595,0,93.37267612524462,0.890791140555916,"[0.0034675598144398973, 0.005928039550758636, 0.005565643310525644, 0.018619537353444595, 0.04962539672832632, 0.030410766601446492, 0.01081085205074001, 0.005355834960917069, 0.8702163696255866]",0,Normal-2259.png
855270,0,85.32557943982384,0.9013732814810639,"[0.0033607482910028045, 0.006072998046851833, 0.004566192626935707, 0.01593399047845484, 0.04367065429670841, 0.02587509155263567, 0.00945281982418269, 0.005485534667947824, 0.8855819702114655]",0,Normal-1731.png
510765,0,106.53829806751466,0.8836431605127684,"[0.002960205078113708, 0.00596237182614913, 0.006092071533179886, 0.02029037475578197, 0.05058288574199454, 0.0334091186522163, 0.011783599853470673, 0.0058479309081808165, 0.8630714416470983]",0,Normal-760.png
705075,0,130.12597082925632,0.7104165177413769,"[0.01013565063472696, 0.022865295410069025, 0.018589019775319713, 0.060066223144302114, 0.10480117797811583, 0.10330200195273093, 0.04548263549787337, 0.036960601806499634, 0.5977973937965477]",0,Normal-201.png
2180505,1,239.4657381360078,0.6492588198041459,"[0.006515502929662645, 0.01549530029290964, 0.013481140136667322, 0.0572853088376721, 0.17316436767512067, 0.10388946533163494, 0.029083251953014054, 0.015113830566348595, 0.5859718322731553]",0,Normal-3308.png
1343850,0,218.613074853229,0.8272459277629746,"[0.004913330078106257, 0.009048461914027982, 0.006328582763647733, 0.02803039550770557, 0.07699966430634689, 0.05640411376931608, 0.014873504638615137, 0.008655548095670106, 0.7947463989227496]",0,Normal-1885.png
520200,0,59.02725201810175,0.8738092944109047,"[0.004470825195295445, 0.008911132812466006, 0.007381439208956217, 0.021751403808510775, 0.042629241943196755, 0.03309631347643625, 0.016250610351500508, 0.008964538574184553, 0.8565444946256388]",0,Normal-1600.png
829770,0,143.010258683953,0.8733205904021434,"[0.0037269592285014076, 0.007114410400363485, 0.006294250488257239, 0.02085113525382671, 0.05398178100565345, 0.035430908202989844, 0.012756347656201338, 0.006595611572240465, 0.8532485961881513]",0,Normal-2924.png
2105535,0,379.54141312989225,0.7016076441768234,"[0.00816726684567197, 0.017284393310480938, 0.013046264648387733, 0.048564910888486613, 0.12075042724563312, 0.08763122558560321, 0.027397155761614236, 0.017066955566341146, 0.6600914001439663]",0,Normal-1571.png
652290,0,98.4436766144814,0.8860761519037718,"[0.0028228759765517317, 0.005496978759744656, 0.004821777343731606, 0.0182189941405555, 0.04760742187481839, 0.03439712524400941, 0.01021575927730478, 0.004455566406233003, 0.8719635009732362]",0,Normal-1732.png
2372010,0,385.50681491560675,0.6871749940659058,"[0.010059356689414751, 0.01917648315422372, 0.013862609863228369, 0.05266189575175224, 0.13840866088814388, 0.08917236328090983, 0.029060363769420394, 0.016757965087826697, 0.6308403015112654]",0,Normal-1017.png
1318860,0,287.9882736056752,0.7127088892808787,"[0.009479522705041963, 0.01916122436516128, 0.016368865966734432, 0.05227279663065997, 0.11397552490190896, 0.08737945556607292, 0.03431701660143159, 0.02373886108389382, 0.6433067321752803]",0,Normal-978.png
1158975,0,172.77266160102732,0.8440595620631496,"[0.004878997802715763, 0.009040832519496762, 0.007022857665988835, 0.02640533447255552, 0.07381439208956217, 0.04376602172834867, 0.01456451416010069, 0.008029937744109993, 0.8124771118133068]",0,Normal-83.png
359805,0,81.52120535714286,0.9038596310550407,"[0.002990722656238591, 0.006233215332007472, 0.005405426025370005, 0.01712799072259091, 0.03459167480455554, 0.028896331786999144, 0.012184143066359772, 0.007469177246065257, 0.8851013183559986]",0,Normal-927.png
573240,0,100.84742692025438,0.9090664344842212,"[0.002883911132801499, 0.005004882812480908, 0.004333496093733469, 0.016223907470641234, 0.03633117675767391, 0.026012420654197645, 0.009582519531213446, 0.004776000976544281, 0.8948516845668989]",0,Normal-3175.png
505665,0,43.41477342221133,0.9212777416279269,"[0.002845764160145394, 0.005496978759744656, 0.004253387451155649, 0.012702941894482792, 0.02851867675770371, 0.019897460937424095, 0.008987426757778215, 0.005115509033183611, 0.9121818542445671]",0,Normal-1921.png
1925505,0,295.2517237952544,0.7572374020594941,"[0.008769989013638419, 0.015003204345645891, 0.012142181396438056, 0.042469024658041116, 0.10404205322225936, 0.06973266601535899, 0.023963928222564834, 0.012908935546825756, 0.7109680175754128]",0,Normal-2830.png
468690,0,82.53969697896281,0.8941727919559177,"[0.002914428710926382, 0.005271911621073639, 0.005912780761696194, 0.018871307372974887, 0.045776367187325376, 0.029167175292857485, 0.010620117187459487, 0.005393981933573174, 0.8760719299282986]",0,Normal-3293.png
399585,0,47.75629127935421,0.9015363127880655,"[0.003849029541000942, 0.007038116455051277, 0.006160736083960874, 0.017570495605401724, 0.032390594482298314, 0.026622772216695317, 0.013641357421822962, 0.007289886474581566, 0.8854370117153723]",0,Normal-1318.png
1929585,0,208.90749602495106,0.7751665085214762,"[0.007289886474581566, 0.012790679931591832, 0.009918212890587164, 0.03463363647447726, 0.106689453124593, 0.06324005126929001, 0.018939971923755874, 0.009315490722620714, 0.7371826171846878]",0,Normal-1889.png
878730,0,71.6871024951076,0.9058368335838223,"[0.002994537353504202, 0.005184173583964599, 0.005176544189433378, 0.01711654663079408, 0.03602218627915946, 0.023815155029206028, 0.009403228759729754, 0.004135131835921725, 0.896152496334472]",0,Normal-1846.png
1224765,0,160.08155347969668,0.8420977831932359,"[0.004631042480451084, 0.008987426757778215, 0.007472991943330867, 0.028461456298719552, 0.07036209106418471, 0.04431533813459657, 0.01524734497064496, 0.007949829101532174, 0.8125724792449471]",0,Normal-2868.png
1492005,0,290.4349047517123,0.7782842367548074,"[0.0072708129882535135, 0.012542724609327153, 0.010711669921834139, 0.036830902099468876, 0.09809875488243829, 0.06650924682591816, 0.02137756347648095, 0.012290954589796864, 0.7343673706026673]",0,Normal-2772.png
952935,0,147.81528635640902,0.8407850304836405,"[0.005058288574199454, 0.008617401123014002, 0.007705688476533105, 0.027023315429584412, 0.06903839111301789, 0.04264068603499359, 0.015014648437442723, 0.007888793945282406, 0.8170127868621176]",0,Normal-2232.png
330225,0,37.51162701810175,0.9294455823056628,"[0.00272369384764586, 0.005317687988260964, 0.003940582275375593, 0.012107849121047561, 0.023895263671783847, 0.018463134765554567, 0.009300231933558271, 0.00578689575193105, 0.9184646606410276]",0,Normal-2752.png
2100180,1,234.90591364970643,0.6868590368614113,"[0.007961273193329005, 0.015850067138611413, 0.014514923095647754, 0.05401229858377833, 0.14813613891545052, 0.09484863281213818, 0.02879333496082766, 0.014957427978458566, 0.6209259033179438]",0,Normal-365.png
493935,0,71.04578950587083,0.8930802829826544,"[0.003219604492175218, 0.0062217712402106405, 0.006622314453099738, 0.018894195556568547, 0.0466270446775565, 0.029644012451058792, 0.011310577392534979, 0.00579071044919666, 0.8716697692837841]",0,Normal-1166.png
2066775,0,346.72404751712327,0.7769369495992371,"[0.007392883300753049, 0.013492584228464154, 0.010448455810507016, 0.04102325439437476, 0.09909439086876261, 0.06314468383764975, 0.019649505615159418, 0.010890960693317828, 0.7348632812471967]",0,Normal-200.png
996030,0,143.1024415973581,0.8707252305637935,"[0.0047149658202945135, 0.009094238281215307, 0.007144927978488369, 0.02043914794914078, 0.047733306884583535, 0.035724639892441845, 0.013290405273386801, 0.007141113281222759, 0.8547172546354114]",0,Normal-1669.png
909330,0,125.98760090508804,0.8306771745719437,"[0.004127502441390505, 0.008499145507780078, 0.008251190185515398, 0.02928924560535702, 0.0748481750485426, 0.048999786376766205, 0.01651763916009324, 0.007537841796846245, 0.801929473873894]",0,Normal-1694.png
1132965,0,147.89106454867908,0.8736211652517442,"[0.004043579101547075, 0.007949829101532174, 0.005641937255837852, 0.02129745483390313, 0.05760955810524899, 0.03560638427720792, 0.012287139892531253, 0.006111145019507938, 0.849452972408869]",0,Normal-285.png
1056975,0,170.29276235322897,0.8753534534497731,"[0.0038719177245946047, 0.0071182250976290955, 0.006919860839817353, 0.022212982177649637, 0.05156707763652203, 0.034893035888538766, 0.012557983398389594, 0.006294250488257239, 0.8545646667447869]",0,Normal-935.png
893265,0,114.24335708170254,0.8886305187970985,"[0.0033187866210810896, 0.00579071044919666, 0.00596237182614913, 0.019618988037034536, 0.04541015624982677, 0.029407501220590944, 0.010337829589804315, 0.004981994628887245, 0.8751716613736146]",0,Normal-1310.png
456450,0,58.72400165117417,0.9192450690965888,"[0.0022430419921789435, 0.004070281982406348, 0.004337310790999079, 0.013954162597603018, 0.03488159179674193, 0.023029327392490275, 0.008224487304656126, 0.0038032531738136166, 0.905456542965296]",0,Normal-3329.png
1065645,0,128.03075311888455,0.7848177909173016,"[0.004688262939435241, 0.009906768798790334, 0.009063720703090425, 0.033866882324089555, 0.10300445556601331, 0.06628036498998154, 0.019721984863206015, 0.011375427246050356, 0.7420921325655285]",0,Normal-1728.png
1257660,0,235.4394951687867,0.8610841247337001,"[0.004348754882795911, 0.008403778076139817, 0.006576538085912412, 0.024730682372952534, 0.06056213378883147, 0.0377159118650905, 0.011775970458939453, 0.0059509277343522985, 0.8399353027311709]",0,Normal-118.png
914430,0,156.84918511497062,0.8907976266264829,"[0.004077911376937569, 0.00825881958004662, 0.0055274963378695394, 0.018615722656178987, 0.03240966796862636, 0.03280258178698424, 0.012634277343701804, 0.008705139160123042, 0.8769683837857171]",0,Normal-132.png
983280,0,156.49748883928567,0.8339596958617572,"[0.003990173339828529, 0.008289337158171503, 0.007442474365205984, 0.028156280517470718, 0.07532882690400952, 0.049217224120906, 0.015220642089785687, 0.006946563720676625, 0.8054084777801307]",0,Normal-349.png
1016175,0,91.0176239909491,0.7766716996682963,"[0.004547119140607654, 0.010715484619099748, 0.010498046874959952, 0.03750991821274754, 0.10623931884725098, 0.06457901000951928, 0.020809173583904994, 0.010871887206989776, 0.7342300415011054]",0,Normal-859.png
1020765,0,78.5422272504892,0.8260344745656356,"[0.0035400390624864956, 0.007896423339813627, 0.0066108703613029065, 0.027603149413957202, 0.08544921874967404, 0.05051422119121355, 0.014244079589789413, 0.007995605468719498, 0.7961463928192285]",0,Normal-2272.png
691560,0,52.92488686399216,0.9028093397963171,"[0.0033493041992059733, 0.006206512451148199, 0.005897521972633752, 0.016727447509701815, 0.038623809814305785, 0.024066925048736316, 0.010723114013630968, 0.005260467529276808, 0.8891448974575457]",0,Normal-3072.png
938910,0,198.32968444227006,0.7900704991739119,"[0.00655746459958436, 0.012401580810499566, 0.01174163818354896, 0.0393600463865686, 0.08852767944302167, 0.07002639770481099, 0.02621078491200939, 0.014945983886661735, 0.73022842406948]",0,Normal-554.png
1180650,0,202.3355017734833,0.8200979196985513,"[0.005176544189433378, 0.00920486450191801, 0.009826660156212514, 0.03219223022448657, 0.07622146606416236, 0.05139541625956957, 0.01668930053704571, 0.009414672851526586, 0.7898788452118306]",0,Normal-2612.png
701760,0,88.17484099804302,0.8728655183378587,"[0.0037612915038919017, 0.006652832031224621, 0.006717681884739999, 0.022266387939368186, 0.05526351928689856, 0.03527832031236542, 0.012474060058546165, 0.005821228027321544, 0.8517646789518288]",0,Normal-3310.png
1180905,0,104.85952406433462,0.7612715574562191,"[0.004894256591778205, 0.011039733886676636, 0.010803222656208788, 0.04113769531234307, 0.11507415771440477, 0.07153701782199273, 0.02297592163077173, 0.012218475341750265, 0.710319519040259]",0,Normal-1234.png
932025,0,126.08857861423678,0.8464157666885614,"[0.00510787963865239, 0.009346008300745598, 0.008415222167936649, 0.024658203124905936, 0.06018447875953604, 0.03746414184556021, 0.015518188476503303, 0.008216857910124905, 0.8310890197722203]",0,Normal-2188.png
783105,0,67.48388576320939,0.8813920810290194,"[0.003780364990219954, 0.007087707519504213, 0.007453918457002815, 0.021568298339761472, 0.047382354736147374, 0.03179168701159747, 0.012908935546825756, 0.006759643554661714, 0.8612670898404645]",0,Normal-2735.png
835890,0,83.54857204011742,0.8774957570819293,"[0.0034370422363150135, 0.006336212158178954, 0.006195068359351368, 0.022178649902259144, 0.05129623413066369, 0.031990051269409216, 0.011772155761673843, 0.005092620849589948, 0.8617019653287441]",0,Normal-3420.png
580890,0,98.35998654598826,0.8874811574223697,"[0.0034179687499869614, 0.006595611572240465, 0.0052566528320111975, 0.020568847656171535, 0.0482330322263785, 0.03525543212877176, 0.012493133544874217, 0.006870269775364417, 0.8613090515103862]",0,Normal-2578.png
931260,0,106.30577299412913,0.8430136871169776,"[0.0056228637695098, 0.010124206542930128, 0.009647369384728823, 0.027030944824115635, 0.05511856079080536, 0.03965759277328622, 0.01850128173821067, 0.009757995605431526, 0.8245391845671671]",0,Normal-2408.png
2063970,0,221.31016848091977,0.6965866453941637,"[0.007858276367157522, 0.014663696289006562, 0.012821197509716716, 0.05074691772441579, 0.14594268798772453, 0.09097671508754357, 0.02776336669911284, 0.01608276367181365, 0.6331443786596941]",0,Normal-2942.png
202470,0,26.98510885518591,0.9491026539634532,"[0.0017013549804622597, 0.004135131835921725, 0.0024833679199124017, 0.00911712646480897, 0.01641464233392176, 0.015312194824160338, 0.007179260253878863, 0.004329681396467859, 0.9393272399866511]",0,Normal-1970.png
1596045,0,234.62454898483367,0.8413601129081247,"[0.005336761474589016, 0.01107025146480152, 0.007308959960909619, 0.02697753906239709, 0.07202148437472526, 0.043994903564285294, 0.014587402343694354, 0.008144378662078306, 0.8105583190887048]",0,Normal-1052.png
2627010,0,431.88898147015664,0.6265794921328166,"[0.011528015136674773, 0.021148681640544325, 0.018085479736259135, 0.06113433837867304, 0.16098785400329213, 0.10224151611289123, 0.03558731079087987, 0.01856231689446044, 0.5707244873025104]",0,Normal-1581.png
472515,0,77.49298250978471,0.8851176100269366,"[0.002902984619129551, 0.005496978759744656, 0.005775451660134218, 0.020915985107342085, 0.052433013915815604, 0.03409957885729179, 0.011772155761673843, 0.0056953430175563985, 0.8609085082974971]",0,Normal-2316.png
1183965,0,174.135832008317,0.8183440485450953,"[0.004814147949200385, 0.009918212890587164, 0.008106231689422202, 0.029582977294809024, 0.08552932739225186, 0.05110931396464878, 0.017398834228449254, 0.009502410888635626, 0.7840385436981809]",0,Normal-2288.png
1341300,0,83.46143438111544,0.8114914646951606,"[0.0037879943847511748, 0.009342193603479987, 0.007476806640596478, 0.03168869018542599, 0.09031677246059297, 0.05744934082009335, 0.016483306884702745, 0.009403228759729754, 0.7740516662568129]",0,Normal-3279.png
1386945,0,129.83341869496084,0.7329061871391841,"[0.0057487487792749455, 0.014423370361273103, 0.012138366699172445, 0.04592895507794979, 0.12507629394483538, 0.07889175415008967, 0.027881622314346766, 0.017501831054620734, 0.6724090576146224]",0,Normal-1475.png
530400,0,90.21769126100781,0.9237262715682697,"[0.002513885498037285, 0.004570007324201317, 0.0034103393554557404, 0.012912750244091366, 0.03398132324205787, 0.021732330322182723, 0.0070190429687232245, 0.004184722900374661, 0.9096755981410611]",0,Normal-2781.png
1370625,0,244.21953736545981,0.7856428825573966,"[0.006347656249975786, 0.012935638427685029, 0.010265350341757715, 0.03554534912095816, 0.09764862060509624, 0.06435394287084825, 0.020820617675701824, 0.011341094970659861, 0.7407417297335024]",0,Normal-3167.png
1005465,0,125.46942652274952,0.8796707654197118,"[0.004150390624984167, 0.006908416748020521, 0.006420135498022384, 0.021232604980387752, 0.05134201049785102, 0.03285598754870279, 0.011825561523392389, 0.0058822631835713105, 0.859382629391253]",0,Normal-2414.png
554115,0,71.68894477739724,0.8757160741648558,"[0.0035629272460801584, 0.0059509277343522985, 0.006668090820287063, 0.022346496581946006, 0.05468749999979138, 0.034439086913931126, 0.01286315917963843, 0.006183624267554536, 0.8532981872526043]",0,Normal-1347.png
832065,0,98.87225186521523,0.795310515476473,"[0.004425048828108119, 0.009670257568322486, 0.009304046630823883, 0.034191131591666445, 0.09276962280238048, 0.06438064575170753, 0.019298553466723257, 0.0108070373534744, 0.7551536560029787]",0,Normal-2513.png
979200,0,127.18972067636983,0.8492611263484234,"[0.004253387451155649, 0.007900238037079238, 0.006870269775364417, 0.0240974426268612, 0.06683349609349505, 0.04196548461898054, 0.014236450195258191, 0.0070838928222386015, 0.8267593383757524]",0,Normal-1802.png
847875,0,101.16808341487278,0.8481732314807159,"[0.004707336425763293, 0.008537292480436182, 0.007820129394501418, 0.027297973632708365, 0.0669212341306041, 0.04707336425763293, 0.016948699951107222, 0.008392333984342986, 0.8123016357390888]",0,Normal-1812.png
856800,0,124.91448293786688,0.8815917684986556,"[0.004032135009750243, 0.00638580322263189, 0.005775451660134218, 0.01992416381828337, 0.053676605224404615, 0.03328323364245116, 0.011684417724564801, 0.005760192871071776, 0.8594779968228932]",0,Normal-1540.png
1287495,1,261.3816467404599,0.8162703988244852,"[0.004425048828108119, 0.010173797607383064, 0.007530212402315025, 0.030353546142462336, 0.07934951782196292, 0.05826568603493398, 0.017086029052669198, 0.010856628417927335, 0.7819595336884233]",0,Normal-1502.png
575280,0,61.995375183463786,0.9097321947539535,"[0.0023612976074128674, 0.004405975341780067, 0.004070281982406348, 0.015983581542907778, 0.04218292236312034, 0.025676727294823926, 0.00927734374996461, 0.004119873046859283, 0.8919219970669101]",0,Normal-1630.png
398820,0,48.34334485078277,0.8912539601832132,"[0.0037269592285014076, 0.0074920654296589196, 0.006164550781226484, 0.018978118896411978, 0.03806304931626105, 0.029201507568247978, 0.013942718505806187, 0.008281707763640282, 0.874149322506431]",0,Normal-2214.png
938145,0,97.82165790117418,0.86347562541109,"[0.0037422180175638495, 0.007228851318331799, 0.007331848144503281, 0.02368545532217527, 0.05556488037088179, 0.035213470458850045, 0.013641357421822962, 0.006462097167944099, 0.8471298217741122]",0,Normal-1374.png
645150,0,111.41379877079254,0.8458473619328053,"[0.0045967102050605895, 0.008049011230438045, 0.007724761962861157, 0.026699066162007526, 0.06399154663061526, 0.043384552001787625, 0.01573181152337749, 0.008594512939420339, 0.8212280273406173]",0,Normal-1477.png
2203965,0,310.02824578033267,0.78335396179011,"[0.007743835449189209, 0.012920379638622588, 0.010162353515586234, 0.038272857665869624, 0.09349060058558085, 0.056522369384550006, 0.017204284667903122, 0.00894165039059089, 0.7547416686982927]",0,Normal-2572.png
931260,0,182.62351700097847,0.8513291732220035,"[0.003856658935532163, 0.007904052734344849, 0.006614685058568517, 0.025337219238184595, 0.06451034545873828, 0.0444335937498305, 0.013401031494089504, 0.006938934326145405, 0.8270034790007514]",0,Normal-138.png
1988490,1,354.81367722602744,0.7303769642897818,"[0.00878143310543525, 0.015846252441345802, 0.01379776000971299, 0.04718780517560124, 0.11312866210894344, 0.07990264892547644, 0.02572631835927686, 0.014694213867131446, 0.6809349060032618]",0,Normal-3270.png
834105,0,105.00704806751467,0.7921489712755934,"[0.004894256591778205, 0.01047134399410068, 0.009803771972618851, 0.03561401367173914, 0.09778213500939262, 0.06355667114233568, 0.020885467529217203, 0.012794494628857442, 0.7441978454561454]",0,Normal-1266.png
1378020,0,182.25463246086107,0.7987472889155272,"[0.00578689575193105, 0.011215209960894717, 0.00876617431637281, 0.03268051147448471, 0.0909118652340282, 0.05642318725564414, 0.01874160766594413, 0.00988006591793106, 0.7655944824189544]",0,Normal-2351.png
1239555,0,284.6546141144814,0.8247676280776727,"[0.005306243896464133, 0.010742187499959022, 0.008277893066374673, 0.030456542968633815, 0.07217025756808407, 0.050964355468555586, 0.016624450683530332, 0.010505676269491174, 0.7949523925750924]",0,Normal-2058.png
1031220,0,186.73819716242662,0.8403859278479617,"[0.0052223205566207034, 0.008808135986294525, 0.008647918701138886, 0.02868270874012496, 0.0664901733395901, 0.044296264648268524, 0.016216278076110015, 0.00834274291989005, 0.8132934570281475]",0,Normal-1944.png
1016175,0,112.15150287426613,0.8799892720750276,"[0.003997802734359749, 0.006927490234348573, 0.005821228027321544, 0.02138900756827778, 0.049861907958794166, 0.03312301635729552, 0.012214660644484654, 0.005920410156227416, 0.8607444763150759]",0,Normal-1670.png
1054935,0,192.8893369312622,0.806563605616571,"[0.005489349365213434, 0.010803222656208788, 0.009838104248009346, 0.033897399902214444, 0.08683013915982501, 0.05544281005838225, 0.018947601318287096, 0.010009765624961815, 0.7687416076630831]",0,Normal-3198.png
693600,0,104.240414016634,0.9056571090706154,"[0.002964019775379318, 0.005039215087871402, 0.005485534667947824, 0.016544342040952512, 0.03759384155259096, 0.02510833740224797, 0.009513854980432458, 0.004817962646465996, 0.8929328918422968]",0,Normal-2150.png
1155915,0,173.47314930895297,0.8409199662077159,"[0.004913330078106257, 0.008586883544889118, 0.007850646972626302, 0.027870178222549932, 0.06958389282200018, 0.04553604125959192, 0.015514373779237691, 0.007759094238251651, 0.8123855590789322]",0,Normal-1046.png
718590,0,106.50582115337573,0.8608722258401372,"[0.0035057067870960016, 0.007061004638644939, 0.005920410156227416, 0.023006439208896612, 0.06358337402319494, 0.03963851928695816, 0.01276397705073256, 0.006225585937476251, 0.8382949829069584]",0,Normal-2068.png
1056720,0,104.80299045988258,0.7976961743294178,"[0.004802703857403554, 0.009552001953088562, 0.009433746337854638, 0.03390502929674566, 0.09475326538049791, 0.058197021484153, 0.01848602294914823, 0.010528564453084836, 0.7603416442842089]",0,Normal-439.png
1919895,0,298.8387697223581,0.7088356740617908,"[0.008296966552702725, 0.01719284057610629, 0.01438140869135139, 0.05065155029277553, 0.12824249267529203, 0.08443832397428727, 0.029769897460823935, 0.015846252441345802, 0.6511802673315003]",0,Normal-1373.png
931260,0,148.26061796722115,0.8663313657708741,"[0.0044097900390456775, 0.007892608642548017, 0.006889343261692469, 0.023056030273349546, 0.05855560302712037, 0.039672851562348656, 0.014358520507757726, 0.0070686340331761605, 0.8380966186491466]",0,Normal-1206.png
1396380,0,185.66164689334633,0.8888916472405779,"[0.004352569580061521, 0.007732391357392378, 0.006008148193336456, 0.02024459838859465, 0.04736709594708493, 0.027320861816302028, 0.009674072265588095, 0.0051727294921677675, 0.8721275329556575]",0,Normal-2216.png
2015775,0,303.50352021159483,0.7015722242897794,"[0.007640838623017727, 0.015308380126894727, 0.013095855712840668, 0.049533843993951665, 0.131660461425279, 0.09144210815394804, 0.027095794677631013, 0.014614105224553626, 0.6496086120580687]",0,Normal-1305.png
1932135,0,244.0564609833659,0.7387883969382809,"[0.008251190185515398, 0.015888214111267517, 0.014945983886661735, 0.04709625244122659, 0.11923599243118577, 0.07540512084932173, 0.027637481689347695, 0.015090942382754931, 0.6764488220189039]",0,Normal-2662.png
927435,0,117.41592389310175,0.8491750286479568,"[0.0040893554687344005, 0.007789611816376535, 0.007232666015597409, 0.02513885498037285, 0.06618881225560688, 0.04302215576155463, 0.01389312744135325, 0.007164001464816421, 0.8254814147917728]",0,Normal-2766.png
729045,0,102.28576779598824,0.8757245713052477,"[0.0035591125488145478, 0.007045745849582497, 0.0057983398437278805, 0.022369384765539665, 0.0522842407224568, 0.03853607177719674, 0.01362609863276052, 0.00766372680661139, 0.8491172790494952]",0,Normal-1184.png
1192890,0,92.99924321183953,0.8615278753438218,"[0.0043411254882646895, 0.007774353027314093, 0.007518768310518193, 0.023235321044833238, 0.053272247314249906, 0.03616714477525266, 0.01422119140619575, 0.0069847106933327305, 0.846485137936224]",0,Normal-812.png
2008380,0,212.8977036448141,0.6548359086486004,"[0.008369445800749322, 0.01743698120110536, 0.015563964843690627, 0.05927276611305514, 0.16133117675719708, 0.10005187988243083, 0.03269577026354715, 0.01830291748039893, 0.5869750976540109]",0,Normal-3097.png
541110,0,31.765044031311152,0.9671382401293015,"[0.001644134521478103, 0.0021133422851481883, 0.0018043518066337418, 0.005287170410136081, 0.012874603271435262, 0.007091522216769823, 0.0027046203613178077, 0.001354217529291709, 0.9651260375939745]",0,Normal-3323.png
1604460,0,332.0554366438356,0.6830880516471212,"[0.0099678039550401, 0.01805114746086864, 0.01695251464837283, 0.0567741394040803, 0.13773727416939643, 0.09213638305628916, 0.032417297363157585, 0.019008636474536864, 0.6169548034644433]",0,Normal-376.png
2387565,0,266.41105063600776,0.6535776547920876,"[0.00918960571285557, 0.017906188964775444, 0.015205383300723246, 0.05986022949195915, 0.15464401245058196, 0.10023117065391451, 0.031536102294801575, 0.01685714721673257, 0.5945701599098413]",0,Normal-2847.png
1207170,0,185.188593138454,0.8155005320253468,"[0.005111694335918, 0.010181427001914286, 0.008445739746061531, 0.03167343139636355, 0.08526229858365912, 0.05119323730449221, 0.017509460449151956, 0.009376525878870482, 0.7812461852997541]",0,Normal-2656.png
425595,0,48.606431934931514,0.9098966013325511,"[0.003379821777330857, 0.007015228271457613, 0.0050201416015433495, 0.015659332275330888, 0.029087066650279665, 0.023960113525299222, 0.011940002441360701, 0.00672531127927122, 0.8972129821743118]",0,Normal-1649.png
660450,0,62.58854421477492,0.9134938601593982,"[0.002681732177724145, 0.00519561767576143, 0.0042572021484212595, 0.014083862304633774, 0.038444519042822096, 0.022838592529209754, 0.008575439453092287, 0.004245758056624429, 0.8996772766078961]",0,Normal-2899.png
1198500,1,141.24631925758314,0.7742351052024075,"[0.005294799804667302, 0.010780334472615127, 0.01021575927730478, 0.037174224853373815, 0.10645675659139077, 0.06378936767553792, 0.02085113525382671, 0.011512756347612332, 0.7339248657198565]",0,Normal-2222.png
1229355,0,113.3440863502935,0.7566609853534715,"[0.005050659179668233, 0.011260986328082043, 0.011093139648395183, 0.039321899413912495, 0.11320495605425565, 0.07358169555635993, 0.02248764038077359, 0.012474060058546165, 0.711524963376192]",0,Normal-2623.png
408000,0,46.38958537181996,0.8947296750904827,"[0.0035552978515489375, 0.007247924804659851, 0.00612640380857038, 0.018695831298756807, 0.03659820556626664, 0.028396606445204173, 0.013568878173776363, 0.007419586181612321, 0.8783912658657897]",0,Normal-1272.png
1107210,0,197.1511588796477,0.882589516460444,"[0.0036621093749860303, 0.006885528564426859, 0.005229949951151924, 0.021701812744057837, 0.054267883300574235, 0.033737182617058804, 0.010025024414024258, 0.0055122375488070975, 0.8589782714810983]",0,Normal-379.png
935085,0,95.12262643713306,0.7749986830468258,"[0.004077911376937569, 0.00954055786129173, 0.009380340576136091, 0.04005813598617532, 0.10163497924765917, 0.07452774047823132, 0.02146148681632438, 0.013126373290965552, 0.7261924743624641]",0,Normal-2660.png
1068705,0,95.67961105675148,0.8123698697828556,"[0.0036849975585796927, 0.00859832763668595, 0.008190155029265633, 0.03159332275378573, 0.09264755248988095, 0.05545425415017908, 0.017440795898370966, 0.00945281982418269, 0.7729377746552546]",0,Normal-3045.png
952425,0,169.9400302715264,0.823392008255313,"[0.004661560058575967, 0.009380340576136091, 0.007808685302704587, 0.03022766113269719, 0.08084106445281661, 0.0521011352537075, 0.01692962646477917, 0.009410858154260975, 0.7886390686005071]",0,Normal-2829.png
2446725,0,233.3461197407045,0.6126090640888354,"[0.009849548339806176, 0.019023895263599305, 0.017509460449151956, 0.063896179198975, 0.18330764770437885, 0.1100463867183302, 0.03543853759752106, 0.0184745788573514, 0.5424537658670713]",0,Normal-2784.png
1413210,0,150.77874266144818,0.8248753288210079,"[0.0051727294921677675, 0.010078430175742803, 0.009471893310510742, 0.03295516967760866, 0.07490158081026115, 0.04753494262677179, 0.018344879150320643, 0.009254455566370947, 0.7922859191864308]",0,Normal-279.png
482460,0,59.18531372309197,0.8919941785449257,"[0.0037155151367045764, 0.007736206054657989, 0.0061874389648201465, 0.01985549926750238, 0.03687286376939059, 0.02850723266590688, 0.014003753662055954, 0.007438659667940373, 0.8756828308072064]",0,Normal-1119.png
829515,0,110.31123868639924,0.9248200301206284,"[0.002914428710926382, 0.004848480224590879, 0.004554748535138875, 0.014583587646428742, 0.02843856811512589, 0.017337799072199487, 0.0064926147460689825, 0.00298309326170737, 0.9178466796839987]",0,Normal-2378.png
526065,0,64.50090967465755,0.9121538356348314,"[0.002902984619129551, 0.00476837158201306, 0.004981994628887245, 0.01575851440423676, 0.03828430175766646, 0.02335357666006716, 0.008708953857388653, 0.004650115966779136, 0.8965911865200172]",0,Normal-3230.png
998070,0,138.88427638820937,0.8200237707951673,"[0.006149291992164042, 0.011135101318316897, 0.01123809814448838, 0.030693054199101663, 0.0647697448727998, 0.04586791992170003, 0.019607543945237702, 0.010803222656208788, 0.799736022946168]",0,Normal-2646.png
1415250,0,181.94921492783757,0.8587125616654421,"[0.005260467529276808, 0.009513854980432458, 0.007381439208956217, 0.0258140563963859, 0.05503082275369632, 0.038093566894385936, 0.013351440429636569, 0.00774765014645482, 0.8378067016569603]",0,Normal-2049.png
1652145,0,334.9159621147261,0.6901250218235572,"[0.009052276611293594, 0.017826080322197624, 0.014438629150335546, 0.05405426025370005, 0.133697509765115, 0.09374618530237676, 0.03144073486316131, 0.018291473388602097, 0.6274528503394033]",0,Normal-1705.png
1136280,0,162.04047670009786,0.7880486552634066,"[0.004779815673809891, 0.010498046874959952, 0.008186340332000022, 0.031620025634645006, 0.09680938720666195, 0.0671806335446656, 0.01873779296867852, 0.011283874511675705, 0.7509040832490886]",0,Normal-595.png
1221960,0,175.97853473581208,0.8797567632388464,"[0.003932952880844372, 0.007312774658175229, 0.005329132080057796, 0.019111633300708343, 0.053409576415811885, 0.0307426452635546, 0.010196685790976727, 0.004898071289043815, 0.8650665283170125]",0,Normal-1082.png
594660,0,77.69170437866924,0.8840386522160947,"[0.004539489746076433, 0.008480072021452026, 0.0066108703613029065, 0.019889831542892877, 0.041076660156093306, 0.03211975097643997, 0.015388488769472547, 0.008827209472622577, 0.8630676269498326]",0,Normal-17.png
1078395,0,158.76851455479454,0.8558709007340614,"[0.0047988891601379435, 0.009426116943323418, 0.00792694091793851, 0.025993347167869593, 0.057598114013452155, 0.03942871093734959, 0.015777587890564812, 0.009273529052698999, 0.8297767639128503]",0,Normal-2043.png
1311975,0,251.10749831824856,0.8970449575219759,"[0.0031700134277222822, 0.006061553955055002, 0.0035514831542833272, 0.016998291015560156, 0.04685592651349313, 0.02689743041981927, 0.0058479309081808165, 0.002948760986316876, 0.8876686096157544]",0,Normal-872.png
498015,0,71.77330754647747,0.9098449566476302,"[0.002521514892568506, 0.004753112792950618, 0.004436492919904951, 0.015769958496033593, 0.04164886474593487, 0.026199340820212556, 0.00902557373043432, 0.004447937011701783, 0.891197204586444]",0,Normal-1558.png
991440,0,128.18902504280825,0.856239409262089,"[0.004299163818342975, 0.007759094238251651, 0.0073394775390345016, 0.026088714599509854, 0.06576919555638973, 0.04174041748030952, 0.014019012451118397, 0.007087707519504213, 0.8258972167937244]",0,Normal-2938.png
1016685,0,151.58575785836595,0.8578614948812956,"[0.004142761230452947, 0.0073051452636440075, 0.006961822509739067, 0.025657653808495873, 0.06456375122045684, 0.04272842407210263, 0.01431655883783601, 0.006946563720676625, 0.8273773193327812]",0,Normal-738.png
1002915,0,142.88573263209398,0.8234200579566869,"[0.004989624023418466, 0.009544372558557342, 0.008068084716766098, 0.029579162597543413, 0.0794105529782127, 0.052009582519332846, 0.017925262451103496, 0.009166717529261906, 0.789306640621989]",0,Normal-195.png
1758225,0,267.286115612769,0.7674606243749184,"[0.008419036865202258, 0.015430450439394262, 0.012714385986279624, 0.040748596191250805, 0.09358215331995551, 0.06448745727514463, 0.024543762206937624, 0.016067504882751205, 0.7240066528292693]",0,Normal-1313.png
348585,0,89.37476302592955,0.9115046428014287,"[0.002624511718739988, 0.00545120239255733, 0.004547119140607654, 0.015701293945252603, 0.03409957885729179, 0.026874542236225606, 0.010417938232382134, 0.005661010742165904, 0.8946228027309623]",0,Normal-2972.png
1138830,0,200.4446780210372,0.862526173383909,"[0.004688262939435241, 0.009105682373012139, 0.006675720214818284, 0.022701263427647778, 0.049053192138484754, 0.04333496093733469, 0.012928009033153809, 0.008670806884732549, 0.842842102047566]",0,Normal-1413.png
817530,0,112.5848749388454,0.8772232600474992,"[0.0038108825683448376, 0.007038116455051277, 0.006427764892553605, 0.021335601806559235, 0.05156326293925643, 0.03642654418931417, 0.012584686279248868, 0.006629943847630959, 0.8541831970182259]",0,Normal-1514.png
1009035,0,107.6827528742661,0.8832244329737774,"[0.0033683776855340255, 0.0057983398437278805, 0.00569915771482201, 0.020984649658123074, 0.049873352050591, 0.030113220214728877, 0.010913848876911492, 0.004844665527325269, 0.8684043884244217]",0,Normal-2439.png
884340,0,73.35563692514675,0.8921423934900948,"[0.003372192382799636, 0.006313323974585291, 0.0060005187988052345, 0.019302368163988868, 0.04412078857405044, 0.027111053466693454, 0.01090240478511466, 0.005313873290995354, 0.8775634765591523]",0,Normal-1157.png
1158465,0,135.47605797455967,0.8561124534809903,"[0.004314422607405417, 0.007465362548799647, 0.006179809570288926, 0.023788452148346753, 0.06840515136692656, 0.039966583251800664, 0.01158142089839332, 0.005752563476540556, 0.8325462341276835]",0,Normal-1422.png
1965540,0,400.94621070817027,0.7872847373836851,"[0.006767272949192935, 0.013160705566356045, 0.00835037231442127, 0.03669738769517251, 0.0940132141109695, 0.06410980224584918, 0.017601013183526606, 0.010772705078083904, 0.7485275268526134]",0,Normal-2893.png
939165,0,141.4955815802348,0.8677459051490404,"[0.003913879394516319, 0.00817489624020319, 0.005577087402322475, 0.02016830444328244, 0.055850982665802566, 0.03800201416001128, 0.011833190917923609, 0.006317138671850902, 0.8501625061002724]",0,Normal-686.png
2252925,0,327.4542143162916,0.6747087841476339,"[0.008979797363246994, 0.016979217529232104, 0.014621734619084847, 0.05152130126933471, 0.1443328857416369, 0.09528350830041776, 0.02970123291004295, 0.015846252441345802, 0.6227340698218432]",0,Normal-2434.png
1402500,0,213.54573981775923,0.8473514176463617,"[0.005588531494119306, 0.009094238281215307, 0.00689697265622369, 0.02606201171865058, 0.06982803344699925, 0.04045104980453319, 0.012336730956984189, 0.007240295410128631, 0.8225021362273311]",0,Normal-3495.png
765765,0,91.89647673067513,0.8727476419245364,"[0.0036392211913923674, 0.007217407226534967, 0.006607055664037296, 0.021381378173746562, 0.058830261230244325, 0.035186767577990774, 0.01277160644526378, 0.006507873535131424, 0.8478584289518438]",0,Normal-601.png
488835,0,68.62740031800392,0.9114157141070812,"[0.002792358398426848, 0.004711151123028903, 0.004711151123028903, 0.01506805419916127, 0.03765106201157512, 0.02518844604482579, 0.00954055786129173, 0.004878997802715763, 0.8954582214321309]",0,Normal-2756.png
1529235,0,210.3809549290607,0.7790175224822793,"[0.00681304931638026, 0.011772155761673843, 0.009986877441368152, 0.034004211425651534, 0.1019783020015641, 0.06594848632787342, 0.02008438110343901, 0.012809753417919885, 0.736602783200315]",0,Normal-1818.png
906525,0,173.531402886497,0.91672812233128,"[0.002910614013660772, 0.00494003295896553, 0.0038604736327977735, 0.014659881591740951, 0.034084320068229354, 0.02204895019522839, 0.006622314453099738, 0.003913879394516319, 0.9069595336879465]",0,Normal-868.png
871080,0,101.13269783512722,0.8660225794757328,"[0.0037689208984231226, 0.007499694824190141, 0.0073242187499720605, 0.0239143371581119, 0.05825805664040276, 0.03582000732408211, 0.014057159423774501, 0.006549835205053139, 0.8428077697721755]",0,Normal-1937.png
1151580,0,254.4643774461839,0.8672954721055913,"[0.0034103393554557404, 0.007465362548799647, 0.005126953124980442, 0.022594451904210684, 0.054782867431431646, 0.041152954101405514, 0.011299133300738147, 0.007556915283174297, 0.8466110229459891]",0,Normal-2189.png
1129650,0,228.16663481531305,0.8928722895478177,"[0.004169464111312219, 0.007526397705049414, 0.00544738769529172, 0.018684387206959974, 0.03793716430649591, 0.029472351074106323, 0.010246276855429663, 0.006038665771461339, 0.8804779052700787]",0,Normal-706.png
1114860,0,163.6539719911937,0.6211959997599882,"[0.011466979980425007, 0.02545547485341852, 0.021987915038978623, 0.0759429931637728, 0.14603424072209917, 0.1264343261713927, 0.05245208740214366, 0.04178237915023124, 0.4984436035137236]",0,Normal-128.png
913665,0,130.89846043297456,0.8841753832812348,"[0.0034370422363150135, 0.006702423095677557, 0.006587982177709244, 0.01990890502922093, 0.04510879516584355, 0.029312133788950683, 0.010787963867146347, 0.005123138427714832, 0.8730316162076072]",0,Normal-2045.png
854505,0,114.16981103228963,0.8794455040914438,"[0.003875732421860215, 0.006721496582005609, 0.006412506103491163, 0.021747589111245164, 0.04982757568340367, 0.03512191772447539, 0.012680053710889129, 0.0069160461425517425, 0.8566970825162632]",0,Normal-2137.png
968490,0,82.77895670254404,0.7778552121627799,"[0.004478454589826666, 0.010028839111289867, 0.009765624999962747, 0.03799057006821445, 0.10736465454060606, 0.06747436523411761, 0.02043151855460956, 0.011363983154253524, 0.7311019897433048]",0,Normal-2280.png
2067030,0,235.4485995596869,0.7900634772747862,"[0.006370544433569448, 0.012897491455028925, 0.009227752685511674, 0.03829574584946329, 0.09582519531213446, 0.06019592285133287, 0.017417907714777307, 0.009395599365198534, 0.7503738403291688]",0,Normal-2290.png
1340025,0,187.36491331335617,0.8457594047471417,"[0.004478454589826666, 0.009918212890587164, 0.005039215087871402, 0.02308273315420882, 0.06805038452122478, 0.046447753906072815, 0.013015747070262849, 0.008811950683560135, 0.8211555480925706]",0,Normal-77.png
1323705,0,163.74970187133076,0.8523231652672247,"[0.004531860351545213, 0.008487701415983246, 0.006500244140600203, 0.025867462158104447, 0.06628036498998154, 0.04121780395492089, 0.013339996337839737, 0.006889343261692469, 0.8268852233855175]",0,Normal-375.png
2020875,0,322.13889738258314,0.6469117923610997,"[0.009044647216762371, 0.018711090087819248, 0.015262603759707402, 0.05918121337868049, 0.16300201415953444, 0.10714340209920065, 0.03296279907213988, 0.01737213134758998, 0.5773200988747508]",0,Normal-2580.png
1149285,0,132.0470125978473,0.8716870143745166,"[0.003627777099595536, 0.007125854492160317, 0.006500244140600203, 0.023521423339754023, 0.0549507141111185, 0.03565979003892647, 0.011936187744095092, 0.005996704101539624, 0.8506813049283956]",0,Normal-3084.png
795345,0,125.66548434442271,0.8674987262762799,"[0.0036544799804548093, 0.007293701171847177, 0.007022857665988835, 0.02299118041983417, 0.057327270507593814, 0.03998565673812871, 0.014755249023381213, 0.007781982421845314, 0.8391876220671113]",0,Normal-490.png
1157190,0,155.37067331213302,0.843402811243119,"[0.005245208740214366, 0.008991241455043826, 0.007213592529269357, 0.025928497314354215, 0.06993484497043634, 0.0461158752439647, 0.015110015869082984, 0.008365631103483713, 0.8130950927703358]",0,Normal-3435.png
1594005,0,220.4740857387475,0.7565325396512249,"[0.008193969726531242, 0.015220642089785687, 0.013259887695261917, 0.043411254882646896, 0.0936546325680021, 0.06775665283177278, 0.027225494384661767, 0.015953063964782892, 0.7153244018527399]",0,Normal-2615.png
809880,0,89.1532763576321,0.894057173846501,"[0.0030021667480354224, 0.005580902099588086, 0.005435943603494888, 0.018543243408132386, 0.04257965087874382, 0.027362823486223743, 0.010414123535116523, 0.0051383972167772735, 0.8819427490200731]",0,Normal-3075.png
851190,0,95.56908176369859,0.8903753007215842,"[0.003192901611315945, 0.005760192871071776, 0.00571060180661884, 0.018974304199146367, 0.049915313720512715, 0.027957916259658974, 0.010490417480428732, 0.005084991455058727, 0.8729133605923732]",0,Normal-334.png
1234710,0,173.9897642490215,0.8465551421552114,"[0.0042762756347493125, 0.00902175903316871, 0.0063400268554445645, 0.025497436523340234, 0.07007598876926394, 0.04460144042951736, 0.012958526611278692, 0.007667541503877001, 0.8195610046355455]",0,Normal-1303.png
1257915,0,109.46329195205476,0.7934708366580121,"[0.004589080810529369, 0.010173797607383064, 0.00911331176754336, 0.033435821533075574, 0.09769439697228358, 0.05836105346657424, 0.019371032714769854, 0.009887695312462282, 0.757373809811564]",0,Normal-69.png
775200,0,113.7957359955969,0.8724805763939651,"[0.0033187866210810896, 0.006942749023411015, 0.006977081298801509, 0.021839141845619813, 0.04992294311504393, 0.035320281982287136, 0.012779235839795, 0.005722045898415672, 0.8571777343717301]",0,Normal-2194.png
561510,0,73.32635916095889,0.9508193069844659,"[0.001941680908195718, 0.003177642822253503, 0.002578735351552663, 0.009498596191370015, 0.019279479980395205, 0.01216506958003172, 0.004203796386702713, 0.0020141601562423165, 0.9451408386194414]",0,Normal-1162.png
399075,0,94.63379861790605,0.9021151192494626,"[0.002693176269520976, 0.005176544189433378, 0.004497528076154719, 0.01720046997063751, 0.03971481323227037, 0.031478881835817416, 0.011032104492145416, 0.005809783935524712, 0.8823966979946808]",0,Normal-2404.png
1432080,0,280.0625764432485,0.8507509277232083,"[0.00485229492185649, 0.009422302246057807, 0.006038665771461339, 0.02662658691396093, 0.06690979003880726, 0.0471725463865388, 0.013988494872993513, 0.00859832763668595, 0.8163909912078232]",0,Normal-1935.png
998835,0,162.49782901174163,0.8643350378213029,"[0.004047393798812685, 0.008049011230438045, 0.0069847106933327305, 0.023468017578035474, 0.05274581909159566, 0.038600921630712125, 0.013587951660104416, 0.007030487060520055, 0.8454856872526341]",0,Normal-1699.png
1101345,0,144.46569991438352,0.863231380086883,"[0.004077911376937569, 0.0071029663085666545, 0.007362365722628165, 0.024658203124905936, 0.0547294616697131, 0.0339927673338547, 0.01294708251948186, 0.005851745605446428, 0.8492774963346509]",0,Normal-1568.png
2293470,0,498.824604788405,0.7425836569668907,"[0.008251190185515398, 0.016056060790954375, 0.01097488403316126, 0.045074462890453054, 0.10334014892538704, 0.07958984374969638, 0.02276229858389754, 0.014923095703068073, 0.6990280151340521]",0,Normal-1691.png
885615,0,152.06389508928567,0.8373431359523946,"[0.006198883056616978, 0.011295318603472536, 0.009826660156212514, 0.02912521362293577, 0.058105468749778344, 0.0432662963865537, 0.02011489868156389, 0.011684417724564801, 0.8103828430144867]",0,Normal-3373.png
1041930,0,109.36405332681014,0.7810475348830108,"[0.004535675048810823, 0.009830474853478124, 0.009601593017541498, 0.03843307495102526, 0.11022567748981389, 0.06593322753881098, 0.020759582519452056, 0.011531829833940384, 0.7291488647433122]",0,Normal-885.png
983790,0,123.86783726761253,0.9123376852069143,"[0.003364562988268415, 0.005214691162089482, 0.004127502441390505, 0.014751434326115602, 0.03671264648423495, 0.021076202392497724, 0.007476806640596478, 0.003921508789047541, 0.9033546447719446]",0,Normal-1106.png
1318860,0,211.06639860567518,0.8772627620930107,"[0.0039710998535004765, 0.008945465087856501, 0.0053749084472451214, 0.021312713622965572, 0.052974700927532294, 0.03259277343737567, 0.010108947753867687, 0.00596237182614913, 0.8587570190396928]",0,Normal-1257.png
881790,0,166.8072177715264,0.8486963893138278,"[0.0042419433593588185, 0.008796691894497694, 0.006851196289036365, 0.025577545165918054, 0.0667076110837299, 0.04389953613264504, 0.015186309814395194, 0.008071899414031709, 0.8206672668425725]",0,Normal-1738.png
1576155,0,277.01428724315065,0.8460449666541489,"[0.005924224853493026, 0.010105133056602076, 0.006771087646458545, 0.02673721313466363, 0.06801223754856868, 0.04447937011701782, 0.014003753662055954, 0.00791931152340729, 0.8160476684539183]",0,Normal-644.png
1111545,0,147.08529537671228,0.8633209859646904,"[0.0037422180175638495, 0.007755279540986041, 0.006092071533179886, 0.022544860839757746, 0.0529403686521418, 0.03713607788071771, 0.01327896118158997, 0.006546020507787529, 0.8499641418424607]",0,Normal-3254.png
294525,0,51.74555864726028,0.9239405764191806,"[0.0022087097167884494, 0.0038948059081882675, 0.003890991210922657, 0.013999938964790345, 0.031368255615114714, 0.02333831787100472, 0.00877380371090403, 0.004116058349593673, 0.9084091186488784]",0,Normal-606.png
499545,0,103.2157457803327,0.9289132422421219,"[0.002597808837880715, 0.004108428955062453, 0.0034866333007679494, 0.011375427246050356, 0.028434753417860278, 0.020309448242110024, 0.006977081298801509, 0.0031204223632693463, 0.9195899963343827]",0,Normal-966.png
1248735,0,124.40421278742662,0.7727586889912086,"[0.0053253173827921855, 0.011508941650346721, 0.010719299316365359, 0.039054870605319765, 0.09888458251915404, 0.0667419433591204, 0.022132873535071818, 0.012828826904247937, 0.7328033447237671]",0,Normal-2978.png
1049070,0,91.96906341731898,0.7897624591675221,"[0.004096984863265621, 0.009719848632775422, 0.009174346923793127, 0.03426742553697865, 0.09594726562463399, 0.06351470947241396, 0.018871307372974887, 0.010326385498007483, 0.7540817260713422]",0,Normal-2320.png
907035,0,133.51261313600781,0.8644923395782013,"[0.0038986206054538778, 0.008163452148406358, 0.007194519042941305, 0.02399444580068972, 0.058399200439230345, 0.04062271118148566, 0.014854431152287085, 0.007514953613252583, 0.8353576660124383]",0,Normal-1841.png
1063860,0,107.11574272260275,0.7551119322149626,"[0.00519561767576143, 0.010662078857381203, 0.011249542236285211, 0.04094696044906255, 0.11688995361283534, 0.07456970214815303, 0.022514343261632864, 0.012733459472607676, 0.705238342282466]",0,Normal-2945.png
975630,0,79.66553403253424,0.8325061904572365,"[0.0035209655761584435, 0.007873535156219965, 0.006649017333959011, 0.028072357177627287, 0.08123016357390887, 0.049289703368952595, 0.01541519165033182, 0.0074234008788779315, 0.8005256652801493]",0,Normal-1895.png
876945,0,127.58576932485317,0.8566536772934233,"[0.0038986206054538778, 0.007183074951144473, 0.006702423095677557, 0.02411651611318925, 0.06380462646460035, 0.043197631835772715, 0.013019561767528458, 0.006942749023411015, 0.8311347961394076]",0,Normal-539.png
1029690,0,123.29570541829742,0.8447173792275758,"[0.0034751892089711182, 0.007446289062471595, 0.006874084472630027, 0.025897979736229332, 0.072513580321989, 0.04538726806623311, 0.014297485351507959, 0.006618499755834127, 0.817489624020319]",0,Normal-1985.png
570435,0,81.01871330724072,0.8655080505360744,"[0.003807067871079227, 0.007080078124972991, 0.007446289062471595, 0.024364471435453932, 0.057594299316186544, 0.03754425048813803, 0.014442443847601155, 0.006710052490208778, 0.841011047360073]",0,Normal-1122.png
374085,0,55.643629219667304,0.8972479888577645,"[0.0036430358886579777, 0.0072364807128630195, 0.006275177001929187, 0.018527984619069945, 0.03542709350572423, 0.02751159667958255, 0.012966156005809913, 0.007366180419893775, 0.8810462951626546]",0,Normal-3204.png
990930,0,91.60861056751469,0.8183515532336808,"[0.003890991210922657, 0.008209228515593685, 0.007286071777315955, 0.027629852294816473, 0.09125518798793314, 0.05193710327128625, 0.014671325683537783, 0.008010864257781941, 0.7871093749969974]",0,Normal-3042.png
1028925,0,149.67109527886498,0.869885234597796,"[0.0041885375976402715, 0.007255554199191072, 0.00553512573240076, 0.02112197875968505, 0.05704498290993864, 0.03500747680650708, 0.01089477539058344, 0.0055274963378695394, 0.8534240722623694]",0,Normal-2097.png
1382355,1,140.83545208537177,0.7328904470229937,"[0.009582519531213446, 0.01933288574211375, 0.015377044677675715, 0.0533065795896404, 0.0977401733394709, 0.09145355224574488, 0.035026550292835135, 0.030605316161992625, 0.6475753784154984]",0,Normal-1408.png
775710,0,125.95846456090993,0.8977616337863007,"[0.0036239624023299256, 0.006786346435520987, 0.005401611328104394, 0.01839828491203919, 0.04457855224592369, 0.0321655273436273, 0.011856079101517272, 0.007396697998018659, 0.8697929382291039]",0,Normal-973.png
322575,0,93.28705968688844,0.8876369884430283,"[0.003482818603502339, 0.006450653076147268, 0.0071716308593476425, 0.020713806152264733, 0.041397094726404585, 0.03556823730455182, 0.014694213867131446, 0.008083343505828539, 0.862438201901007]",0,Normal-1734.png
1406325,0,199.1994939456947,0.8519004938310232,"[0.005001068115215297, 0.009128570556605802, 0.006229400634741862, 0.023487091064363527, 0.0647315979001437, 0.0398712158201604, 0.012145996093703666, 0.007396697998018659, 0.8320083618132323]",0,Normal-701.png
1379550,0,169.6992263943248,0.8507803846006843,"[0.004573822021466927, 0.008628845214810834, 0.007099151611301043, 0.02502822875967015, 0.05854415893532355, 0.03813934326157326, 0.013420104980417557, 0.007080078124972991, 0.837486267086649]",0,Normal-85.png
1313250,0,208.69653176981413,0.8696453459524617,"[0.004726409912091345, 0.008750915527310367, 0.005462646484354162, 0.021583557128823913, 0.05952835082985104, 0.041233062743983334, 0.012378692626905904, 0.007591247558564791, 0.8387451171843004]",0,Normal-2285.png
1531785,0,277.26437515288654,0.8570516882637019,"[0.005558013915994422, 0.009899139404259112, 0.006668090820287063, 0.025417327880762414, 0.06249618530249597, 0.04140853881820141, 0.013381958007761452, 0.007907867431610458, 0.8272628784148129]",0,Normal-2266.png
1588395,0,241.10742569716234,0.7349989949579664,"[0.008022308349578773, 0.015087127685489322, 0.013744354247994445, 0.04603195190412127, 0.12104034423781951, 0.07337188720675136, 0.02587509155263567, 0.013275146484324358, 0.6835517883274705]",0,Normal-2164.png
674475,0,64.40437714041096,0.9084339340844766,"[0.002964019775379318, 0.00510787963865239, 0.005073547363261896, 0.01635360717767199, 0.038707733154149215, 0.024131774902251695, 0.009353637695276818, 0.004825592040997217, 0.8934822082485447]",0,Normal-2584.png
1226805,0,132.38177287181992,0.8410038099879897,"[0.004543304443342043, 0.008106231689422202, 0.008396148681608597, 0.02691268920888171, 0.06595230102513903, 0.04165649414046609, 0.014873504638615137, 0.007221221923800578, 0.8223381042449098]",0,Normal-1085.png
1107975,0,129.64594545009783,0.7855471279751347,"[0.004802703857403554, 0.010826110839802451, 0.009323120117151935, 0.03561019897447353, 0.09992599487266568, 0.06526947021459477, 0.02139282226554339, 0.011867523193314104, 0.7409820556612359]",0,Normal-1240.png
1753890,0,209.99685436032286,0.6964197577943737,"[0.007625579833955285, 0.01533126831048839, 0.014362335205023337, 0.05400466918924711, 0.14411926269476272, 0.09440612792932737, 0.03065490722644556, 0.016826629638607687, 0.6226692199683278]",0,Normal-1963.png
1043460,0,204.52323110322894,0.8427290910606775,"[0.004581451415998148, 0.008552551269498625, 0.006858825683567585, 0.02633285522450892, 0.07154464721652395, 0.04662322998029089, 0.014457702636663598, 0.007869720458954354, 0.8131790161101792]",0,Normal-884.png
1761795,0,170.93700311888455,0.8513386930527481,"[0.0059165954589618045, 0.009918212890587164, 0.007167816162082031, 0.0241699218749078, 0.061111450195079374, 0.03849792480454064, 0.014495849609319702, 0.008110046386687813, 0.8306121826140189]",0,Normal-1064.png
397290,0,83.44561062866926,0.9131863673050106,"[0.0026283264160055987, 0.004821777343731606, 0.004116058349593673, 0.01592636108392362, 0.03621673583970559, 0.026409149169821133, 0.010093688964805246, 0.005092620849589948, 0.8946952819790088]",0,Normal-1065.png
1034535,0,94.41380641511742,0.783630221605774,"[0.004280090332014923, 0.009735107421837863, 0.009265899658167778, 0.03515243530260028, 0.10253906249960884, 0.06665802001927697, 0.019313812255785698, 0.01030349731441382, 0.7427520751924791]",0,Normal-3366.png
873630,0,105.71840600538162,0.8585659729300191,"[0.0035743713378769896, 0.006626129150365348, 0.006568908691381191, 0.02426528930654806, 0.06406784057592747, 0.038013458251808116, 0.013423919677683166, 0.0067634582519273245, 0.8366966247526676]",0,Normal-3284.png
1886235,0,167.03647107387474,0.6235792188498481,"[0.007164001464816421, 0.01728057861321533, 0.015365600585878884, 0.0638580322263189, 0.1883277893059222, 0.11470794677690617, 0.035396575927599344, 0.019863128662033602, 0.5380363464334944]",0,Normal-522.png
1080945,0,152.74651418786692,0.8308675647837469,"[0.0057487487792749455, 0.01038742065425725, 0.007900238037079238, 0.027301788329973976, 0.06977081298801509, 0.050632476806447474, 0.017837524413994454, 0.011695861816361633, 0.7987251281707812]",0,Normal-689.png
2650725,0,229.00442988625244,0.6040718830067976,"[0.01039886474605408, 0.019866943359299213, 0.01977920532219017, 0.06783294677708498, 0.17619323730401537, 0.10945129394489497, 0.03762054443345024, 0.019515991210863053, 0.5393409728983332]",0,Normal-2159.png
1911480,0,235.70306002323875,0.7590809252456033,"[0.007247924804659851, 0.014751434326115602, 0.010665893554646812, 0.04232406616194792, 0.09826660156212513, 0.07318496704073645, 0.023784637451081142, 0.016155242919860247, 0.7136192321750121]",0,Normal-841.png
1231650,0,154.13978412426613,0.7466053348993462,"[0.005657196044900294, 0.011978149414016807, 0.011867523193314104, 0.04188919067366833, 0.11462783813432835, 0.07677459716767587, 0.023136138915927366, 0.012752532958935728, 0.7013168334934184]",0,Normal-1956.png
1264545,0,192.47079103473575,0.8718030137746597,"[0.004085540771468789, 0.007930755615204121, 0.005828857421852764, 0.022739410400303882, 0.05715942382790695, 0.037681579589700004, 0.011196136474566664, 0.006175994873023315, 0.8472023010221588]",0,Normal-110.png
1938255,0,242.3145601455479,0.7850113968588611,"[0.007442474365205984, 0.013595581054635637, 0.010719299316365359, 0.04030609130843999, 0.09801483154259485, 0.059234619140399035, 0.020080566406173398, 0.01064300537105315, 0.7399635314913179]",0,Normal-163.png
870825,0,101.93108258928571,0.8579309298796046,"[0.003929138183578761, 0.0073242187499720605, 0.007331848144503281, 0.02276229858389754, 0.0630187988278846, 0.0383758544920411, 0.012840270996044768, 0.006244659423804303, 0.8381729125944588]",0,Normal-2820.png
1204365,0,203.23151602250488,0.8437921940619554,"[0.004779815673809891, 0.009746551513634695, 0.007556915283174297, 0.026611328124898484, 0.0668907165524792, 0.04199981689437103, 0.014080047607368163, 0.007984161376922668, 0.8203506469695269]",0,Normal-469.png
1397655,0,230.47532029721134,0.842021160583421,"[0.004821777343731606, 0.010002136230430595, 0.005088806152324338, 0.024219512939360734, 0.07024002075168517, 0.04751205444317813, 0.013328552246042905, 0.009002685546840658, 0.8157844543425912]",0,Normal-1606.png
1439985,0,180.1956756054305,0.8179638108505582,"[0.005485534667947824, 0.011108398437457624, 0.008121490478484645, 0.030590057372930184, 0.08849334716763117, 0.05290222167948569, 0.017501831054620734, 0.009548187255822951, 0.7762489318818044]",0,Normal-708.png
473280,0,55.071000489236795,0.9177531197073563,"[0.0022888183593662687, 0.0043106079101398066, 0.0042228698730307655, 0.013618469238229299, 0.03719711303696748, 0.02375411987295626, 0.0077972412109077556, 0.0041542053222497774, 0.9026565551723379]",0,Normal-1171.png
983025,0,141.15533650318,0.850045470126499,"[0.004070281982406348, 0.008697509765591822, 0.006484985351537762, 0.024047851562408264, 0.06415939331030213, 0.04489898681623497, 0.014541625976507027, 0.007183074951144473, 0.8259162902800525]",0,Normal-656.png
1184730,0,190.8066215141879,0.9131206307173031,"[0.0032463073730344912, 0.007091522216769823, 0.0024833679199124017, 0.012981414794872354, 0.03812789916977643, 0.024631500244046662, 0.006160736083960874, 0.004352569580061521, 0.9009246826137507]",0,Normal-1300.png
506175,0,56.61637720156556,0.8816188646417745,"[0.004024505615219023, 0.008117675781219033, 0.007053375244113719, 0.02078628540031133, 0.042034149169761524, 0.03148269653308303, 0.01473236083978755, 0.008056640624969266, 0.8637123107877208]",0,Normal-2356.png
1198500,0,104.78249984711351,0.8056773690603436,"[0.004638671874982305, 0.010231018066367222, 0.008876800537075513, 0.032394409179563925, 0.09127044677699558, 0.058479309081808165, 0.01949310302726939, 0.011199951171832275, 0.7634162902802909]",0,Normal-3090.png
940440,0,94.99819593933464,0.8774748626367846,"[0.0033988952636589092, 0.006584167480443633, 0.006275177001929187, 0.021671295165932955, 0.055122375488070974, 0.03295135498034305, 0.011569976806596488, 0.005931854248024246, 0.8564949035611858]",0,Normal-1513.png
963645,0,132.30312041340503,0.8362833332192321,"[0.004440307617170561, 0.008506774902311299, 0.007595062255830402, 0.026519775390523834, 0.07319641113253328, 0.04411315917951922, 0.015232086181582519, 0.007759094238251651, 0.8126373290984625]",0,Normal-1903.png
1222725,0,90.09982723825831,0.8681097901504266,"[0.003448486328111845, 0.006736755371068051, 0.006546020507787529, 0.022346496581946006, 0.06264495849585477, 0.033226013183467004, 0.012191772460890992, 0.005767822265602998, 0.8470916748014561]",0,Normal-894.png
1362975,0,208.6450739970646,0.818012971365934,"[0.005863189697243258, 0.011287689208941316, 0.008415222167936649, 0.02988815307605786, 0.08090209960906639, 0.049694061279107304, 0.01754760742180806, 0.00996398925777449, 0.78643798827825]",0,Normal-262.png
743070,0,97.24143071183951,0.8695001531042147,"[0.004112243652328063, 0.007572174072236739, 0.0072364807128630195, 0.023365020751863995, 0.05847167968727695, 0.0372047424314987, 0.013835906982369094, 0.007511138915986972, 0.8406906127897618]",0,Normal-2366.png
998835,0,107.80978244251469,0.8598960234546631,"[0.003910064697250709, 0.007450103759737205, 0.0070686340331761605, 0.024768829345608638, 0.06147003173804676, 0.038005828857276894, 0.013645172119088573, 0.006504058837865814, 0.8371772766081346]",0,Normal-1216.png
1193400,0,132.5684434625734,0.8453853721406918,"[0.004497528076154719, 0.008281707763640282, 0.007888793945282406, 0.026603698730367265, 0.06814956665013065, 0.04061889648422005, 0.014640808105412899, 0.00740814208981549, 0.8219108581511615]",0,Normal-726.png
1148265,0,136.68467924412911,0.8570730238489218,"[0.0045967102050605895, 0.009262084960902167, 0.007419586181612321, 0.025432586669824855, 0.06902694702122106, 0.045528411865060694, 0.014362335205023337, 0.008384704589811765, 0.8159866332976685]",0,Normal-75.png
913155,0,92.16800697162427,0.8578428707341851,"[0.004226684570296377, 0.0076103210448928435, 0.008033752441375603, 0.02553558349599634, 0.05532455444314833, 0.035137176513537836, 0.01463699340814729, 0.006710052490208778, 0.8427848815885819]",0,Normal-186.png
517395,0,92.8669581702544,0.8893511941668498,"[0.003135681152331788, 0.005840301513649596, 0.005599975585916138, 0.019390106201097906, 0.04472351074201689, 0.033435821533075574, 0.011852264404251661, 0.006622314453099738, 0.8694000244107459]",0,Normal-2933.png
660960,0,98.2707849192759,0.8655363464216168,"[0.004325866699202248, 0.008300781249968334, 0.00672531127927122, 0.025241851806544334, 0.05597686767556771, 0.042545318603353324, 0.015739440917908708, 0.009487152099573183, 0.8316574096647962]",0,Normal-3094.png
2324325,0,321.26805589530335,0.6794377668145569,"[0.008911132812466006, 0.01677322387688914, 0.013553619384713922, 0.05136108398417907, 0.14788055419865462, 0.0907325744625445, 0.027603149413957202, 0.013835906982369094, 0.6293487548804118]",0,Normal-3490.png
1113585,0,129.11404950464774,0.8436625431390454,"[0.004196166992171493, 0.008697509765591822, 0.0071525573730195895, 0.02614974975575962, 0.07279968261690979, 0.04390335082991065, 0.015094757080020543, 0.007709503173798715, 0.8142967224090031]",0,Normal-2417.png
1071000,0,157.9282656555773,0.8466396491914755,"[0.005058288574199454, 0.009902954101524723, 0.007312774658175229, 0.02638244628896186, 0.06467437744115953, 0.04562377929670096, 0.015895843505798736, 0.00928115844723022, 0.8158683776824346]",0,Normal-86.png
674730,0,88.66391343566535,0.9058791145226893,"[0.0025749206542870526, 0.004638671874982305, 0.0033836364745964674, 0.015254974365176182, 0.04452514648420515, 0.026851654052631943, 0.00791549682614168, 0.0035095214843616123, 0.8913459777798028]",0,Normal-2070.png
995010,0,205.75673847235814,0.8639407197913508,"[0.004264831542952481, 0.008747100830044758, 0.006690979003880726, 0.022857666015537806, 0.05518722534158635, 0.04059600830062639, 0.01438903808588261, 0.009414672851526586, 0.8378524780241475]",0,Normal-2083.png
388365,0,59.19643621575342,0.9090190531967065,"[0.002410888671865803, 0.004863739013653321, 0.004501342773420329, 0.01652526855462446, 0.040721893310391534, 0.027439117431535952, 0.009979248046836931, 0.004653930664044747, 0.8889045715298122]",0,Normal-2322.png
1201050,0,108.07282748287675,0.7700653989811793,"[0.004505157470685939, 0.010349273681601146, 0.009632110595666382, 0.037502288818216316, 0.11257553100542993, 0.06573104858373363, 0.01983261108390872, 0.011409759521440849, 0.7284622192355024]",0,Normal-887.png
1755165,0,275.6702314701566,0.6892481558850876,"[0.009422302246057807, 0.01693725585931039, 0.01644897460931225, 0.055206298827914405, 0.13777542114205255, 0.08755874633755661, 0.03160095214831695, 0.015777587890564812, 0.6292724609350995]",0,Normal-2771.png
1158465,0,229.31226684809192,0.8937633474119088,"[0.005012512207012129, 0.00799942016598511, 0.005599975585916138, 0.018505096435476282, 0.040855407714687896, 0.02707290649403735, 0.010185241699179896, 0.005905151367164974, 0.8788642883267255]",0,Normal-2249.png
749190,0,141.8417089652642,0.9286192761408705,"[0.0022468566894445537, 0.004581451415998148, 0.00161743164061883, 0.009170532226527518, 0.02962112426746513, 0.022838592529209754, 0.004718780517560124, 0.004028320312484633, 0.9211769103968765]",0,Normal-974.png
2047650,0,286.1268575709393,0.7408286699698441,"[0.008609771728482781, 0.015380859374941326, 0.013298034667918021, 0.045288085937327235, 0.11370849609331624, 0.07378768920870289, 0.025253295898341164, 0.012725830078076454, 0.6919479370090792]",0,Normal-1238.png
490620,0,59.58433219178082,0.9024106216834679,"[0.003089904785144463, 0.005123138427714832, 0.00553512573240076, 0.016918182372982336, 0.044219970702956315, 0.0272750854491147, 0.009754180908165915, 0.005126953124980442, 0.8829574584927256]",0,Normal-3417.png
1648320,0,270.0854329745597,0.7573563047463613,"[0.00766372680661139, 0.014465332031194818, 0.011161804199176171, 0.04188156127913711, 0.107707977294511, 0.07144546508761808, 0.0237693786620187, 0.013015747070262849, 0.7088890075656552]",0,Normal-351.png
3051330,1,324.39829225782773,0.6116991011715852,"[0.010833740234333672, 0.02154922485343342, 0.021163940429606766, 0.06992721557590512, 0.1560211181634673, 0.10781097412068248, 0.03979492187484819, 0.022659301757726062, 0.5502395629861823]",0,Normal-472.png
2051475,0,293.5657985261742,0.6978123769565028,"[0.00825500488278101, 0.01651763916009324, 0.012195587158156601, 0.04998016357402809, 0.14200210571234892, 0.09294128417933295, 0.026981353759662697, 0.01455688476556947, 0.6365699768042122]",0,Normal-1930.png
1087830,0,147.10588154354207,0.8214179783399538,"[0.004253387451155649, 0.009544372558557342, 0.008060455322234877, 0.030178070068244255, 0.07984542846649229, 0.05091094970683704, 0.017398834228449254, 0.00884628295895063, 0.790962219235264]",0,Normal-792.png
1009035,0,166.2895402703033,0.8284446229827575,"[0.005420684814432446, 0.010005950927696206, 0.008571624755826677, 0.03136062622058349, 0.07174301147433569, 0.05017089843730861, 0.018516540527273116, 0.01089859008784905, 0.79331207275088]",0,Normal-2236.png
596955,0,87.88987585616437,0.8741048975849527,"[0.0032844543456905955, 0.006401062011694332, 0.006183624267554536, 0.02240753173819577, 0.057704925536889246, 0.040218353271330956, 0.013393402099558282, 0.007335662841768891, 0.8430709838835027]",0,Normal-2401.png
816255,0,68.76323232632093,0.8968166146123638,"[0.0032234191894408284, 0.0054435729980261095, 0.005428314208963668, 0.017681121826104425, 0.04713439941388269, 0.027702331542863074, 0.009429931640589027, 0.004539489746076433, 0.879417419430239]",0,Normal-2536.png
938910,0,157.92481042074363,0.921375990869746,"[0.003227233886706439, 0.0055618286132600335, 0.005096435546855558, 0.01489257812494319, 0.0275306701659106, 0.018165588378836955, 0.006919860839817353, 0.0036964416503765243, 0.9149093627894787]",0,Normal-2557.png
2288370,0,312.63731500733854,0.6656435980354432,"[0.010341644287069924, 0.018775939941334623, 0.016613006591733502, 0.056678771972440034, 0.14937973022403953, 0.09426498413049977, 0.031135559081912477, 0.01574325561517432, 0.6070671081519811]",0,Normal-1019.png
362100,0,42.90417838796478,0.9154615296224884,"[0.003013610839832254, 0.006313323974585291, 0.0042915344238117535, 0.014533996581975807, 0.028087615966689728, 0.023906707763580677, 0.01139831542964402, 0.006160736083960874, 0.9022941589321049]",0,Normal-1919.png
790755,0,96.49885335127202,0.8852478705733505,"[0.0030670166015508, 0.006137847900367211, 0.006282806396460408, 0.019214630126879826, 0.04780960082989574, 0.03064346313464873, 0.01166152954097114, 0.0053749084472451214, 0.8698081970181663]",0,Normal-3209.png
532695,0,88.64199333414871,0.8966197206618375,"[0.0035972595214706525, 0.0055274963378695394, 0.005905151367164974, 0.01866149902336631, 0.044403076171705615, 0.029933929443245185, 0.010871887206989776, 0.00604629516599256, 0.8750534057583806]",0,Normal-923.png
715530,0,98.40394141389432,0.8541801213614344,"[0.004367828369123963, 0.008354187011686881, 0.0077629089355172615, 0.02598190307607276, 0.06183624267554536, 0.04151535034163851, 0.01651763916009324, 0.007686614990205053, 0.8259773254363022]",0,Normal-2915.png
2296020,0,349.02401846868884,0.6850212027635264,"[0.009552001953088562, 0.01778793334954152, 0.014465332031194818, 0.05492782592752484, 0.14010620117134054, 0.09136199951137022, 0.029392242431528503, 0.015636444091737225, 0.626770019528859]",0,Normal-1966.png
989400,0,139.8551094667319,0.7737167935658095,"[0.004695892333966461, 0.01072692871089658, 0.010097503662070855, 0.03847885131821259, 0.10303878784140381, 0.07004547119113905, 0.021144866943278714, 0.012802124023388664, 0.7289695739718286]",0,Normal-972.png
335325,0,46.388217037671225,0.9251625693385377,"[0.002887725830067109, 0.005928039550758636, 0.003856658935532163, 0.012741088867138897, 0.025249481201075556, 0.020908355712810866, 0.010181427001914286, 0.005836486816383986, 0.9124107360805038]",0,Normal-2344.png
1780155,0,294.3075655883072,0.7179105747583666,"[0.008403778076139817, 0.016483306884702745, 0.014629364013616067, 0.0492553710935621, 0.1259193420405353, 0.08699417114224627, 0.0284423828123915, 0.017513275146417567, 0.6523590087865739]",0,Normal-3026.png
2312850,0,312.8997790790117,0.587499544486783,"[0.010261535644492104, 0.020210266113204152, 0.018753051757740963, 0.06937789916965721, 0.18683624267506851, 0.12035369873000963, 0.03847122192368137, 0.019802093505783835, 0.5159339904765475]",0,Normal-2247.png
1023315,0,154.7695159613503,0.8706000066177653,"[0.0034561157226430657, 0.006572723388646802, 0.005889892578102532, 0.021854400634682258, 0.057731628417748516, 0.03326797485338872, 0.010349273681601146, 0.004482269287092277, 0.8563957214322799]",0,Normal-1872.png
820590,0,120.19144447162424,0.8633099344999818,"[0.004875183105450153, 0.007621765136689675, 0.00791549682614168, 0.024223327636626345, 0.06043243408180072, 0.038219451904151075, 0.014183044433539646, 0.007709503173798715, 0.8348197936979873]",0,Normal-2284.png
1200540,0,73.93052837573386,0.9051050527376798,"[0.0032653808593625434, 0.00553894042966637, 0.005397796630838784, 0.01600646972650144, 0.03671264648423495, 0.022724151611241437, 0.008113861083953422, 0.004184722900374661, 0.8980560302700117]",0,Normal-2567.png
841500,0,87.67805925880624,0.8917324314512743,"[0.0032386779785032703, 0.006088256835914275, 0.005550384521463202, 0.018211364746024278, 0.04286193847639899, 0.030006408691291783, 0.010944366455036375, 0.005058288574199454, 0.8780403137173537]",0,Normal-2240.png
838185,0,163.15865031800385,0.9341186826357919,"[0.003116607666003736, 0.005405426025370005, 0.0035896301269394315, 0.011547088623002825, 0.023700714111237715, 0.017108917236262858, 0.006362915039038227, 0.0033760070800652464, 0.9257926940882653]",0,Normal-1787.png
1201050,0,135.62196520303328,0.8305403819615848,"[0.004894256591778205, 0.009914398193321555, 0.007637023925752117, 0.027748107910050397, 0.07902908325165164, 0.04758071899395912, 0.01592254638665801, 0.00910949707027775, 0.7981643676727365]",0,Normal-91.png
720375,0,84.33252048679061,0.886287796185529,"[0.0032997131347530374, 0.006233215332007472, 0.00579452514646227, 0.01976394653312773, 0.047897338867004785, 0.03302001953112404, 0.012493133544874217, 0.006416320800756774, 0.865081787106075]",0,Normal-125.png
1578195,0,201.06741147871818,0.813386957123892,"[0.005603790283181748, 0.011329650878863031, 0.008480072021452026, 0.028293609619032694, 0.08194351196257803, 0.051303863525194913, 0.016803741455014023, 0.009777069091759578, 0.7864646911591092]",0,Normal-499.png
2010420,0,306.08606363136005,0.6088801312446145,"[0.011482238769487448, 0.02207565307608766, 0.021274566650309468, 0.06946563720676625, 0.15752410888611784, 0.11695098876908512, 0.04266357421858725, 0.02426147460928245, 0.5343017578104617]",0,Normal-2831.png
2413065,0,272.5227686215754,0.619414606981421,"[0.009185791015589959, 0.019618988037034536, 0.01618957519525074, 0.06398773193334965, 0.18191909789969665, 0.11197662353472909, 0.03498458862291342, 0.019886016845627266, 0.5422515869119939]",0,Normal-1007.png
634440,0,96.16027855919764,0.9222676163130157,"[0.002914428710926382, 0.006656646728490232, 0.0035591125488145478, 0.0117568969726114, 0.023437499999910592, 0.022483825683507982, 0.0094566345214483, 0.0073890686034874375, 0.9123458862269884]",0,Normal-2490.png
1194675,0,206.22902397260273,0.8308304974321551,"[0.004913330078106257, 0.010238647460898443, 0.007396697998018659, 0.027805328369034554, 0.07184600830050718, 0.04887771606426667, 0.016025543212829493, 0.009155273437465075, 0.8037414550750589]",0,Normal-1376.png
683910,0,108.8781876834638,0.8806533013181518,"[0.003269195556628154, 0.006282806396460408, 0.0059509277343522985, 0.02016830444328244, 0.05081176757793117, 0.034381866454946966, 0.012378692626905904, 0.005859374999977648, 0.8608970642057003]",0,Normal-2598.png
1153110,0,105.72743777519567,0.7730778375444508,"[0.0034294128417837926, 0.008842468261685018, 0.007949829101532174, 0.0388870239256329, 0.11602401733354177, 0.07247161865206729, 0.019371032714769854, 0.010845184326130504, 0.722179412839042]",0,Normal-3327.png
2103495,0,271.2285194471624,0.6752794295275724,"[0.007854461669891913, 0.017459869384699022, 0.013256072997996306, 0.051879882812302096, 0.15070343017520635, 0.09510803222619969, 0.03083801269519486, 0.016571044921811787, 0.6163291931128833]",0,Normal-1616.png
1210995,0,111.90594422700589,0.7879365096841805,"[0.0043106079101398066, 0.01039886474605408, 0.008720397949185483, 0.034297943115103535, 0.1034011840816368, 0.06330108642553978, 0.02008819580070462, 0.011264801025347652, 0.7442169189424735]",0,Normal-1704.png
727260,0,82.55938875978474,0.9241954684499248,"[0.003055572509753969, 0.004737854003888177, 0.0040550231933439065, 0.01218032836909416, 0.02901840209949868, 0.018974304199146367, 0.007377624511690607, 0.0036849975585796927, 0.9169158935511897]",0,Normal-3185.png
581400,0,68.26510518590997,0.8913447874362262,"[0.004413604736311289, 0.006778717040989766, 0.008201599121062463, 0.019084930419849072, 0.03762817382798146, 0.025657653808495873, 0.012237548828078317, 0.006778717040989766, 0.8792190551724273]",0,Normal-610.png
1801065,0,259.39727556262227,0.7256083598291764,"[0.008476257324186415, 0.015281677246035455, 0.013324737548777294, 0.04817199707012874, 0.121143341063991, 0.08370208740202445, 0.027790069579972113, 0.017700195312432478, 0.6644096374486373]",0,Normal-2308.png
1483335,0,169.6061643835616,0.8294200555818477,"[0.005397796630838784, 0.010269165039023326, 0.00775146484372043, 0.02820205688465804, 0.07839584350556032, 0.04759216308575595, 0.015354156494082054, 0.00783157348629825, 0.7992057800262481]",0,Normal-2119.png
1375470,0,145.00937194227006,0.8370952156501451,"[0.004840850830059659, 0.00944900512691708, 0.008953094482387722, 0.028488159179578827, 0.06798171997044379, 0.04240036010726013, 0.016197204589781963, 0.007759094238251651, 0.8139305114715044]",0,Normal-2685.png
622200,0,79.71270333904108,0.8985840713729639,"[0.0031280517578005673, 0.005840301513649596, 0.005458831787088551, 0.017314910888605824, 0.04624938964826107, 0.029087066650279665, 0.010196685790976727, 0.004821777343731606, 0.8779029846157916]",0,Normal-28.png
898365,0,170.90272214408023,0.8570516016410114,"[0.0035743713378769896, 0.007148742675753979, 0.006629943847630959, 0.023792266845612364, 0.06026840209937947, 0.041927337646324433, 0.012973785400341133, 0.006587982177709244, 0.8370971679655567]",0,Normal-3033.png
1323960,0,186.08484436154595,0.8342120616943922,"[0.004810333251934775, 0.008968353271450163, 0.007141113281222759, 0.0259590148924791, 0.07393264770479609, 0.04964447021465437, 0.013988494872993513, 0.007343292236300113, 0.8082122802703544]",0,Normal-1922.png
840225,0,109.93143805039139,0.8737359719335316,"[0.0041542053222497774, 0.0070495605468481074, 0.006568908691381191, 0.021327972412028013, 0.055713653564240594, 0.03492736816392926, 0.01311874389643433, 0.006546020507787529, 0.8505935668912865]",0,Normal-290.png
1113840,0,218.988541157045,0.8292122651592112,"[0.005012512207012129, 0.0094566345214483, 0.00825500488278101, 0.029518127441293646, 0.0690422058102835, 0.047203063964663686, 0.01616287231439147, 0.009212493896449231, 0.8061370849578623]",0,Normal-2769.png
1021020,0,104.44484619618396,0.821458290751264,"[0.003982543945297307, 0.008998870849575047, 0.008125305175750254, 0.030517578124883583, 0.0835723876949937, 0.05137634277324151, 0.01779556274407274, 0.009529113769494899, 0.7861022949188763]",0,Normal-682.png
1051620,0,197.99114787181992,0.8978531459180089,"[0.0037918090820167854, 0.006771087646458545, 0.005245208740214366, 0.018497467040945063, 0.03993606567367578, 0.026264190673727934, 0.00970840454097859, 0.004932403564434309, 0.8848533630337339]",0,Normal-1433.png
1103640,0,112.7465562316536,0.8198710437245198,"[0.004440307617170561, 0.008163452148406358, 0.008529663085904962, 0.030010223388557394, 0.08590698242154729, 0.05099105834941486, 0.015453338622987924, 0.008506774902311299, 0.7879981994598846]",0,Normal-2500.png
359805,0,54.893193493150676,0.9061314118678767,"[0.00272750854491147, 0.004524230957013991, 0.0049018859863094255, 0.01770401000969809, 0.04063034057601688, 0.028057098388564846, 0.009780883789025188, 0.004859924316387711, 0.8868141174282577]",0,Normal-1866.png
504390,0,64.64460769324853,0.9186305539648304,"[0.0026435852050680406, 0.004947662353496751, 0.004722595214825735, 0.014339447021429674, 0.03353881835924706, 0.021923065185463244, 0.00851821899410813, 0.004070281982406348, 0.9052963256801403]",0,Normal-918.png
1537650,0,243.10737983121325,0.7510703381973037,"[0.008026123046844382, 0.014434814453069935, 0.011344909667925472, 0.04365921020491158, 0.10630035400350074, 0.07705307006806544, 0.026248931884665493, 0.016422271728452977, 0.6965103149387493]",0,Normal-1931.png
1698810,0,253.46655225660467,0.6876303070968264,"[0.009258270263636558, 0.016216278076110015, 0.016059875488219987, 0.05481338500955653, 0.14654541015569097, 0.09206008911097695, 0.03166198730456672, 0.015983581542907778, 0.6174011230445198]",0,Normal-1097.png
506685,0,93.45404231898239,0.8909289293430774,"[0.002929687499988824, 0.005352020263651458, 0.005241394042948756, 0.020030975341720464, 0.04792785644512967, 0.033847808837761506, 0.011310577392534979, 0.005321502685526575, 0.868038177486923]",0,Normal-2467.png
656625,0,104.12900562622306,0.8876516057442683,"[0.003173828124987893, 0.005897521972633752, 0.0057144165038844515, 0.019020080566333693, 0.04664993286115017, 0.031188964843631022, 0.011394500732378408, 0.005603790283181748, 0.8713569641080041]",0,Normal-1519.png
568395,0,80.23165362035225,0.9021610732333059,"[0.0031814575195191134, 0.005821228027321544, 0.00510787963865239, 0.017108917236262858, 0.04632568359357328, 0.028488159179578827, 0.009658813476525654, 0.00536346435544829, 0.8789443969693033]",0,Normal-3049.png
893010,0,105.14805528375733,0.8737476444377258,"[0.0037689208984231226, 0.006580352783178023, 0.0063056945800540705, 0.02137374877921534, 0.05191421508769259, 0.03361511230455927, 0.012500762939405437, 0.005924224853493026, 0.8580169677701645]",0,Normal-22.png
907800,0,78.45493670499022,0.8628195897758985,"[0.0036735534667828615, 0.006992340087863951, 0.007396697998018659, 0.02480316162099913, 0.06487655639623689, 0.03703308105454623, 0.013996124267524734, 0.0067138671874743885, 0.8345146179167384]",0,Normal-3488.png
957525,0,105.42708078522504,0.8615233202162831,"[0.004249572753890039, 0.00825881958004662, 0.007781982421845314, 0.024238586425688786, 0.05862808227516698, 0.038524627685399916, 0.01473236083978755, 0.007633209228486507, 0.8359527587858736]",0,Normal-1750.png
1051875,0,87.5845462328767,0.7807727305558899,"[0.004821777343731606, 0.010501861572225563, 0.010601043701131435, 0.03694152832017158, 0.09841156005821834, 0.0646591186520971, 0.021232604980387752, 0.011291503906206927, 0.741539001462015]",0,Normal-126.png
938910,0,128.5999877690802,0.8552547015575793,"[0.004146575927718557, 0.007980346679657057, 0.006790161132786597, 0.026268005370993545, 0.06663894653294891, 0.04198455810530859, 0.015018463134708334, 0.0072021484374725254, 0.8239707946745911]",0,Normal-289.png
1107465,0,154.07789567025443,0.7826114545949227,"[0.005371093749979511, 0.011943817138626312, 0.009094238281215307, 0.036293029785017805, 0.09640502929650724, 0.06792831420872525, 0.021732330322182723, 0.014106750488227437, 0.7371253967257037]",0,Normal-1159.png
199155,0,30.359367355675136,0.936358154616519,"[0.0024642944335843495, 0.004745483398419397, 0.0037918090820167854, 0.011596679687455761, 0.020652770996014966, 0.017990112304618874, 0.00910949707027775, 0.00519943237302704, 0.9244499206507704]",0,Normal-1435.png
564060,0,66.85591212084148,0.8760509958957403,"[0.0044097900390456775, 0.008373260498014934, 0.007667541503877001, 0.02222061157218086, 0.04446411132795538, 0.032497406005735405, 0.01549911499017525, 0.00878143310543525, 0.8560867309537655]",0,Normal-791.png
382245,0,50.65676981409,0.902523605249114,"[0.0034751892089711182, 0.007022857665988835, 0.0057487487792749455, 0.01652526855462446, 0.03235244750964221, 0.025157928466700903, 0.012714385986279624, 0.007061004638644939, 0.8899421691860583]",0,Normal-2395.png
907290,0,129.9879219667319,0.8739727089118663,"[0.003059387207019579, 0.0064086914062255525, 0.00545120239255733, 0.02240753173819577, 0.058403015136495956, 0.03711700439438966, 0.010292053222616988, 0.005474090576150993, 0.8513870239225334]",0,Normal-331.png
1217625,0,122.85945144324852,0.8479506408344635,"[0.004470825195295445, 0.008293151855437114, 0.00655746459958436, 0.025360107421778258, 0.07187652587863207, 0.042713165283040186, 0.013496398925729765, 0.006702423095677557, 0.8205299377410106]",0,Normal-485.png
2222835,0,348.09889845278866,0.7125107873738722,"[0.009403228759729754, 0.016887664794857454, 0.013492584228464154, 0.049289703368952595, 0.12430572509718206, 0.0821876525875771, 0.026840209960835113, 0.014602661132756795, 0.6629905700658303]",0,Normal-1015.png
1194165,0,225.3210501773483,0.9024627896200665,"[0.0031814575195191134, 0.006416320800756774, 0.0037155151367045764, 0.015354156494082054, 0.03777694702134027, 0.02791595458973726, 0.006946563720676625, 0.003967285156234866, 0.8947257995571337]",0,Normal-2838.png
733890,0,98.89182515900197,0.8538149548510292,"[0.0044097900390456775, 0.008296966552702725, 0.00757980346676796, 0.02639007568349308, 0.06477737426733102, 0.04195022582991809, 0.01594924926751728, 0.008689880371060601, 0.8219566345183489]",0,Normal-492.png
1571820,0,172.1189724498532,0.7969629874386438,"[0.007774353027314093, 0.013042449951122121, 0.011470794677690617, 0.03651428222642321, 0.08400344848600767, 0.05909347534157145, 0.022190093994055977, 0.012161254882766108, 0.753749847409234]",0,Normal-2866.png
2197845,0,391.1096998838063,0.7867610198984158,"[0.0077629089355172615, 0.014003753662055954, 0.009799957275353242, 0.038604736327977736, 0.09065246581996668, 0.0597305297849284, 0.018177032470633785, 0.010326385498007483, 0.7509422302217448]",0,Normal-2934.png
2369460,0,351.1819540423189,0.6503317357346085,"[0.010173797607383064, 0.019229888915942267, 0.016986846923763326, 0.06108093261695449, 0.15572738647401532, 0.09864425659142058, 0.03201293945300288, 0.01609039306634487, 0.5900535583473585]",0,Normal-694.png
1272195,0,183.5648773850293,0.8487305477988067,"[0.004909515380840647, 0.008735656738247926, 0.0071868896484100836, 0.026218414306540608, 0.06821060180638042, 0.04257583618147821, 0.01457214355463191, 0.007549285888643077, 0.8200416564910123]",0,Normal-1264.png
1036830,0,118.30205403008803,0.7835698380103497,"[0.004924774169903088, 0.010913848876911492, 0.009632110595666382, 0.03807830810532349, 0.10424804687460232, 0.06430053710912971, 0.02177810668937005, 0.01371002197260395, 0.7324142456026748]",0,Normal-2176.png
1005465,0,162.1249312010763,0.8400031243358038,"[0.004344940185530301, 0.008712768554654263, 0.006637573242162179, 0.025817871093651513, 0.07281494140597224, 0.05033493041972986, 0.01446914672846043, 0.007278442382784735, 0.8095893859832398]",0,Normal-878.png
1406580,0,89.5879212022994,0.8006210169374985,"[0.004425048828108119, 0.009006500244106267, 0.008483886718717637, 0.03253555297839151, 0.09791183471642337, 0.05350112915018653, 0.01661682128899911, 0.008903503417934786, 0.7686157226533179]",0,Normal-2169.png
771120,0,90.65581427348336,0.9389660621017404,"[0.0017547607421808061, 0.0034103393554557404, 0.0016784667968685971, 0.007392883300753049, 0.02930450439441946, 0.014663696289006562, 0.0030174255370978642, 0.0014762878417912434, 0.9373016357386119]",0,Normal-2048.png
1111035,1,200.5272061521526,0.8809339734572961,"[0.003627777099595536, 0.007568359374971129, 0.004520416259748381, 0.0189857482909432, 0.05118179321269538, 0.037609100341653406, 0.010208129882773559, 0.006076812744117444, 0.8602218627896873]",0,Normal-1524.png
350880,0,62.74110965019569,0.9142112643012645,"[0.0027198791503802496, 0.004516601562482771, 0.003925323486313151, 0.016143798828063417, 0.03510284423814734, 0.02946853637684071, 0.010520935058553615, 0.006172180175757705, 0.8914299011196463]",0,Normal-2733.png
1421115,0,136.93769110812133,0.863394895899564,"[0.004451751708967393, 0.008037567138641214, 0.008365631103483713, 0.026027679443260086, 0.05513763427713342, 0.03330230712877921, 0.011840820312454831, 0.00562667846677541, 0.84720993041669]",0,Normal-1479.png
1300245,0,182.31162090264183,0.8700737606918838,"[0.004085540771468789, 0.008514404296842519, 0.0056648254394315155, 0.021587371826089524, 0.05771636962868608, 0.03449630737291528, 0.01139831542964402, 0.006278991699194797, 0.8502578735319127]",0,Normal-1530.png
1335435,0,129.13117279231898,0.7924314907041825,"[0.004795074462872333, 0.009838104248009346, 0.009201049804652401, 0.03369522094713709, 0.096172332763305, 0.05963134765602252, 0.01873397827141291, 0.010742187499959022, 0.7571907043428147]",0,Normal-450.png
769590,0,99.43726302592952,0.8872704463301656,"[0.0033569335937371943, 0.006198883056616978, 0.00545120239255733, 0.018363952636648695, 0.04985046386699733, 0.032417297363157585, 0.010967254638630039, 0.005329132080057796, 0.8680648803677823]",0,Normal-836.png
1085280,0,130.92229926002932,0.86010436833664,"[0.0041580200195153886, 0.00775146484372043, 0.006309509277319681, 0.02172088623038589, 0.0628738403317914, 0.03948974609359936, 0.012619018554639361, 0.006519317626928256, 0.8385581970182855]",0,Normal-3055.png
521985,0,63.70596868884539,0.9079028153854527,"[0.0034713745117055076, 0.006237030029273082, 0.00571060180661884, 0.015815734863220916, 0.03197860717761238, 0.022346496581946006, 0.010280609130820158, 0.005775451660134218, 0.8983840942348542]",0,Normal-2969.png
2078250,0,310.26698568982385,0.5686349938945815,"[0.010787963867146347, 0.02239227294913333, 0.021232604980387752, 0.0748138427731521, 0.20037460327072001, 0.12780380248974685, 0.04207992553694885, 0.02571105957021442, 0.4748039245587356]",0,Normal-1407.png
787185,0,57.08691597358122,0.8900485377781869,"[0.0034980773925647806, 0.006156921386695263, 0.006595611572240465, 0.019729614257737237, 0.04417419433576899, 0.0286979675291874, 0.01132583618159742, 0.005661010742165904, 0.8741607665982278]",0,Normal-3189.png
676770,0,107.17674443493152,0.8613461737942572,"[0.003982543945297307, 0.007987976074188278, 0.007595062255830402, 0.024322509765532217, 0.06272125244116698, 0.039997100829925546, 0.015266418456973014, 0.00783538818356386, 0.8302917480437076]",0,Normal-1610.png
1416015,0,362.60286967954994,0.6565928449862537,"[0.010406494140585303, 0.02009963989250145, 0.0194244384764884, 0.06463623046850343, 0.14663696289006561, 0.10393142700155665, 0.038547515868993576, 0.02496337890615477, 0.571353912351336]",0,Normal-2020.png
1280610,0,225.5407442514677,0.8668722214799415,"[0.003978729248031697, 0.007785797119110924, 0.006092071533179886, 0.022792816162022427, 0.05609893798806725, 0.03456497192369627, 0.010707855224568527, 0.005260467529276808, 0.8527183532682315]",0,Normal-493.png
2296275,0,556.5113709332192,0.7246243108567898,"[0.009746551513634695, 0.01985549926750238, 0.014167785644477203, 0.04844665527325269, 0.09902572631798162, 0.07726669311493962, 0.0290985107420765, 0.018249511718680382, 0.6841430664036402]",0,Normal-1599.png
609450,0,91.41205204256362,0.8804607298879199,"[0.003414154052721351, 0.006149291992164042, 0.006423950195287994, 0.020935058593670137, 0.052383422851362674, 0.03329086303698238, 0.01286315917963843, 0.006011962890602066, 0.8585281372037562]",0,Normal-2023.png
622200,0,149.3587825648239,0.8684485718607353,"[0.004161834716780999, 0.008453369140592753, 0.006587982177709244, 0.024234771728423175, 0.055049896240024376, 0.04305267333967951, 0.015884399414001906, 0.010494232177694343, 0.832080841061279]",0,Normal-445.png
774180,0,110.70788741438352,0.8704962010747793,"[0.0035400390624864956, 0.006095886230445496, 0.007110595703097875, 0.022800445556553646, 0.05456924438455746, 0.03350830078112217, 0.011383056640581576, 0.00570297241208762, 0.8552894592252529]",0,Normal-992.png
1095990,0,136.85377553204498,0.8763515255564118,"[0.0032501220703001015, 0.006320953369116512, 0.004371643066389573, 0.020133972167891943, 0.06004714965797406, 0.03263092041003177, 0.009437561035120248, 0.0043411254882646895, 0.8594665527310964]",0,Normal-2040.png
352920,0,65.96793205724069,0.8946274788238024,"[0.002883911132801499, 0.0053596496581826795, 0.005744934082009334, 0.01900100708000564, 0.045776367187325376, 0.031425476074098874, 0.011051177978473468, 0.0054092407226356155, 0.8733482360806528]",0,Normal-810.png
344760,0,58.85413863747553,0.8800851346281727,"[0.0038642883300633838, 0.008018493652313162, 0.006835937499973923, 0.02146530151358999, 0.04071807861312592, 0.03385162353502712, 0.0157737731932992, 0.008918762206997227, 0.8605537414517953]",0,Normal-2313.png
2236860,0,339.46784032534237,0.7021689579558112,"[0.008556365966764234, 0.01624298095696929, 0.012077331542922677, 0.05011367797832446, 0.13719177246041414, 0.09529113769494899, 0.028038024902236794, 0.015567779540956238, 0.6369209289526484]",0,Normal-1297.png
2652000,0,346.2612906678081,0.630511796512877,"[0.010124206542930128, 0.019718170165940404, 0.017063140869075535, 0.06220626831030957, 0.17316055297785507, 0.10172653198203381, 0.03383255004869906, 0.0166854858397801, 0.5654830932595616]",0,Normal-1865.png
747660,0,135.4716701320939,0.8652565475899459,"[0.003379821777330857, 0.007255554199191072, 0.006858825683567585, 0.02375030517569065, 0.05247497558573732, 0.03855133056625919, 0.014682769775334614, 0.006942749023411015, 0.846103668209663]",0,Normal-1973.png
1068705,0,72.94876391267124,0.8158181989705793,"[0.004081726074203179, 0.008216857910124905, 0.008029937744109993, 0.029521942138559257, 0.09045410156215494, 0.05307006835917255, 0.015132904052676647, 0.008670806884732549, 0.7828216552704512]",0,Normal-253.png
585990,0,88.50967007093934,0.9399936234604735,"[0.0019531249999925494, 0.0035285949706896644, 0.002620697021474378, 0.011344909667925472, 0.027618408203019643, 0.016532897949155682, 0.005062103271465064, 0.0024490356445219076, 0.9288902282679409]",0,Normal-149.png
1303815,0,198.2975171232877,0.8815572345522237,"[0.004333496093733469, 0.007888793945282406, 0.006084442138648664, 0.021514892578042927, 0.04468154907209518, 0.0313644409178491, 0.012062072753860236, 0.006530761718725087, 0.8655395507779482]",0,Normal-916.png
857055,0,102.72738808708411,0.8873467485929705,"[0.0036697387695172508, 0.006488800048803372, 0.005424499511698057, 0.01888656616203733, 0.04778289794903647, 0.03083801269519486, 0.011959075927688755, 0.006172180175757705, 0.8687782287564515]",0,Normal-2278.png
972825,0,65.79643545132095,0.7944928668409689,"[0.004344940185530301, 0.009063720703090425, 0.008567810058561066, 0.03323364257799822, 0.10311889648398163, 0.06022644042945775, 0.017837524413994454, 0.010536193847616056, 0.7530708312959553]",0,Normal-2563.png
1000620,0,168.72577131237762,0.8488578672451476,"[0.0038452148437353316, 0.008010864257781941, 0.006805419921849039, 0.02470779418935887, 0.0699882507321549, 0.04549789428693581, 0.01430130004877357, 0.007461547851534037, 0.8193817138640618]",0,Normal-2743.png
728790,0,120.16611500122303,0.8614864206221714,"[0.0034790039062367285, 0.007560729980439908, 0.006282806396460408, 0.02265548706046045, 0.062480926513433524, 0.040344238281096095, 0.013183593749949709, 0.006603240966771685, 0.8374099731413368]",0,Normal-3109.png
1051365,0,146.19971563111545,0.8368728673621537,"[0.004730224609356955, 0.008995056152309437, 0.007320404052706449, 0.026611328124898484, 0.07292938232394054, 0.04920959472637478, 0.016326904296812716, 0.008659362792935717, 0.8052177429168502]",0,Normal-1427.png
774690,0,142.29293817270053,0.8572941536399277,"[0.004432678222639341, 0.008377075195280543, 0.007003784179660783, 0.02587890624990128, 0.06265640258765161, 0.0435943603513962, 0.015167236328067142, 0.008586883544889118, 0.8243026733366993]",0,Normal-1390.png
1136535,0,143.91528176981404,0.8345463793143817,"[0.004577636718732537, 0.009475708007776354, 0.007698059082001884, 0.029186248779185537, 0.07397460937471781, 0.049003601074031816, 0.016101837158141702, 0.009010314941371878, 0.8009719848602258]",0,Normal-97.png
1781940,0,229.87868456457926,0.8454324881768309,"[0.005435943603494888, 0.009769439697228358, 0.007453918457002815, 0.03038787841785283, 0.07212448120089673, 0.043140411376788555, 0.013263702392527528, 0.007144927978488369, 0.8112792968719051]",0,Normal-569.png
1032750,0,102.0330464163405,0.790013906570913,"[0.004440307617170561, 0.009605407714807107, 0.009086608886684087, 0.035129547119006614, 0.10087203979453707, 0.06385040283178768, 0.019821166992111887, 0.01183700561518922, 0.7453575134248911]",0,Normal-882.png
1235475,0,198.17919444104695,0.8781473764659368,"[0.004489898681623497, 0.008117675781219033, 0.005481719970682214, 0.021640777587808073, 0.05084609985332166, 0.036846160888531314, 0.011066436767535909, 0.007335662841768891, 0.8541755676236947]",0,Normal-146.png
450330,0,52.06504556017613,0.8677116034890199,"[0.0046806335449040195, 0.008701324462857431, 0.008148193359343917, 0.024120330810454862, 0.044589996337720525, 0.03347778320299729, 0.017166137695247014, 0.009670257568322486, 0.8494453430143377]",0,Normal-2138.png
1284690,0,140.26512047455967,0.8465806440985721,"[0.005401611328104394, 0.009433746337854638, 0.00842285156246787, 0.027565002441301098, 0.05669784545876809, 0.04111862182601502, 0.015846252441345802, 0.008354187011686881, 0.8271598815886415]",0,Normal-3002.png
1288005,0,148.82821673189824,0.8495441054438015,"[0.004783630371075502, 0.00842285156246787, 0.00664138793942779, 0.023567199706941346, 0.0664863586423245, 0.04167938232405975, 0.013172149658152877, 0.006095886230445496, 0.8291511535612901]",0,Normal-2576.png
1167645,0,212.6551262842466,0.8852901046077297,"[0.004051208496078295, 0.0074577331542684255, 0.0062217712402106405, 0.02182006835929176, 0.0438880920408482, 0.03200149536120605, 0.011199951171832275, 0.00570678710935323, 0.8676528930630963]",0,Normal-585.png
1058250,0,152.85598091976516,0.8408623683899976,"[0.004848480224590879, 0.008872985839809902, 0.009048461914027982, 0.02903366088856112, 0.0642242431638175, 0.0447998046873291, 0.017189025878840677, 0.008529663085904962, 0.8134536743133032]",0,Normal-2889.png
821610,0,109.19337848581213,0.8676383797439408,"[0.004219055175765155, 0.006927490234348573, 0.006759643554661714, 0.023784637451081142, 0.05920410156227415, 0.037902832031105414, 0.013576507568307585, 0.006229400634741862, 0.8413963317838997]",0,Normal-1924.png
1136535,0,95.1348535347358,0.7450838965035379,"[0.0050697326659962854, 0.011901855468704597, 0.011169433593707392, 0.04129791259749871, 0.11532974243120067, 0.07684707641572247, 0.024608612060453, 0.013050079345653342, 0.7007255554172488]",0,Normal-1440.png
990675,0,108.65915484344424,0.9076636718469071,"[0.003704071044907745, 0.006286621093726018, 0.005886077880836922, 0.017768859863213467, 0.03575897216783234, 0.02386093139639335, 0.008647918701138886, 0.004974365234356024, 0.8931121826137806]",0,Normal-488.png
1013370,0,142.41486133194712,0.8485413113399363,"[0.005435943603494888, 0.008850097656216239, 0.007209777832003747, 0.024623870849515443, 0.06888961791965909, 0.04223632812483888, 0.013736724853463222, 0.007934570312469733, 0.8210830688445241]",0,Normal-2263.png
1081455,0,130.25278253424653,0.8119585323675583,"[0.004898071289043815, 0.010223388671836, 0.008247375488249789, 0.03064727783191434, 0.08530426025358084, 0.056926727294704715, 0.01845932006828896, 0.00911712646480897, 0.7761764526337579]",0,Normal-1357.png
372555,0,74.03465936888455,0.9093656855530841,"[0.003028869628894696, 0.005577087402322475, 0.006324768066382123, 0.015895843505798736, 0.03200531005847166, 0.022949218749912455, 0.009693145751916148, 0.005001068115215297, 0.8995246887172716]",0,Normal-2882.png
931005,0,111.86350293542073,0.8716415705419128,"[0.004161834716780999, 0.007297515869112787, 0.006011962890602066, 0.022117614746009377, 0.060955047607189346, 0.03748703002915387, 0.01251983642573349, 0.006343841552710175, 0.8431053161588932]",0,Normal-1877.png
2281485,0,340.56991117294524,0.6397182250238252,"[0.00910186767574653, 0.019096374511645902, 0.015522003173768912, 0.06051635742164415, 0.16308593749937786, 0.10871505737263215, 0.03291702270495256, 0.02033996582023491, 0.5707054138161823]",0,Normal-2098.png
1126335,0,163.2853091364971,0.8301360511813419,"[0.004859924316387711, 0.009056091308559203, 0.007553100585908687, 0.02689743041981927, 0.0808715820309415, 0.051898956298630144, 0.015903472900329958, 0.00808715820309415, 0.7948722839325146]",0,Normal-2551.png
2330700,0,325.47118089530306,0.7677616027771376,"[0.008220672607390515, 0.014118194580024269, 0.010841369628864892, 0.037502288818216316, 0.09419631957971879, 0.05838775634743352, 0.020751953124920838, 0.011196136474566664, 0.7447853088350495]",0,Normal-3057.png
628830,0,82.66353504158512,0.9403475813823697,"[0.0023193359374911525, 0.0044288635253737305, 0.0032043457031127763, 0.011272430419878873, 0.01974487304679968, 0.016033172607360712, 0.006118774414039158, 0.0034713745117055076, 0.9334068298304237]",0,Normal-863.png
914685,0,189.82903849681998,0.8435536831441457,"[0.004692077636700851, 0.008884429931606734, 0.006912231445286131, 0.02577972412099541, 0.0685310363766917, 0.04895019531231327, 0.01499557495111467, 0.009422302246057807, 0.8118324279754187]",0,Normal-3048.png
1142400,0,215.9239466120352,0.8440577974321968,"[0.005939483642555468, 0.010757446289021463, 0.008529663085904962, 0.02646636962880529, 0.055259704589632946, 0.04561996459943535, 0.016891479492123062, 0.011196136474566664, 0.81933975219414]",0,Normal-837.png
1212525,0,176.65766420009783,0.8383632270469696,"[0.0041885375976402715, 0.008937835693325279, 0.005973815917945962, 0.025741577148339304, 0.07726287841767401, 0.043197631835772715, 0.013820648193306653, 0.006961822509739067, 0.813915252682442]",0,Normal-542.png
2499510,0,401.6316734955969,0.7044431978403352,"[0.009380340576136091, 0.017047882080013094, 0.013378143310495841, 0.0499458312986376, 0.134284973144019, 0.07929611206024438, 0.026393890380758688, 0.013675689697213457, 0.6565971374486671]",0,Normal-1273.png
1270410,0,151.78303877201566,0.8352532828154113,"[0.005859374999977648, 0.010906219482380271, 0.008399963378874206, 0.028381347656141732, 0.07328414916964232, 0.047359466552553714, 0.017906188964775444, 0.009574890136682224, 0.7983283996551577]",0,Normal-256.png
2124405,0,288.5433394997554,0.567335122326839,"[0.010375976562460419, 0.022174835204993533, 0.02196502685538496, 0.07486343383760505, 0.19249343871996882, 0.1286239624018531, 0.043296813964678584, 0.024208068847563904, 0.48199844360167693]",0,Normal-1352.png
1215330,0,94.1465149522994,0.7840853625806538,"[0.004573822021466927, 0.010536193847616056, 0.009464263915979522, 0.034862518310413884, 0.10571289062459674, 0.06215286254859103, 0.02051162719718738, 0.011352539062456693, 0.740833282467877]",0,Normal-3412.png
1173000,0,88.71557760518591,0.8606269646492501,"[0.004390716552717625, 0.008251190185515398, 0.00791168212887607, 0.024665832519437155, 0.05580902099588085, 0.034027099609245194, 0.014625549316350458, 0.007297515869112787, 0.8430213928190498]",0,Normal-1161.png
521985,0,58.67256298923678,0.9101998547388953,"[0.002914428710926382, 0.00528335571287047, 0.005386352539041952, 0.016452789306577863, 0.03675079345689106, 0.02247238159171115, 0.009201049804652401, 0.004711151123028903, 0.8968276977504851]",0,Normal-1687.png
585225,0,81.3308005136986,0.9052085032178854,"[0.002834320068348563, 0.005233764648417534, 0.004360198974592742, 0.016502380371030797, 0.045322418212717736, 0.029850006103401754, 0.009464263915979522, 0.004653930664044747, 0.8817787170376519]",0,Normal-322.png
871845,0,104.97220905699605,0.8809375468526025,"[0.0041580200195153886, 0.007427215576143543, 0.006107330322242327, 0.02053070068351543, 0.05175781249980256, 0.033760070800652464, 0.011627197265580645, 0.006160736083960874, 0.858470916744772]",0,Normal-1711.png
1831920,0,265.94436842588067,0.7274533916423163,"[0.008926391601528449, 0.01718521118157507, 0.01430892944330479, 0.05119323730449221, 0.1066856384273274, 0.08520507812467497, 0.03004074096668228, 0.01932144165031692, 0.6671333312962832]",0,Normal-1118.png
2279190,0,271.68909766389424,0.6886591104003981,"[0.007904052734344849, 0.015708923339783826, 0.013141632080027993, 0.051921844482223804, 0.14355087280218676, 0.09003067016567218, 0.026943206787006593, 0.013298034667918021, 0.6375007629370212]",0,Normal-2479.png
210885,0,31.259631849315067,0.9276334078435952,"[0.002658843994130482, 0.005176544189433378, 0.0043754577636551835, 0.01345062255854244, 0.023853302001862132, 0.020298004150313194, 0.010257720947226495, 0.0061035156249767165, 0.9138259887660453]",0,Normal-381.png
1281120,0,207.73709637964777,0.7630161562984517,"[0.007625579833955285, 0.013515472412057817, 0.011463165283159396, 0.04190063476546516, 0.1026344299312491, 0.07714080810517449, 0.02698898315419392, 0.015621185302674784, 0.7031097412082553]",0,Normal-880.png
1905615,0,298.9892253241193,0.6794169659410457,"[0.009262084960902167, 0.017589569091729776, 0.014312744140570401, 0.05677795410134591, 0.14835739135685594, 0.0964241027828353, 0.03199386596667483, 0.018604278564382154, 0.6066780090308889]",0,Normal-759.png
759900,0,121.92706931873775,0.8757687310862022,"[0.004009246826156581, 0.006965637207004678, 0.006599426269506075, 0.021327972412028013, 0.05405807495096566, 0.03543472290025545, 0.012504577636671049, 0.007358551025362555, 0.8517417907682352]",0,Normal-2168.png
1342830,0,219.65027596012723,0.8360192320276397,"[0.005100250244121169, 0.009685516357384927, 0.007293701171847177, 0.026138305663962788, 0.0670356750485724, 0.045532226562326306, 0.015110015869082984, 0.008190155029265633, 0.8159141540496219]",0,Normal-2814.png
912390,0,96.72618792808218,0.8829653831453729,"[0.0037193298339701867, 0.007110595703097875, 0.006431579589819215, 0.021347045898356065, 0.05321502685526575, 0.032226562499877064, 0.011535644531205995, 0.006500244140600203, 0.8579139709439929]",0,Normal-2293.png
1030965,0,158.36720278864968,0.8377792890269071,"[0.004367828369123963, 0.008857727050747461, 0.007484436035127699, 0.025417327880762414, 0.07176208496066375, 0.04955673217754533, 0.014953613281192955, 0.008403778076139817, 0.8091964721648819]",0,Normal-2765.png
1215585,1,126.98898452788646,0.8228906551868886,"[0.004135131835921725, 0.009212493896449231, 0.006912231445286131, 0.025390624999903143, 0.08157730102507943, 0.05492019653299362, 0.015110015869082984, 0.009529113769494899, 0.7932128906219741]",0,Normal-3091.png
644130,0,86.52144233121331,0.952821080249481,"[0.0023117065429599315, 0.004077911376937569, 0.0027389526367083018, 0.00988006591793106, 0.016464233398374693, 0.013385772705027062, 0.005058288574199454, 0.0035896301269394315, 0.9424934387171078]",0,Normal-1853.png
760920,0,68.5507659613503,0.9114823219845682,"[0.002693176269520976, 0.0047492980956850075, 0.004299163818342975, 0.014236450195258191, 0.040695190429532256, 0.02386474609365896, 0.008575439453092287, 0.0037307739257670183, 0.8971557617153276]",0,Normal-1770.png
1279845,0,98.3609573752446,0.8633800412128553,"[0.004234313964827597, 0.007350921630831333, 0.007125854492160317, 0.024906158447170614, 0.05570983886697498, 0.034164428710807174, 0.012828826904247937, 0.00604629516599256, 0.8476333618131727]",0,Normal-51.png
1487670,0,201.48703522504897,0.8015171498980361,"[0.005836486816383986, 0.011386871337847188, 0.008346557617155661, 0.03107452392566271, 0.09027099609340564, 0.058082580566184684, 0.016887664794857454, 0.010185241699179896, 0.7679290771455081]",0,Normal-2853.png
945030,0,111.00013377568496,0.8757240285458084,"[0.004730224609356955, 0.007297515869112787, 0.007015228271457613, 0.021400451660074614, 0.05476379394510359, 0.032398223876829536, 0.012138366699172445, 0.0062561035156011345, 0.8540000915494766]",0,Normal-2590.png
823395,0,190.59821046355188,0.8901613538501013,"[0.0037918090820167854, 0.008720397949185483, 0.004711151123028903, 0.01933670043937936, 0.04043579101547075, 0.038032531738136165, 0.01388549804682203, 0.01190948486323582, 0.85917663573891]",0,Normal-135.png
1449420,0,168.37707161203525,0.7524083109759703,"[0.00612640380857038, 0.012657165527295466, 0.009834289550743735, 0.03934860229477177, 0.1224594116206266, 0.07330703735323597, 0.022724151611241437, 0.012371063232374684, 0.7011718749973253]",0,Normal-3021.png
860115,0,95.31015319227005,0.7857126475125914,"[0.004405975341780067, 0.010486602783163122, 0.009571075439416614, 0.03696823120103085, 0.10284805297812329, 0.06398773193334965, 0.022159576415931092, 0.01184463500972044, 0.7377281188936702]",0,Normal-56.png
1061055,0,148.88713918786695,0.896391703966084,"[0.003807067871079227, 0.006278991699194797, 0.005043029785137012, 0.01746368408196463, 0.041076660156093306, 0.027111053466693454, 0.009174346923793127, 0.0049858093261528555, 0.8850593566860768]",0,Normal-2223.png
980985,0,149.49116698263205,0.8415512406917632,"[0.00400161743162536, 0.008220672607390515, 0.0067977905273178185, 0.025466918945215352, 0.06653213500951183, 0.04674911499005604, 0.014122009277289878, 0.007705688476533105, 0.8204040527312454]",0,Normal-2727.png
782850,0,118.58503546966729,0.8587940902393041,"[0.0037117004394389658, 0.0071182250976290955, 0.006156921386695263, 0.02305221557608394, 0.060176849365004816, 0.04261398315413432, 0.013469696044870492, 0.006607055664037296, 0.837093353268291]",0,Normal-2371.png
1460385,0,259.42499388454013,0.7447239712173114,"[0.007587432861299181, 0.015312194824160338, 0.012744903564404506, 0.0491447448728594, 0.10373306274374491, 0.08208465576140563, 0.029685974120980507, 0.01950073242180061, 0.6802062988255302]",0,Normal-247.png
997305,0,86.80130870841487,0.8799722924619121,"[0.0036163330077987046, 0.006633758544896569, 0.006404876708959942, 0.02050018310539055, 0.054534912109166965, 0.030372619628790388, 0.011466979980425007, 0.0056648254394315155, 0.8608055114713257]",0,Normal-1130.png
1107210,0,193.62707543419765,0.8254685782470539,"[0.006805419921849039, 0.012149810790969277, 0.010608673095662656, 0.030506134033086753, 0.06285095214819775, 0.04638290405255744, 0.0202636718749227, 0.012962341308544302, 0.7974700927703954]",0,Normal-929.png
1745220,0,316.92930146159483,0.7664073643128869,"[0.007122039794894707, 0.014183044433539646, 0.011852264404251661, 0.0421333312986674, 0.10841369628864893, 0.07119369506808779, 0.02325439453116129, 0.014144897460883541, 0.7077026367160503]",0,Normal-1009.png
807840,0,127.83230644569468,0.8603152427638674,"[0.004295349121077365, 0.007873535156219965, 0.00689697265622369, 0.024555206298734453, 0.06121063232398525, 0.042896270751789485, 0.014236450195258191, 0.007854461669891913, 0.830181121823005]",0,Normal-739.png
659685,0,76.21590631115461,0.8935513708142935,"[0.003185272216784724, 0.005496978759744656, 0.00612640380857038, 0.018508911132741893, 0.04420852661115948, 0.02631759643544648, 0.010280609130820158, 0.005077362060527506, 0.88079833984039]",0,Normal-2695.png
1232925,0,168.93933846012715,0.8450848609054984,"[0.004505157470685939, 0.008037567138641214, 0.006008148193336456, 0.028591156005750306, 0.07222366332980261, 0.04449462890608027, 0.012451171874952502, 0.007495880126924531, 0.8161926269500115]",0,Normal-417.png
467925,0,92.01737555039139,0.9036217295327018,"[0.003013610839832254, 0.00519943237302704, 0.004978179931621635, 0.016555786132749346, 0.040294647216643165, 0.027713775634659904, 0.010150909423789403, 0.0053253173827921855, 0.8867683410610704]",0,Normal-2744.png
1172745,0,150.45955387720156,0.8354679197376054,"[0.004539489746076433, 0.009170532226527518, 0.007183074951144473, 0.027210235595599326, 0.07555007934541492, 0.04721832275372612, 0.014530181884710197, 0.007942199707000953, 0.8066558837859853]",0,Normal-390.png
1379040,1,213.68681583292567,0.8320379193619836,"[0.004295349121077365, 0.008613586425748391, 0.005867004394508869, 0.026947021484272204, 0.07659530639619218, 0.04818344116192557, 0.013835906982369094, 0.006595611572240465, 0.8090667724578511]",0,Normal-155.png
889695,0,183.53404400073381,0.8430553310999032,"[0.004138946533187336, 0.008819580078091355, 0.007720947265595547, 0.02581024169912029, 0.07099914550754166, 0.04882049560528251, 0.016170501708922688, 0.00937271118160487, 0.808147430416839]",0,Normal-870.png
1274490,0,186.76062561154592,0.8088927558405804,"[0.005733489990212504, 0.011116027831988845, 0.009227752685511674, 0.03254699707018834, 0.08340454101530684, 0.05551910400369446, 0.019199371337817385, 0.010002136230430595, 0.7732505798310346]",0,Normal-773.png
794580,0,87.78196856653622,0.8977529029578928,"[0.003177642822253503, 0.005157470703105326, 0.004661560058575967, 0.01590728759759557, 0.04243087768538501, 0.028488159179578827, 0.009834289550743735, 0.004100799560531231, 0.8862419128384161]",0,Normal-2207.png
2015520,0,245.69424993884545,0.6994906871955057,"[0.00827026367184345, 0.016761779785092308, 0.013553619384713922, 0.052036285400192124, 0.13510131835885963, 0.08893203735317637, 0.02988433837879225, 0.015968322753845337, 0.6394920349096699]",0,Normal-1378.png
1671015,0,307.81989206213296,0.6693008476758857,"[0.009490966796838795, 0.018592834472585324, 0.01797866821282204, 0.061046600341564, 0.14412307739202834, 0.1005134582515697, 0.03501892089830391, 0.02094650268546697, 0.5922889709450062]",0,Normal-1769.png
786420,0,123.32084760273976,0.8723915769582873,"[0.003440856933580624, 0.006881713867161248, 0.006671905517552673, 0.022418975829992603, 0.05422973632791813, 0.03592300415025359, 0.013347625732370957, 0.006835937499973923, 0.8502502441373815]",0,Normal-3005.png
888420,0,101.04517031555771,0.8964522777960774,"[0.004489898681623497, 0.007259368896456683, 0.005718231201150062, 0.017189025878840677, 0.03741073608384166, 0.026367187499899417, 0.01174926757808018, 0.006462097167944099, 0.883354187008349]",0,Normal-3305.png
1023060,0,145.40712145303328,0.8357725675517215,"[0.004657745361310357, 0.008190155029265633, 0.00868606567379499, 0.029697418212777337, 0.0740852355954205, 0.0481224060056758, 0.017059326171809924, 0.00851058959957691, 0.8009910583465538]",0,Normal-421.png
872100,0,135.56107433341484,0.9231813876998475,"[0.0027389526367083018, 0.004890441894512594, 0.0035781860351426003, 0.013477325439401713, 0.03277206420885936, 0.019889831542892877, 0.006248474121069914, 0.003177642822253503, 0.9132270812953445]",0,Normal-1489.png
1522860,0,126.58592985567513,0.7238029854512037,"[0.00629806518552285, 0.013431549072214386, 0.012588500976514478, 0.04710388183575781, 0.12718582153271796, 0.08154678344695454, 0.028068542480361676, 0.014797210693302927, 0.6689796447728387]",0,Normal-2498.png
1067175,0,166.21327284124263,0.8315284596019445,"[0.005081176757793117, 0.009559631347619783, 0.00791549682614168, 0.029766082763558327, 0.07362365722628164, 0.048305511474425106, 0.016712188720639374, 0.008769989013638419, 0.8002662658660878]",0,Normal-1928.png
1538670,0,183.49108289505867,0.7723291091395873,"[0.0070838928222386015, 0.014369964599554558, 0.011962890624954365, 0.03985595703109796, 0.08916854858364422, 0.06848907470676999, 0.025482177734277793, 0.016117095947204143, 0.7274703979464436]",0,Normal-3169.png
999090,0,116.95092343444225,0.8540342752312563,"[0.0035972595214706525, 0.007740020751923599, 0.006443023681616047, 0.022956848144443674, 0.06749343872044565, 0.0425338745115565, 0.013431549072214386, 0.00647354125974093, 0.8293304443327738]",0,Normal-2477.png
1004700,0,118.49624281433461,0.8801001523645282,"[0.004150390624984167, 0.007080078124972991, 0.005466461181619772, 0.02016448974601683, 0.05485153198221263, 0.032234191894408286, 0.011817932128861168, 0.005973815917945962, 0.8582611083951635]",0,Normal-3180.png
1452735,0,130.44899706457923,0.7597467173496946,"[0.004978179931621635, 0.011459350585893785, 0.011203765869097885, 0.04215240478499545, 0.11493301391557718, 0.06879043579075321, 0.022808074951084868, 0.013153076171824825, 0.7105216979953364]",0,Normal-2335.png
735420,0,109.44760579745596,0.9296605271559889,"[0.002529144287099727, 0.004699707031232072, 0.0028228759765517317, 0.01226425170893759, 0.0329704284666711, 0.020977020263591852, 0.006160736083960874, 0.0033988952636589092, 0.9141769409144814]",0,Normal-3454.png
676260,0,92.37968597113503,0.8710184095964765,"[0.0035209655761584435, 0.006515502929662645, 0.00646972656247532, 0.02276229858389754, 0.059230804443133424, 0.03644561767564222, 0.013324737548777294, 0.006038665771461339, 0.845691680904977]",0,Normal-1532.png
634440,0,111.35281616927593,0.886522625232942,"[0.0031127929687381254, 0.00561523437497858, 0.005081176757793117, 0.018371582031179917, 0.04923248290996844, 0.036746978759625445, 0.010368347167929198, 0.005493164062479045, 0.8659782409634934]",0,Normal-2361.png
628065,0,96.91272474315069,0.9184357809554548,"[0.0022697448730382166, 0.004150390624984167, 0.0043106079101398066, 0.015167236328067142, 0.03372192382799636, 0.02171325683585467, 0.007167816162082031, 0.003089904785144463, 0.9084091186488784]",0,Normal-363.png
915450,0,124.91848856409,0.8744896067298054,"[0.004299163818342975, 0.0072364807128630195, 0.00655364990231875, 0.021484374999918045, 0.05614089965798896, 0.03449630737291528, 0.012454986572218113, 0.006401062011694332, 0.8509330749479258]",0,Normal-1176.png
997560,0,100.72034001956945,0.873695677920946,"[0.0039710998535004765, 0.006671905517552673, 0.006347656249975786, 0.021923065185463244, 0.05833053588844936, 0.03414916992174473, 0.011981964111282417, 0.006378173828100669, 0.850246429440116]",0,Normal-2454.png
1095990,0,146.26341196795497,0.8361076463840947,"[0.004947662353496751, 0.009353637695276818, 0.008441925048795922, 0.02761077880848842, 0.07232284545870848, 0.045181274413890145, 0.015525817871034523, 0.008049011230438045, 0.8085670471160562]",0,Normal-1124.png
906525,0,127.32090111301363,0.863053248751434,"[0.0039024353027194885, 0.008129119873015865, 0.007232666015597409, 0.025321960449122154, 0.05736160278298431, 0.03676223754868789, 0.014152526855414762, 0.0078124999999701975, 0.8393249511686732]",0,Normal-931.png
1314780,0,178.3028566841976,0.840066987738889,"[0.0059165954589618045, 0.010498046874959952, 0.006687164306615115, 0.025577545165918054, 0.0719604492184755, 0.04855728149395539, 0.015518188476503303, 0.008857727050747461, 0.8064270019500487]",0,Normal-3423.png
783360,0,115.33560879403132,0.8742007964371733,"[0.0035667419433457687, 0.006015777587867676, 0.006698608398411947, 0.021305084228434353, 0.05248641967753415, 0.034114837646354236, 0.012111663818313172, 0.00528335571287047, 0.8584175109830535]",0,Normal-908.png
846855,0,75.22804549902152,0.8801907183178302,"[0.0034980773925647806, 0.007034301757785666, 0.006656646728490232, 0.02172851562491711, 0.04941177368145213, 0.031288146972536894, 0.012073516845657068, 0.006263732910132356, 0.862045288082649]",0,Normal-2958.png
2067540,0,364.31277901785717,0.7918428014374396,"[0.007091522216769823, 0.01329421997065241, 0.00859832763668595, 0.036258697509627305, 0.09150695800746343, 0.05789566040016977, 0.0177078247069637, 0.010692596435506086, 0.7569541931123468]",0,Normal-3462.png
979710,0,141.1907488380626,0.8491530095774725,"[0.0031280517578005673, 0.007503509521455751, 0.00604629516599256, 0.02595520019521349, 0.07123565673800951, 0.04675292968732165, 0.013465881347604881, 0.008289337158171503, 0.8176231384246153]",0,Normal-2239.png
1088595,0,150.55074685053813,0.8281874695981156,"[0.004203796386702713, 0.008689880371060601, 0.007617950439424065, 0.029903411865120303, 0.0803260803219592, 0.05030441284160498, 0.014835357665959031, 0.008312225341765166, 0.7958068847625892]",0,Normal-2628.png
1617465,0,177.16202146526416,0.8219831142565232,"[0.006328582763647733, 0.01174926757808018, 0.009349822998011207, 0.029487609863168764, 0.06570434570287435, 0.046611785888494066, 0.017326354980402654, 0.010231018066367222, 0.8032112121551391]",0,Normal-711.png
853485,0,93.97102800880627,0.9051514807413374,"[0.003227233886706439, 0.00579071044919666, 0.00502395629880896, 0.015087127685489322, 0.0343933105467438, 0.024040222167877042, 0.008960723876918942, 0.004806518554669165, 0.898670196529775]",0,Normal-79.png
1313760,1,149.8671110567515,0.7630827188190775,"[0.005718231201150062, 0.011848449706986052, 0.010448455810507016, 0.03847503662094698, 0.11209869384722862, 0.06770706176731985, 0.021591186523355135, 0.01174163818354896, 0.7203712463351426]",0,Normal-3029.png
1125570,0,186.6558448507827,0.8204497767563055,"[0.00493621826169992, 0.009410858154260975, 0.008838653564419407, 0.029842376708870536, 0.07398986816378025, 0.05066299438457236, 0.01667404174798327, 0.007968902587860226, 0.7976760864227384]",0,Normal-3437.png
1818150,0,279.4091204439824,0.7289566786330015,"[0.007560729980439908, 0.0157737731932992, 0.012447357177686892, 0.04944610595684263, 0.12128829956008419, 0.08056640624969266, 0.027103424072162232, 0.016391754150328095, 0.6694221496556495]",0,Normal-2423.png
415905,0,85.88749464897259,0.9299209895933821,"[0.0017433166503839747, 0.004829406738262827, 0.00272750854491147, 0.012329101562452968, 0.02680206298817901, 0.0256309509276366, 0.008274078369109062, 0.004806518554669165, 0.9128570556605802]",0,Normal-1709.png
1166880,0,111.55847144080234,0.8450442462627243,"[0.004150390624984167, 0.007965087890594615, 0.006549835205053139, 0.02562332153310538, 0.07355499267550066, 0.043651580810380355, 0.01303100585932529, 0.0073051452636440075, 0.8181686401335977]",0,Normal-2295.png
943755,0,137.28337130014677,0.8386986876966411,"[0.00562667846677541, 0.009090423583949698, 0.009380340576136091, 0.02944946289051266, 0.06861495971653513, 0.045021057128734505, 0.017055511474544312, 0.009498596191370015, 0.8062629699676275]",0,Normal-1861.png
1648320,0,214.53323370229936,0.8149986433488419,"[0.006435394287084826, 0.012088775634719509, 0.007564544677705519, 0.032283782958861224, 0.08396148681608596, 0.055233001708773675, 0.018360137939383087, 0.01115798950191056, 0.772914886471661]",0,Normal-1213.png
969000,0,98.5411608671722,0.7565866514796369,"[0.0047645568847474494, 0.011192321777301055, 0.010700225830037307, 0.03993988037094139, 0.11523818969682602, 0.07665252685517635, 0.023460388183504256, 0.013572692871041974, 0.7044792175266095]",0,Normal-3461.png
1304835,0,199.39730231775923,0.8043931609024572,"[0.005096435546855558, 0.010444641113241407, 0.008453369140592753, 0.03346633911120046, 0.09085464477504404, 0.055637359618928385, 0.01837921142571114, 0.008937835693325279, 0.7687301635712862]",0,Normal-806.png
2214165,0,471.7756925758317,0.7838530123686178,"[0.007164001464816421, 0.013519287109323428, 0.00928115844723022, 0.03810882568344837, 0.09535980224572997, 0.05836868286110546, 0.018676757812428755, 0.011329650878863031, 0.7481918334932396]",0,Normal-2850.png
983280,0,80.06628394080236,0.8066820258769334,"[0.004062652587875127, 0.008186340332000022, 0.008388519287077375, 0.0309982299803505, 0.09101867675746529, 0.06127166748023501, 0.01713180541985652, 0.008735656738247926, 0.7702064514130775]",0,Normal-1526.png
778770,0,120.34148345768101,0.8418296513032753,"[0.004261016845686871, 0.008487701415983246, 0.008338928222624439, 0.028583526611219087, 0.07063674926730866, 0.04732131957989761, 0.01697158813470088, 0.008483886718717637, 0.8069152832000468]",0,Normal-586.png
1267350,0,176.42547547700588,0.7560099625661197,"[0.006015777587867676, 0.011928558349563871, 0.011409759521440849, 0.043869018554520155, 0.10760116577107391, 0.07017898559543541, 0.02400588989248655, 0.01158142089839332, 0.7134094238254035]",0,Normal-2689.png
442680,0,51.97283971379647,0.9079418205645698,"[0.0034790039062367285, 0.006851196289036365, 0.005565643310525644, 0.016342163085875158, 0.030677795410039222, 0.024848937988186458, 0.011714935302689685, 0.007133483886691537, 0.8933868408169044]",0,Normal-1589.png
1004955,0,185.4140281005382,0.8320615971620062,"[0.004898071289043815, 0.00911331176754336, 0.007320404052706449, 0.02938079833973167, 0.07760238647431335, 0.05043792724590134, 0.016025543212829493, 0.008399963378874206, 0.7968215942352416]",0,Normal-410.png
1862775,0,227.36370933219175,0.774714909019819,"[0.008224487304656126, 0.013980865478462293, 0.011821746826126779, 0.038761138915867764, 0.08905410766567591, 0.06029510498023874, 0.023792266845612364, 0.012958526611278692, 0.7411117553682666]",0,Normal-1962.png
1364760,0,189.25973504770056,0.8671849301439377,"[0.004234313964827597, 0.008640289306607665, 0.005779266357399828, 0.02248764038077359, 0.06329727172827417, 0.034538269042836994, 0.010524749755819227, 0.005863189697243258, 0.8446350097624029]",0,Normal-2016.png
957015,0,130.54455112524462,0.8981581677710503,"[0.003173828124987893, 0.005897521972633752, 0.00451278686521716, 0.017047882080013094, 0.04615783691388642, 0.025871276855370058, 0.00859069824215473, 0.004215240478499545, 0.8845329284634226]",0,Normal-491.png
1463190,0,193.63835081335617,0.8010103509743615,"[0.006568908691381191, 0.011760711669877012, 0.008937835693325279, 0.03264999389635982, 0.09059143066371692, 0.05792999267556026, 0.01973342895500285, 0.01056289672847533, 0.7612648010224866]",0,Normal-3325.png
1255110,0,134.70581580234827,0.8312315058365406,"[0.004558563232404485, 0.007965087890594615, 0.007266998290987903, 0.02766036987294136, 0.07934188842743171, 0.047843933105286236, 0.014575958251897522, 0.006835937499973923, 0.8039512634246675]",0,Normal-1121.png
529890,0,92.11156892123286,0.8878658262675263,"[0.00340652465819013, 0.005767822265602998, 0.0062217712402106405, 0.020736694335858397, 0.04987716674785661, 0.031036376953006605, 0.011272430419878873, 0.005588531494119306, 0.8660926818814617]",0,Normal-296.png
1836255,0,198.24118609344427,0.755526888603496,"[0.008384704589811765, 0.014270782470648686, 0.013412475585886334, 0.04462814331037663, 0.11316680908159955, 0.06942749023411016, 0.023796081542877975, 0.012901306152294536, 0.7000122070285797]",0,Normal-3163.png
1086045,0,170.48728748776907,0.8387119829292362,"[0.007595062255830402, 0.012561798095655205, 0.010097503662070855, 0.0286979675291874, 0.05665206909158076, 0.0446891784666264, 0.020477294921796885, 0.01193237304682948, 0.8072967529266079]",0,Normal-3277.png
519180,0,79.78427715264188,0.9068911573897299,"[0.0023307800292879837, 0.004699707031232072, 0.004085540771468789, 0.016250610351500508, 0.04243087768538501, 0.030513763427617975, 0.009662628173791264, 0.004909515380840647, 0.885116577145061]",0,Normal-777.png
243270,0,26.49860108855185,0.9457652172780363,"[0.0020942687988201357, 0.004035949707015854, 0.0035705566406113794, 0.010173797607383064, 0.017135620117122132, 0.015312194824160338, 0.00740814208981549, 0.004283905029280533, 0.9359855651819764]",0,Normal-578.png
1254600,0,232.2224116316046,0.7314629970237395,"[0.0075416564941118555, 0.015487670898378419, 0.011989593505813637, 0.04970550537090414, 0.11308288574175612, 0.09132003784144851, 0.030963897704960008, 0.019531249999925494, 0.660377502438887]",0,Normal-2988.png
2565810,1,381.63801446306263,0.5675796807591106,"[0.009990692138633763, 0.022468566894445537, 0.02024459838859465, 0.06978988647434314, 0.18574905395436955, 0.1267623901362352, 0.03974914550766087, 0.020328521728438076, 0.5049171447734645]",0,Normal-226.png
1065135,0,157.25199516878666,0.9036202079866439,"[0.002906799316395161, 0.00544738769529172, 0.004966735839824803, 0.01755905151360489, 0.04159545898421632, 0.0243530273436571, 0.008136749267547086, 0.0036888122558453034, 0.8913459777798028]",0,Normal-1667.png
629850,0,124.81506467098822,0.9356768889156407,"[0.0021705627441323447, 0.005470275878885382, 0.002487182617178012, 0.00988006591793106, 0.022705078124913385, 0.01839065551750797, 0.0060005187988052345, 0.005134582519511663, 0.9277610778773202]",0,Normal-2970.png
635460,0,79.98036172945206,0.878409067002967,"[0.003288269042956206, 0.006313323974585291, 0.006351470947241396, 0.021083831787028946, 0.052845001220501536, 0.03354644775377828, 0.012016296386672912, 0.005840301513649596, 0.8587150573697712]",0,Normal-119.png
1327020,0,159.13131803449116,0.8576333386451249,"[0.005065917968730675, 0.009937286376915218, 0.007560729980439908, 0.025398254394434362, 0.052307128906050465, 0.03907775878891343, 0.014762878417912434, 0.009918212890587164, 0.8359718322722016]",0,Normal-165.png
623730,0,92.84639493639922,0.8987489334516555,"[0.0034217834472525716, 0.005134582519511663, 0.005123138427714832, 0.017501831054620734, 0.04331207275374103, 0.027858734130753102, 0.00978851318355641, 0.005058288574199454, 0.8828010559048355]",0,Normal-1867.png
1299990,0,253.12985414628167,0.8533268074094135,"[0.004226684570296377, 0.008621215820279613, 0.006420135498022384, 0.025409698486231196, 0.06096267700172057, 0.04293060302717998, 0.013076782226512616, 0.007789611816376535, 0.830562591549566]",0,Normal-153.png
388875,0,79.37418205724072,0.9220376432789025,"[0.0022430419921789435, 0.0036048889160018734, 0.0037918090820167854, 0.013126373290965552, 0.033229827880732615, 0.023372650146395214, 0.007568359374971129, 0.0034675598144398973, 0.9095954894984832]",0,Normal-2905.png
742560,0,93.14356806506851,0.9115123890312746,"[0.0025672912597558316, 0.0045967102050605895, 0.003993988037094139, 0.014385223388616999, 0.03683471679673449, 0.022678375244054114, 0.007434844970674763, 0.0035514831542833272, 0.903957366939911]",0,Normal-1848.png
1994355,0,388.32424168297456,0.787210185788077,"[0.0074920654296589196, 0.013767242431588106, 0.009834289550743735, 0.03823089599594791, 0.09069061279262279, 0.06354522705053885, 0.020278930663985142, 0.013435363769479998, 0.7427253723116198]",0,Normal-2951.png
592365,0,108.55449639187864,0.934262861089231,"[0.0021553039550699033, 0.0044288635253737305, 0.0021591186523355135, 0.009334564208948766, 0.028217315673720482, 0.020896911621014033, 0.00571060180661884, 0.0034370422363150135, 0.923660278316789]",0,Normal-638.png
808605,0,122.61045284980423,0.8689739672616432,"[0.003955841064438035, 0.008159637451140749, 0.006671905517552673, 0.02128219604484069, 0.04956054687481094, 0.03818130493149497, 0.01362991333002613, 0.007369995117159385, 0.8511886596647217]",0,Normal-1706.png
440385,0,53.919344728473575,0.8796988455527323,"[0.004436492919904951, 0.009056091308559203, 0.007141113281222759, 0.020496368408124938, 0.040237426757659005, 0.03108596801745954, 0.01634979248040638, 0.009574890136682224, 0.8616218566861663]",0,Normal-2688.png
915450,0,111.23458521893345,0.8524072227442602,"[0.0038375854492041107, 0.007411956787081101, 0.006969451904270289, 0.025115966796779188, 0.06773376464817911, 0.04393005371076992, 0.013854980468697146, 0.006698608398411947, 0.8244476318327925]",0,Normal-1965.png
390405,0,44.25364634295497,0.9188884587997594,"[0.002838134765614173, 0.00528335571287047, 0.0043106079101398066, 0.014434814453069935, 0.027965545654190193, 0.02298736572256856, 0.010791778564411957, 0.005775451660134218, 0.9056129455531859]",0,Normal-2051.png
915705,0,121.39450067270059,0.8651722327259384,"[0.0034637451171742866, 0.006507873535131424, 0.007431030273409153, 0.023555755615144516, 0.05671691894509614, 0.03571319580064501, 0.01319885253901215, 0.006175994873023315, 0.8472366332975493]",0,Normal-2302.png
887400,0,86.50561857876711,0.8623487283196855,"[0.0055122375488070975, 0.010284423828085767, 0.008457183837858363, 0.02621078491200939, 0.048408508300596585, 0.03675842285142228, 0.016750335693295478, 0.011417388915972071, 0.8362007141081382]",0,Normal-343.png
1166880,0,108.46626177226022,0.7724797259891484,"[0.004051208496078295, 0.009777069091759578, 0.00902938842769993, 0.03720855712876431, 0.10826873779255573, 0.07245254516573923, 0.02003479003898607, 0.011131286621051287, 0.7280464172335508]",0,Normal-2541.png
1176825,0,185.1935046171722,0.846363925842655,"[0.004650115966779136, 0.00894927978512211, 0.006622314453099738, 0.025802612304589072, 0.06746292114232078, 0.04592132568341857, 0.01404571533197767, 0.0076942443847362735, 0.8188514709441419]",0,Normal-2539.png
886890,0,164.9264348397749,0.8455039982496917,"[0.0051727294921677675, 0.009582519531213446, 0.008010864257781941, 0.0276756286620038, 0.06668090820287063, 0.04646301269513525, 0.01721191406243434, 0.009639739990197602, 0.8095626831023804]",0,Normal-2228.png
976140,0,137.0590027213796,0.868206833107287,"[0.0038719177245946047, 0.007286071777315955, 0.0058479309081808165, 0.02180480957022932, 0.06350708007788274, 0.03754425048813803, 0.011627197265580645, 0.006229400634741862, 0.8422813415495213]",0,Normal-1735.png
1015665,0,127.53314961472603,0.8478196832444566,"[0.004570007324201317, 0.008747100830044758, 0.006690979003880726, 0.0254478454588873, 0.06799316406224062, 0.04310607910139806, 0.01541137695306621, 0.007381439208956217, 0.82065200805351]",0,Normal-1988.png
1165605,0,112.50707864481406,0.8008453250118213,"[0.004726409912091345, 0.01072692871089658, 0.008468627929655194, 0.03160858154284817, 0.09399032592737583, 0.05812454223610639, 0.019821166992111887, 0.010875701904255387, 0.7616577148408444]",0,Normal-677.png
1965285,0,198.40122767857142,0.5677037664369637,"[0.008380889892546154, 0.019458770751878896, 0.019180297851489333, 0.07410430908174856, 0.20699310302655413, 0.1350936889643284, 0.04164123535140365, 0.02146148681632438, 0.47368621825991175]",0,Normal-1168.png
1864560,0,356.978076076321,0.6597327870630251,"[0.010627746581990708, 0.01821517944328989, 0.016578674316343005, 0.060089111327895774, 0.1473999023431877, 0.10280609130820158, 0.034538269042836994, 0.020118713378829502, 0.5896263122536101]",0,Normal-933.png
275910,0,38.30594881360079,0.9336576834962611,"[0.0025177001953028957, 0.004924774169903088, 0.0035820007324082106, 0.012184143066359772, 0.02136230468741851, 0.019878387451096043, 0.009403228759729754, 0.005516052246072708, 0.9206314086878943]",0,Normal-2273.png
878475,0,126.44295040362034,0.8606688517133791,"[0.003974914550766087, 0.007904052734344849, 0.006164550781226484, 0.023185729980380303, 0.06252288818335525, 0.03926849365219395, 0.01345062255854244, 0.007884979248016797, 0.8356437683073591]",0,Normal-2004.png
1299735,0,143.79759356653622,0.8210410970351996,"[0.004581451415998148, 0.008716583251919874, 0.009246826171839726, 0.029777526855355157, 0.07811737060517075, 0.04812622070294141, 0.017097473144466028, 0.007942199707000953, 0.7963943481414932]",0,Normal-142.png
970530,0,134.5766955112524,0.8245155773208778,"[0.004634857177716695, 0.009605407714807107, 0.008403778076139817, 0.031208038329959074, 0.08278274536101234, 0.05326461791971868, 0.018386840820242358, 0.009746551513634695, 0.7819671630829546]",0,Normal-2973.png
1139085,0,177.84997248043058,0.8220648741308345,"[0.00493621826169992, 0.009895324706993502, 0.00817489624020319, 0.031478881835817416, 0.080249786376647, 0.054130554199012255, 0.018199920654227448, 0.009006500244106267, 0.7839279174774783]",0,Normal-174.png
1010820,0,76.02805467221135,0.8936772888952598,"[0.003883361816391436, 0.005496978759744656, 0.005931854248024246, 0.018096923828055965, 0.042388916015463296, 0.02605438232411936, 0.009922027587852775, 0.004558563232404485, 0.883666992184129]",0,Normal-455.png
814980,0,92.11510059931507,0.8503002784151776,"[0.005134582519511663, 0.009395599365198534, 0.009162902831996295, 0.026298522949118427, 0.05627441406228533, 0.039463043212740086, 0.01695251464837283, 0.009212493896449231, 0.8281059265105128]",0,Normal-553.png
2388330,0,285.27301323997057,0.6755243690169315,"[0.009098052978480918, 0.017864227294853728, 0.013442993164011218, 0.05126571655253881, 0.1540412902826155, 0.09453201293909251, 0.030113220214728877, 0.014499664306585313, 0.6151428222632784]",0,Normal-104.png
1059525,0,167.06645211594906,0.8924626512682349,"[0.0028228759765517317, 0.006481170654272151, 0.002624511718739988, 0.013439178466745609, 0.054428100585729874, 0.03272628784167203, 0.007518768310518193, 0.003963470458969255, 0.8759956359829865]",0,Normal-1036.png
1532295,0,193.26022810665356,0.8183434901839577,"[0.0052223205566207034, 0.010150909423789403, 0.007701873779267495, 0.029968261718635678, 0.08505630493131616, 0.05062484741191625, 0.015617370605409174, 0.007904052734344849, 0.7877540588348856]",0,Normal-1309.png
889695,0,110.36430941169276,0.7928955707067252,"[0.004566192626935707, 0.010467529296835068, 0.010246276855429663, 0.03473663330064874, 0.0966072082515846, 0.06126022338843819, 0.019905090331955318, 0.011913299560501429, 0.7502975463838566]",0,Normal-2552.png
1074315,0,80.27574990826811,0.79177858727061,"[0.0036163330077987046, 0.009048461914027982, 0.008293151855437114, 0.034866333007679495, 0.10082244873008414, 0.06752395629857054, 0.01917266845695811, 0.010746002197224632, 0.7459106445284046]",0,Normal-368.png
1042695,0,159.70616361912917,0.8510403719793299,"[0.004398345947248847, 0.008434295654264701, 0.007781982421845314, 0.027217864990130545, 0.06179428100562365, 0.04280090332014923, 0.015087127685489322, 0.008575439453092287, 0.8239097595183413]",0,Normal-1777.png
451350,0,88.23634723581213,0.8962537705466963,"[0.003059387207019579, 0.005577087402322475, 0.005249023437479976, 0.019264221191332764, 0.04016494750961241, 0.02963256835926196, 0.011775970458939453, 0.0055274963378695394, 0.8797492980923471]",0,Normal-3320.png
284325,0,48.03192270058708,0.91773152586655,"[0.0029335021972544343, 0.005836486816383986, 0.004577636718732537, 0.014434814453069935, 0.029346466064341176, 0.023445129394441815, 0.01082229614253684, 0.0064582824706784885, 0.902145385738746]",0,Normal-1041.png
1123275,0,75.67176033512719,0.8863875580870223,"[0.0034294128417837926, 0.006671905517552673, 0.005893707275368142, 0.01822280883782111, 0.046546936034978684, 0.027576446533097928, 0.010746002197224632, 0.005012512207012129, 0.8759002685513462]",0,Normal-826.png
447780,0,56.53465172455967,0.9314703804461483,"[0.0022811889648350478, 0.0036087036132674837, 0.0034179687499869614, 0.011180877685504223, 0.030017852783088616, 0.01881027221672512, 0.006504058837865814, 0.003059387207019579, 0.9211196899378924]",0,Normal-1979.png
1554735,0,279.6562843994619,0.7412729775457366,"[0.007553100585908687, 0.015476226806581587, 0.011890411376907767, 0.04500579833967207, 0.11048889160114102, 0.08263015747038792, 0.027061462402240517, 0.01881790161125634, 0.6810760498020894]",0,Normal-3110.png
1023570,0,175.7035760151663,0.8205887917693704,"[0.004829406738262827, 0.010208129882773559, 0.007484436035127699, 0.02896499633778013, 0.08404159545866378, 0.05430984497049595, 0.017902374267509832, 0.00885391235348185, 0.7834053039520896]",0,Normal-2841.png
641325,0,115.48851057974555,0.8818835643178399,"[0.0036430358886579777, 0.006519317626928256, 0.006244659423804303, 0.02225112915030574, 0.04409408569319117, 0.034698486327992634, 0.013832092285103485, 0.006919860839817353, 0.8617973327603844]",0,Normal-1517.png
1332630,0,186.62574149951075,0.8140190682335074,"[0.005153656005839715, 0.010852813720661724, 0.008281707763640282, 0.030845642089726084, 0.08258056640593497, 0.05226516723612875, 0.017330169677668265, 0.008907318115200395, 0.7837829589813851]",0,Normal-1759.png
712980,0,89.6431399828767,0.90250984631545,"[0.0030364990234259164, 0.0052070617675582615, 0.004928588867168699, 0.01617813110345391, 0.03851318359360308, 0.02604675292958814, 0.00979614257808763, 0.0044631958007642246, 0.8918304443325354]",0,Normal-670.png
915960,0,100.21393025318001,0.8727217750953982,"[0.0034637451171742866, 0.006546020507787529, 0.005382537841776342, 0.021163940429606766, 0.055984497070098935, 0.03641128540025173, 0.011817932128861168, 0.00605010986325817, 0.8531799316373704]",0,Normal-2657.png
897345,0,125.94619924168299,0.8238958949375882,"[0.004978179931621635, 0.008922576904262838, 0.0097122192382442, 0.031055450439334657, 0.07340240478487624, 0.047203063964663686, 0.01839447021477358, 0.00893402099605967, 0.7973976135223487]",0,Normal-2446.png
927690,0,152.68188524339533,0.858771730710201,"[0.004718780517560124, 0.008495330810514467, 0.006687164306615115, 0.02407455444326754, 0.06362533569311667, 0.042194366454917163, 0.01362228393549491, 0.007129669189425927, 0.8294525146452734]",0,Normal-930.png
1761030,0,302.64002492049894,0.711206287405914,"[0.009479522705041963, 0.02060699462882764, 0.013263702392527528, 0.05104827880839902, 0.11679840087846069, 0.09400939941370388, 0.03402328491197958, 0.026954650878803426, 0.6338157653784415]",0,Normal-750.png
471495,0,93.7143010029354,0.9087122026518295,"[0.002998352050769812, 0.0050201416015433495, 0.004772186279278671, 0.015995025634704608, 0.04151535034163851, 0.028450012206922722, 0.00970458984371298, 0.005252838134745587, 0.886291503902869]",0,Normal-2445.png
1854870,0,321.15868089530335,0.8031937026538782,"[0.007526397705049414, 0.013404846191355114, 0.010719299316365359, 0.03738403320298239, 0.0757980346676796, 0.052722930908002, 0.020591735839765198, 0.011894226074173377, 0.7699584960908128]",0,Normal-3112.png
1245420,0,107.83894171966728,0.90149633353462,"[0.0034027099609245195, 0.006008148193336456, 0.0051040649413867795, 0.01703262329095065, 0.04323959350569443, 0.0216140747069488, 0.008651733398404495, 0.004150390624984167, 0.890796661373555]",0,Normal-2142.png
1049835,0,185.06726241438363,0.8252768213431052,"[0.004840850830059659, 0.009105682373012139, 0.008071899414031709, 0.03142166137683326, 0.07447814941377838, 0.054798126220494084, 0.017189025878840677, 0.009654998779260043, 0.7904396057098753]",0,Normal-2986.png
1895415,0,218.2011412977006,0.7194640277905598,"[0.00877380371090403, 0.017097473144466028, 0.015647888183534058, 0.05099105834941486, 0.12385940551710564, 0.07883071899383991, 0.02895736694324891, 0.015281677246035455, 0.6605606079076364]",0,Normal-1258.png
871335,0,89.21954500978472,0.8135081873675841,"[0.0040550231933439065, 0.008991241455043826, 0.008319854736296386, 0.03186035156237846, 0.08845901489224067, 0.05520248413064879, 0.01805114746086864, 0.009487152099573183, 0.7755737304657914]",0,Normal-856.png
756840,0,108.87587145303326,0.8642464654497024,"[0.003948211669906813, 0.007232666015597409, 0.006351470947241396, 0.02324295043936446, 0.06281280517554164, 0.039138793945163196, 0.013557434081979533, 0.006893157958958079, 0.8368225097624328]",0,Normal-2136.png
1318350,0,233.5908642673679,0.8787306809100207,"[0.004161834716780999, 0.007953643798797785, 0.004280090332014923, 0.020122528076095113, 0.05399322509745028, 0.033329010009638484, 0.008918762206997227, 0.005264282226542418, 0.861976623531868]",0,Normal-2805.png
1295145,0,149.8903880259295,0.8100281884382471,"[0.007125854492160317, 0.012226104736281485, 0.01132583618159742, 0.03593444824205042, 0.07798004150360878, 0.055847167968536955, 0.021255493163981416, 0.011096954345660793, 0.7672080993623077]",0,Normal-2755.png
938145,0,104.37684228228962,0.8764726439983277,"[0.003944396972641203, 0.006793975830052208, 0.007400512695284269, 0.023075103759677598, 0.046527862548650635, 0.03066253662097678, 0.012218475341750265, 0.006114959716773548, 0.8632621765103787]",0,Normal-178.png
336855,0,39.3470523483366,0.917573042341846,"[0.002902984619129551, 0.00596618652341474, 0.004776000976544281, 0.014854431152287085, 0.028053283691299235, 0.022258758544836964, 0.010841369628864892, 0.006008148193336456, 0.9043388366664721]",0,Normal-1837.png
995775,0,122.9616102005871,0.8627094499137855,"[0.0039367675781099825, 0.007385253906221827, 0.006149291992164042, 0.02214431762686865, 0.06175613403296754, 0.03739929199204483, 0.01073074340816219, 0.005210876464823872, 0.8452873229948223]",0,Normal-2716.png
603840,0,98.9340982754403,0.8607879184805705,"[0.00528335571287047, 0.008296966552702725, 0.008331298828093218, 0.026790618896382176, 0.05874252319313529, 0.04195022582991809, 0.01593399047845484, 0.010433197021444575, 0.8242378234831839]",0,Normal-325.png
1051365,0,98.56147566046963,0.7976415239389743,"[0.0038642883300633838, 0.008808135986294525, 0.007671356201142611, 0.030868530273319744, 0.10004806518516522, 0.06174468994117071, 0.01753234863274562, 0.008987426757778215, 0.7604751586885052]",0,Normal-3116.png
1983900,0,256.28613854574365,0.725520471315969,"[0.008426666259733479, 0.01549530029290964, 0.013587951660104416, 0.04690933227521168, 0.12656784057568907, 0.07617187499970943, 0.026538848876851887, 0.013874053955025199, 0.6724281311009505]",0,Normal-847.png
1045245,0,107.82336258561642,0.8790136216671528,"[0.003856658935532163, 0.006694793701146336, 0.006828308105442702, 0.022212982177649637, 0.05220031738261337, 0.0315475463865984, 0.011310577392534979, 0.005428314208963668, 0.859920501705704]",0,Normal-2516.png
1776585,0,303.87750351638937,0.6988493902327713,"[0.008571624755826677, 0.016422271728452977, 0.014873504638615137, 0.054191589355262026, 0.1298637390131765, 0.09368133544886138, 0.030509948730352364, 0.01646041870110908, 0.6354255676245292]",0,Normal-769.png
2258535,0,318.2345622859589,0.6936449205202636,"[0.007732391357392378, 0.01641464233392176, 0.012660980224561077, 0.04969024658184169, 0.14499664306585314, 0.09061050415004497, 0.026325225829977702, 0.014774322509709266, 0.6367950439428833]",0,Normal-1006.png
814470,0,123.15400256849314,0.8659653125241331,"[0.0039024353027194885, 0.0073242187499720605, 0.0072021484374725254, 0.022945404052646844, 0.05758285522438971, 0.03573608398423868, 0.013145446777293604, 0.006271362304663576, 0.8458900451627888]",0,Normal-1035.png
1102875,0,145.53040912426616,0.8423793792442865,"[0.004253387451155649, 0.008289337158171503, 0.006988525390598341, 0.024463653564359804, 0.07115554809543169, 0.04578781127912221, 0.013801574706978601, 0.006893157958958079, 0.8183670043914094]",0,Normal-2864.png
1004955,0,84.54563661937378,0.8717862849229249,"[0.0035896301269394315, 0.0071029663085666545, 0.006683349609349505, 0.022853851318272195, 0.050609588622853814, 0.03393173217760494, 0.012676239013623518, 0.006118774414039158, 0.8564338684049361]",0,Normal-3369.png
784890,0,133.6743823385518,0.9263012631004666,"[0.0027542114257707436, 0.004234313964827597, 0.0034370422363150135, 0.013034820556590901, 0.032154083251830466, 0.019008636474536864, 0.005653381347634684, 0.0026855468749897556, 0.9170379638636893]",0,Normal-1883.png
978690,0,101.75814120596868,0.7993425973680797,"[0.0042762756347493125, 0.009231567382777283, 0.008930206298794059, 0.03401947021471397, 0.0976295471187682, 0.06097793579078301, 0.018711090087819248, 0.010688781738240475, 0.7555351257295397]",0,Normal-3319.png
1252305,0,158.65425865337568,0.8344419725268327,"[0.004699707031232072, 0.008842468261685018, 0.008136749267547086, 0.028244018554579756, 0.07090759277316701, 0.045829772949043925, 0.015121459960879815, 0.007209777832003747, 0.8110084533660469]",0,Normal-1344.png
387090,0,90.25014524217221,0.9280593771157731,"[0.0024566650390531286, 0.004226684570296377, 0.0031967163085815553, 0.012443542480421281, 0.0276756286620038, 0.0227470397948351, 0.008098602294890981, 0.004837036132794048, 0.914318084713309]",0,Normal-1992.png
1168410,0,146.86205815802344,0.8052995549443496,"[0.004863739013653321, 0.009990692138633763, 0.009971618652305711, 0.03527832031236542, 0.08751678466763489, 0.05433654785135522, 0.019023895263599305, 0.010078430175742803, 0.7689399719208948]",0,Normal-1132.png
1071510,0,133.81613105430526,0.8914570244139873,"[0.003337860107409142, 0.0063400268554445645, 0.005077362060527506, 0.019580841064378428, 0.05140304565410079, 0.031620025634645006, 0.009689331054650538, 0.004802703857403554, 0.8681488037076257]",0,Normal-3123.png
1048815,0,124.70003287059686,0.8693781189165082,"[0.003913879394516319, 0.007297515869112787, 0.0056648254394315155, 0.020362854003828573, 0.06112289428687621, 0.03931427001938128, 0.011768341064408232, 0.006244659423804303, 0.844310760494826]",0,Normal-596.png
1391790,0,156.41413894324847,0.852719737146976,"[0.004489898681623497, 0.00893402099605967, 0.007717132568329936, 0.025684356689355148, 0.05562591552713155, 0.03761672973618463, 0.014030456542915227, 0.008228302001921737, 0.8376731872526639]",0,Normal-2959.png
667845,0,156.70187133072403,0.8795762085295099,"[0.0035667419433457687, 0.006580352783178023, 0.006031036376930118, 0.020816802978436216, 0.05199432373027041, 0.0368385314940001, 0.012416839599562008, 0.007308959960909619, 0.854446411129553]",0,Normal-1982.png
446250,0,76.42750122309198,0.9162087748614102,"[0.0022888183593662687, 0.004272460937483701, 0.0037460327148294598, 0.014522552490178975, 0.03661346435532908, 0.025627136230370988, 0.00851821899410813, 0.0037689208984231226, 0.9006423950160956]",0,Normal-1811.png
1040655,0,155.67085066046963,0.8296533897566765,"[0.004791259765606723, 0.009418487548792195, 0.007934570312469733, 0.029190063476451148, 0.07698440551728446, 0.04876327514629836, 0.016395568847593706, 0.009288787841761442, 0.7972335815399275]",0,Normal-3089.png
885105,0,110.39573905332682,0.8750763815184261,"[0.003295898437487427, 0.006202697753882588, 0.00630187988278846, 0.021827697753822983, 0.05073165893535335, 0.03369140624987148, 0.012271881103468812, 0.0053749084472451214, 0.8603019714322651]",0,Normal-1662.png
1259190,0,187.81834026418787,0.834784563283159,"[0.004928588867168699, 0.009002685546840658, 0.00791931152340729, 0.027347564697161302, 0.06665802001927697, 0.04524993896467113, 0.01523590087884813, 0.007484436035127699, 0.8161735534636834]",0,Normal-1923.png
1377255,1,213.85955081947165,0.790542211113466,"[0.006351470947241396, 0.011684417724564801, 0.010105133056602076, 0.03387832641588639, 0.08892440795864515, 0.060554504394300254, 0.020763397216717668, 0.010581970214803383, 0.7571563720674241]",0,Normal-2328.png
1134495,0,197.53821015777882,0.8194124354198483,"[0.004547119140607654, 0.009765624999962747, 0.00842285156246787, 0.030250549316290853, 0.07765579223603189, 0.05037689208965158, 0.01644515991204664, 0.008647918701138886, 0.7938880920379872]",0,Normal-3285.png
1208955,1,234.05907152030332,0.8308452826835657,"[0.0045623779296700955, 0.010444641113241407, 0.006988525390598341, 0.029083251953014054, 0.06684494018529188, 0.056884765624783, 0.017620086669854658, 0.012844085693310378, 0.7947273254364214]",0,Normal-2944.png
819570,0,121.71748104207437,0.8184132609916875,"[0.00451278686521716, 0.00910186767574653, 0.008472442626920805, 0.031211853027224686, 0.08212661743132733, 0.05274200439433006, 0.01906204223625541, 0.00962829589840077, 0.7831420898407625]",0,Normal-1192.png
1254345,0,184.4773078216732,0.8164807826404338,"[0.005722045898415672, 0.01055526733394411, 0.008769989013638419, 0.03151702880847352, 0.08264541625945035, 0.05255508422831514, 0.01754379272454245, 0.00937271118160487, 0.7813186645478007]",0,Normal-3121.png
799425,0,114.2856301981409,0.8933393535337795,"[0.003276824951159375, 0.005725860595681282, 0.006240844726538693, 0.018974304199146367, 0.04269790649397774, 0.02656555175771116, 0.0097122192382442, 0.004688262939435241, 0.8821182250942912]",0,Normal-2778.png
827475,0,119.64891909246575,0.9168184892298572,"[0.003177642822253503, 0.005229949951151924, 0.004032135009750243, 0.014019012451118397, 0.03453063964830577, 0.022037506103431557, 0.008041381835906825, 0.004474639892561055, 0.904457092281706]",0,Normal-1784.png
1026120,0,148.98367936643834,0.8484596977883546,"[0.0046119689941230314, 0.008071899414031709, 0.006488800048803372, 0.02649307250966456, 0.06929016113254818, 0.042633056640462366, 0.013931274414009357, 0.007312774658175229, 0.8211669921843675]",0,Normal-2537.png
1118175,0,170.70649996942274,0.8500173003038521,"[0.004470825195295445, 0.008743286132779146, 0.006454467773412878, 0.02400588989248655, 0.06457519531225367, 0.043464660644365445, 0.013862609863228369, 0.007366180419893775, 0.82705688476247]",0,Normal-1521.png
825945,0,89.95421813845402,0.8181068332169265,"[0.0033683776855340255, 0.008453369140592753, 0.0073051452636440075, 0.0304870605467587, 0.08847427368130312, 0.05660629272439344, 0.016452789306577863, 0.00902175903316871, 0.7798309326142127]",0,Normal-2432.png
1136790,0,94.14025425024461,0.7895928224234532,"[0.004219055175765155, 0.009750366210900306, 0.009380340576136091, 0.03864669799789945, 0.09868621826134229, 0.06284332275366653, 0.02059555053703081, 0.01089859008784905, 0.7449798583955956]",0,Normal-548.png
783360,0,126.06943722480429,0.8620912357991021,"[0.0037956237792823957, 0.006870269775364417, 0.006378173828100669, 0.02172088623038589, 0.06264114379858916, 0.040615081786954436, 0.01260757446284253, 0.006088256835914275, 0.8392829894987515]",0,Normal-949.png
750975,0,79.62425850048922,0.9101866430775502,"[0.00297927856444176, 0.004520416259748381, 0.003849029541000942, 0.014701843261662666, 0.03993225097641017, 0.024845123290920847, 0.008132934570281474, 0.003925323486313151, 0.8971138000454059]",0,Normal-1430.png
894030,1,167.65871911692753,0.8439430153188806,"[0.0043411254882646895, 0.008480072021452026, 0.007453918457002815, 0.026256561279196712, 0.0689315795895808, 0.04570770263654439, 0.014938354492130514, 0.009212493896449231, 0.8146781921355641]",0,Normal-1248.png
1033770,0,147.85986805895303,0.8608082989046202,"[0.004547119140607654, 0.008083343505828539, 0.006992340087863951, 0.0240249633788146, 0.061252593993906965, 0.03812408447251082, 0.013439178466745609, 0.0074234008788779315, 0.8361129760710292]",0,Normal-740.png
848640,0,82.14525746086103,0.8830292714418607,"[0.00391769409178193, 0.006721496582005609, 0.00629806518552285, 0.021595001220620746, 0.05029678344707376, 0.03287506103503084, 0.012073516845657068, 0.006259918212866745, 0.8599624633756258]",0,Normal-2996.png
1043460,0,144.62434258806266,0.8843009103667535,"[0.0035438537597521063, 0.0058822631835713105, 0.0057640075683373865, 0.021080017089763335, 0.04835891723614365, 0.03006744384754155, 0.00988006591793106, 0.004695892333966461, 0.8707275390591784]",0,Normal-2441.png
1809480,0,414.399144600049,0.7749291063749768,"[0.008514404296842519, 0.015598297119081122, 0.011528015136674773, 0.04129791259749871, 0.08852005004849045, 0.06967163085910923, 0.02529525756826288, 0.01873397827141291, 0.7208404540988127]",0,Normal-3196.png
1109760,0,129.70757017490212,0.841014932772989,"[0.004566192626935707, 0.008552551269498625, 0.007164001464816421, 0.027893066406143596, 0.07205200195285014, 0.04554748535138875, 0.014865875244083915, 0.0070838928222386015, 0.8122749328582295]",0,Normal-2093.png
502605,0,71.6079302226027,0.8914910137626254,"[0.002735137939442691, 0.005462646484354162, 0.005420684814432446, 0.02003479003898607, 0.05043029785137012, 0.03149795532214547, 0.010887145996052219, 0.005313873290995354, 0.8682174682584067]",0,Normal-99.png
378420,0,62.388950892857146,0.9150348378679862,"[0.0023269653320223734, 0.004379272460920795, 0.004402160644514457, 0.013767242431588106, 0.037071228027202335, 0.025135040283107243, 0.008304595947233945, 0.004234313964827597, 0.9003791809047684]",0,Normal-1700.png
487815,0,55.268109405577285,0.9248563918618399,"[0.0021781921386635657, 0.004112243652328063, 0.0035705566406113794, 0.012149810790969277, 0.03150177001941108, 0.021587371826089524, 0.007404327392549879, 0.003414154052721351, 0.9140815734828411]",0,Normal-2187.png
1102620,0,187.9551201687867,0.8218059469720945,"[0.004943847656231141, 0.010017395019493036, 0.008247375488249789, 0.029590606689340247, 0.07993316650360133, 0.05309677124003183, 0.016372680664000043, 0.008968353271450163, 0.7888298034637877]",0,Normal-3137.png
1356600,0,183.02106011497057,0.7995910536503079,"[0.005851745605446428, 0.010955810546833207, 0.00946044921871391, 0.03371810913073075, 0.08720397949185484, 0.058273315429465206, 0.019344329833910583, 0.00954055786129173, 0.7656517028779386]",0,Normal-2190.png
1072020,0,149.496040239726,0.8216367439017243,"[0.004741668701153787, 0.009662628173791264, 0.007759094238251651, 0.028926849365124026, 0.08078765869109807, 0.04971313476543536, 0.017173767089778236, 0.008567810058561066, 0.7926673889129918]",0,Normal-1862.png
989910,0,157.8462955601761,0.8441734611303648,"[0.005592346191384916, 0.010444641113241407, 0.009323120117151935, 0.027557373046769876, 0.05449295043924525, 0.04214096069319862, 0.01738357543938681, 0.010574340820272162, 0.8224906921355343]",0,Normal-2012.png
1666935,0,286.0696245107632,0.7161314501038701,"[0.008239746093718567, 0.01609802246087609, 0.014415740966741883, 0.04935455322246798, 0.1220207214350814, 0.08330535888640096, 0.029228210449107252, 0.016830444335873298, 0.6605072021459178]",0,Normal-1250.png
836655,0,119.35236515410956,0.8675893756415967,"[0.0037269592285014076, 0.007175445556613253, 0.006366729736303838, 0.02250671386710164, 0.059421539306413945, 0.037361145019388725, 0.012386322021437125, 0.006755828857396103, 0.8442993164030292]",0,Normal-958.png
940185,0,128.1509066169276,0.8435737436858126,"[0.004169464111312219, 0.008380889892546154, 0.007175445556613253, 0.026435852050680404, 0.06907653808567399, 0.04466247558576712, 0.01481246948236537, 0.007030487060520055, 0.8182563781707067]",0,Normal-76.png
2198865,0,243.23199761497062,0.6165910214143148,"[0.009834289550743735, 0.02062606811515569, 0.01704025268548187, 0.06233978271460594, 0.1759109497063602, 0.11253738403277383, 0.037471771240091434, 0.020362854003828573, 0.543876647947144]",0,Normal-2151.png
665550,0,100.4150409735812,0.8871134270458462,"[0.0036811828613140824, 0.005924224853493026, 0.0058822631835713105, 0.020744323730389615, 0.0494346618650458, 0.03477096557603923, 0.011966705322219976, 0.005912780761696194, 0.8616828918424161]",0,Normal-3306.png
1199775,0,210.64709592098822,0.8730642575222095,"[0.004219055175765155, 0.00816726684567197, 0.005992889404274014, 0.023197174072177133, 0.054397583007604985, 0.035747528076035505, 0.01107788085933274, 0.0067634582519273245, 0.8504371643033964]",0,Normal-382.png
757860,0,66.49623899217218,0.9079913093821194,"[0.002590179443349494, 0.004615783691388642, 0.0043945312499832365, 0.015029907226505166, 0.04436874389631512, 0.023143768310458588, 0.00859832763668595, 0.0038871765136570466, 0.8933715820278421]",0,Normal-1069.png
499545,0,75.73757032778867,0.8880482669484149,"[0.003242492675768881, 0.005580902099588086, 0.005771636962868608, 0.019901275634689707, 0.04758071899395912, 0.032558441161985176, 0.011978149414016807, 0.006080627441383054, 0.8673057556119258]",0,Normal-278.png
521985,0,83.31235475782778,0.9164643116684199,"[0.0028114318847549, 0.007259368896456683, 0.003875732421860215, 0.015563964843690627, 0.02979660034168321, 0.030506134033086753, 0.011363983154253524, 0.010669708251912423, 0.8881530761684869]",0,Normal-2701.png
1279590,0,106.30562775195695,0.8792090061972576,"[0.0034790039062367285, 0.006172180175757705, 0.006252288818335524, 0.02027511596671953, 0.050312042236136195, 0.029647827148324403, 0.010635375976521928, 0.004604339599591811, 0.8686218261685614]",0,Normal-1792.png
843540,0,143.55267322040112,0.8444563276721454,"[0.004165649414046609, 0.008880615234341123, 0.007190704345675695, 0.024917602538967448, 0.07080459594699552, 0.04449844360334588, 0.014881134033146358, 0.007434844970674763, 0.8172264099089919]",0,Normal-1381.png
1105170,0,149.76451657289627,0.8498099190794186,"[0.003856658935532163, 0.007480621337862089, 0.007297515869112787, 0.02649688720693017, 0.06594467163060781, 0.03941726684555276, 0.014011383056587175, 0.006107330322242327, 0.829387664791758]",0,Normal-823.png
1278825,0,236.70797532411942,0.883419293115799,"[0.004199981689437103, 0.008426666259733479, 0.004981994628887245, 0.01948165893547256, 0.05046463012676062, 0.034248352050650605, 0.010025024414024258, 0.006076812744117444, 0.8620948791471019]",0,Normal-46.png
978435,0,177.99847113502935,0.871590930983089,"[0.004337310790999079, 0.007110595703097875, 0.007144927978488369, 0.0233306884764735, 0.05467605590799455, 0.03522491455064688, 0.012588500976514478, 0.006420135498022384, 0.8491668701139482]",0,Normal-640.png
760155,0,74.24214927837572,0.8662688510524827,"[0.004127502441390505, 0.007900238037079238, 0.007904052734344849, 0.024406433105375647, 0.055904388427521115, 0.03612136840806533, 0.014541625976507027, 0.0076599121093457795, 0.8414344787565557]",0,Normal-2574.png
1144950,1,190.21577635763205,0.6672084169710376,"[0.01081466674800562, 0.024921417236233055, 0.01779174804680713, 0.06934738159153234, 0.11977005004837124, 0.12302398681593694, 0.04774093627911476, 0.04118728637679601, 0.5454025268533882]",0,Normal-2225.png
993480,0,160.7852594483855,0.8439004133550345,"[0.004058837890609517, 0.007995605468719498, 0.006427764892553605, 0.02608108520497863, 0.07116317748996291, 0.04686355590802435, 0.014030456542915227, 0.007598876953096013, 0.8157806396453255]",0,Normal-2565.png
948855,0,189.84461380870843,0.7133652159911619,"[0.009769439697228358, 0.01762390136712027, 0.015911102294861177, 0.056007385253692595, 0.11653900146439919, 0.09448242187463958, 0.037178039550639426, 0.02556991577138683, 0.6269187927222178]",0,Normal-1109.png
889950,0,113.71046355185909,0.8775338598676156,"[0.0037994384765480064, 0.0073547363280969434, 0.00519943237302704, 0.018722534179616078, 0.054237365722449346, 0.03385162353502712, 0.011375427246050356, 0.005805969238259102, 0.8596534728971112]",0,Normal-1336.png
1161015,0,105.38134096746573,0.794118370874913,"[0.004062652587875127, 0.008808135986294525, 0.008171081542937579, 0.033626556396356096, 0.10474777221639729, 0.056869506835720555, 0.017837524413994454, 0.00885391235348185, 0.7570228576631278]",0,Normal-2538.png
2018580,0,243.76022810665356,0.7324151511772643,"[0.008449554443327142, 0.01549530029290964, 0.012832641601513548, 0.04412460327131605, 0.12274169921828178, 0.07438278198213813, 0.02615737915029084, 0.013828277587837874, 0.6819877624485703]",0,Normal-729.png
726495,0,101.61560512475538,0.8772444328259191,"[0.003414154052721351, 0.005989074707008404, 0.006423950195287994, 0.02093124389640453, 0.05199813842753602, 0.03342056274401314, 0.011436462402300123, 0.00519561767576143, 0.8611907958951522]",0,Normal-720.png
568905,0,102.14226088551858,0.8702579071061993,"[0.0039710998535004765, 0.006912231445286131, 0.007534027099580635, 0.022857666015537806, 0.05339050292948383, 0.03493499755846048, 0.012794494628857442, 0.006595611572240465, 0.851009368893238]",0,Normal-2205.png
1823760,0,402.5552493578768,0.819697989178499,"[0.006259918212866745, 0.012645721435498636, 0.008193969726531242, 0.032096862792846306, 0.08001708984344476, 0.05236434936503462, 0.016815185546810853, 0.01056671142574094, 0.7810401916474111]",0,Normal-1382.png
931260,0,135.2404063723092,0.8755222776829916,"[0.003986358642562918, 0.007377624511690607, 0.005855560302712038, 0.020660400390546185, 0.05431365966776156, 0.03364562988268415, 0.011852264404251661, 0.006488800048803372, 0.8558197021451728]",0,Normal-2828.png
979455,0,128.8403941413894,0.8495174617203576,"[0.0036964416503765243, 0.007873535156219965, 0.007759094238251651, 0.025600433349511717, 0.06364440917944471, 0.03907394409164782, 0.014408111572210662, 0.006580352783178023, 0.8313636779753442]",0,Normal-243.png
1086810,0,150.12589056384545,0.8473780037145651,"[0.004745483398419397, 0.007923126220672901, 0.006855010986301975, 0.024581909179593728, 0.06963348388645312, 0.04425811767561242, 0.01337051391596462, 0.0069847106933327305, 0.8216476440398344]",0,Normal-1563.png
2543115,0,351.48530760763214,0.7336299095412909,"[0.009513854980432458, 0.01609420776361048, 0.012107849121047561, 0.04603195190412127, 0.12195968627883164, 0.07145690917941491, 0.022579193115148243, 0.012702941894482792, 0.687553405759096]",0,Normal-1243.png
1216605,0,129.0667961105675,0.8907303970587959,"[0.004039764404281465, 0.007221221923800578, 0.005638122558572242, 0.017677307128838814, 0.042606353759603095, 0.026851654052631943, 0.010223388671836, 0.005462646484354162, 0.880279541012267]",0,Normal-3206.png
1022295,0,159.9626460066047,0.8549385976348649,"[0.004886627197246984, 0.007904052734344849, 0.006565093994115581, 0.02307891845694321, 0.06689834594701043, 0.04159164428695072, 0.012577056884717648, 0.007160186767550811, 0.8293380737273051]",0,Normal-1204.png
655860,0,56.55086533757339,0.9157907697025969,"[0.0027046203613178077, 0.005340576171854627, 0.004726409912091345, 0.014415740966741883, 0.035049438476428794, 0.022521972656164086, 0.008964538574184553, 0.004413604736311289, 0.9018630981410909]",0,Normal-2533.png
756585,0,119.06178907778862,0.9451353567867872,"[0.0019950866699142643, 0.0034103393554557404, 0.0032463073730344912, 0.01055526733394411, 0.020298004150313194, 0.01097488403316126, 0.0038719177245946047, 0.0019950866699142643, 0.9436531066858533]",0,Normal-2202.png
856800,0,130.4881398299902,0.8437651731470892,"[0.005035400390605791, 0.008754730224575978, 0.009178161621058738, 0.029415130615122163, 0.0691528320309862, 0.0444717407224866, 0.016574859619077398, 0.009288787841761442, 0.808128356930511]",0,Normal-1306.png
890460,0,125.28357387475538,0.8854187316395079,"[0.004093170166000011, 0.007553100585908687, 0.0065269470214594765, 0.020442962646406392, 0.046043395995918106, 0.030521392822149194, 0.011962890624954365, 0.006584167480443633, 0.8662719726529454]",0,Normal-2248.png
927435,0,129.65856623043052,0.8838139441320157,"[0.0034255981445181823, 0.006538391113256308, 0.005760192871071776, 0.018676757812428755, 0.04837417602520609, 0.03024673461902524, 0.010696411132771696, 0.005390167236307563, 0.8708915710415996]",0,Normal-2405.png
384285,0,55.79084362769081,0.8769284431812764,"[0.004432678222639341, 0.008640289306607665, 0.007266998290987903, 0.02188491821280714, 0.042358398437338414, 0.03467178344713336, 0.016407012939390536, 0.00936889648433926, 0.8549690246549416]",0,Normal-1098.png
1009290,0,211.17773055283755,0.7797322923844134,"[0.006835937499973923, 0.015811920165955305, 0.011615753173783813, 0.04510879516584355, 0.08524703979459668, 0.08293914794890236, 0.03132247924792739, 0.024909973144436225, 0.696208953854766]",0,Normal-466.png
959820,0,117.70169168909001,0.8623000546422636,"[0.005218505859355093, 0.011211395263629107, 0.007907867431610458, 0.025676727294823926, 0.047328948974428825, 0.03871536254868044, 0.01779937744133835, 0.010665893554646812, 0.8354759216276723]",0,Normal-3161.png
810645,0,104.55180941169276,0.8990383978891087,"[0.003089904785144463, 0.006092071533179886, 0.004035949707015854, 0.01710128784173164, 0.045368194579905055, 0.02903366088856112, 0.009082794189418477, 0.0044441223144361715, 0.8817520141567926]",0,Normal-1675.png
1103385,0,102.62921202299412,0.7362346308943813,"[0.0056648254394315155, 0.01216506958003172, 0.012565612792920816, 0.04657745361310357, 0.11921310424759211, 0.08330535888640096, 0.02673721313466363, 0.014614105224553626, 0.6791572570774873]",0,Normal-2147.png
876180,0,206.33084637964774,0.9068555296535734,"[0.0037574768066262914, 0.0070190429687232245, 0.004898071289043815, 0.017086029052669198, 0.038116455077979595, 0.026630401611226536, 0.009937286376915218, 0.006404876708959942, 0.8861503601040415]",0,Normal-1165.png
1142655,0,148.25464010518584,0.8585017407127548,"[0.004070281982406348, 0.008152008056609527, 0.0077285766601267675, 0.026084899902244243, 0.06173706054663949, 0.037872314452980525, 0.014579772949163131, 0.007194519042941305, 0.832580566403074]",0,Normal-1638.png
1616700,0,236.50127660225047,0.864504289237614,"[0.004760742187481839, 0.009063720703090425, 0.006786346435520987, 0.02391815185537751, 0.0589294433591502, 0.03645324707017344, 0.012123107910110004, 0.006435394287084826, 0.841529846188196]",0,Normal-3252.png
1111035,0,110.88966181506851,0.791418916930358,"[0.003944396972641203, 0.010375976562460419, 0.008319854736296386, 0.03514480590806906, 0.09837341308556223, 0.06482696533178395, 0.019462585449144504, 0.011863708496048493, 0.747688293454179]",0,Normal-3422.png
2699685,0,448.0280240949119,0.6706880034104513,"[0.009685516357384927, 0.020057678222579735, 0.015098571777286154, 0.05581665039041207, 0.1476135253900619, 0.09273529052698999, 0.029567718505746583, 0.016479492187437134, 0.6129455566382868]",0,Normal-757.png
836910,0,162.54992126345397,0.8539455010913073,"[0.004272460937483701, 0.00833511352535883, 0.006618499755834127, 0.025466918945215352, 0.0651741027829545, 0.045608520507638514, 0.01541900634759743, 0.008239746093718567, 0.8208656311003842]",0,Normal-3052.png
1484100,0,253.58453858855188,0.6326214770810876,"[0.012130737304641225, 0.024337768554594658, 0.0199356079100802, 0.06930541992161061, 0.13683319091744678, 0.11671066284135166, 0.04541778564435799, 0.03525924682603737, 0.5400695800760648]",0,Normal-602.png
1703400,0,267.0560023238747,0.7227454209046967,"[0.006835937499973923, 0.014041900634712058, 0.011016845703082975, 0.04497909545881279, 0.12631988525342439, 0.08589553832975046, 0.024669647216702766, 0.013290405273386801, 0.6729507446263391]",0,Normal-3446.png
1168155,0,159.85730721012712,0.8372564926487218,"[0.004577636718732537, 0.00944900512691708, 0.007198333740206915, 0.026355743408102584, 0.07458114623994987, 0.04675292968732165, 0.015472412109315978, 0.007949829101532174, 0.8076629638641065]",0,Normal-1218.png
452880,0,79.88948599559684,0.8547116928073089,"[0.004543304443342043, 0.010665893554646812, 0.007598876953096013, 0.02718353271474005, 0.04823684692364411, 0.043327331542803466, 0.019954681396408252, 0.01319122314448093, 0.8252983093230236]",0,Normal-211.png
1019490,0,127.90884524828763,0.8644839664488104,"[0.0036506652831891986, 0.007053375244113719, 0.005348205566385848, 0.020484924316328104, 0.06367111206030399, 0.03784179687485564, 0.010707855224568527, 0.0051383972167772735, 0.846103668209663]",0,Normal-269.png
2259555,0,285.28589774951075,0.7541965598505485,"[0.00894927978512211, 0.016113281249938532, 0.01344680786127683, 0.0423164367674167, 0.10501861572225563, 0.06591415405248294, 0.023300170898348616, 0.013217926025340202, 0.7117233276340037]",0,Normal-892.png
737460,0,111.06933784858118,0.863489166974868,"[0.0037918090820167854, 0.007099151611301043, 0.006702423095677557, 0.02239227294913333, 0.06271743774390137, 0.038013458251808116, 0.012107849121047561, 0.006164550781226484, 0.841011047360073]",0,Normal-192.png
1192890,1,204.71214912548922,0.8323945993360256,"[0.005065917968730675, 0.010063171386680362, 0.007976531982391446, 0.02812194824208022, 0.06832885742161435, 0.04784774780255185, 0.016063690185485598, 0.008750915527310367, 0.8077812194793405]",0,Normal-2323.png
1938765,0,378.15546263454,0.6879006851504068,"[0.009078979492152866, 0.017322540283137046, 0.013931274414009357, 0.051525115966600324, 0.1445541381830423, 0.09050750732387348, 0.030357360839727943, 0.01619338989251635, 0.6265296936011255]",0,Normal-1644.png
487305,0,60.92471104452054,0.913848695347067,"[0.002845764160145394, 0.004669189453107189, 0.005348205566385848, 0.015804290771424086, 0.035396575927599344, 0.022880554199131466, 0.008636474609342054, 0.004550933837873265, 0.8998680114711767]",0,Normal-2483.png
726750,0,100.39279598825827,0.8823647169322567,"[0.0036964416503765243, 0.006576538085912412, 0.0055274963378695394, 0.021423339843668277, 0.051715850829880845, 0.03578948974595722, 0.011890411376907767, 0.006748199462864883, 0.8566322326627478]",0,Normal-2897.png
1115115,0,187.89524599437377,0.829476730898723,"[0.00527572631833925, 0.00953674316402612, 0.0076446533202833376, 0.027103424072162232, 0.07493591308565165, 0.050609588622853814, 0.015968322753845337, 0.008190155029265633, 0.8007354736297579]",0,Normal-633.png
1301010,0,103.38428785469668,0.7600880903615614,"[0.004997253417949687, 0.010341644287069924, 0.011051177978473468, 0.041255950927576994, 0.11189651489215127, 0.0711975097653534, 0.022266387939368186, 0.012741088867138897, 0.7142524719211034]",0,Normal-3401.png
883320,0,87.42564747431507,0.8885259446027043,"[0.003963470458969255, 0.006183624267554536, 0.005767822265602998, 0.019214630126879826, 0.04798507690411383, 0.03039550781238405, 0.010826110839802451, 0.005458831787088551, 0.8702049255337898]",0,Normal-1022.png
883320,0,138.71230583414874,0.8594858978320176,"[0.0038108825683448376, 0.007545471191377466, 0.006687164306615115, 0.021846771240151035, 0.06166458129859289, 0.04299545288069536, 0.012702941894482792, 0.006210327148413809, 0.836536407467512]",0,Normal-327.png
252195,0,74.2744541952055,0.9261477290147005,"[0.0020637512206952524, 0.004497528076154719, 0.0036659240722516405, 0.013854980468697146, 0.029510498046762427, 0.025722503662011252, 0.009719848632775422, 0.00527572631833925, 0.9056892394984982]",0,Normal-3227.png
258060,0,38.05629280821917,0.9363019293990787,"[0.002529144287099727, 0.005004882812480908, 0.003025054931629085, 0.011524200439409164, 0.019798278808518224, 0.019496917724535, 0.009330749511683155, 0.005683898925759568, 0.9236068725550705]",0,Normal-853.png
265455,0,66.00446428571428,0.963048090946136,"[0.0009231567382777284, 0.002826690673817342, 0.0009574890136682224, 0.005588531494119306, 0.014434814453069935, 0.014488220214788482, 0.0036239624023299256, 0.003124237060534957, 0.9540328979455793]",0,Normal-2823.png
1293360,0,155.37222511007826,0.8514026706150992,"[0.004707336425763293, 0.008647918701138886, 0.007930755615204121, 0.027282714843645924, 0.06123733520484452, 0.038890838622898515, 0.013690948486275898, 0.0067977905273178185, 0.8308143615690963]",0,Normal-3192.png
1131690,0,153.92456962451078,0.8690518446137426,"[0.004745483398419397, 0.008907318115200395, 0.007495880126924531, 0.024059295654205094, 0.054721832275181875, 0.03522109985338127, 0.013122558593699941, 0.006938934326145405, 0.8447875976530274]",0,Normal-2123.png
1103385,0,182.86925146771034,0.8209532116217724,"[0.004756927490216229, 0.009178161621058738, 0.00783538818356386, 0.02980041503894882, 0.07989120483367962, 0.05431365966776156, 0.0171966552733719, 0.00775146484372043, 0.7892761230438641]",0,Normal-1420.png
1150560,0,117.43686552103716,0.8565025886185735,"[0.004436492919904951, 0.00827026367184345, 0.0076599121093457795, 0.023284912109286175, 0.060363769531019726, 0.03533172607408397, 0.012977600097606744, 0.006313323974585291, 0.8413619995085092]",0,Normal-380.png
2315910,0,290.7619480797456,0.6453038384298574,"[0.009559631347619783, 0.019260406494067153, 0.01593017578118923, 0.056686401366971256, 0.16526412963804143, 0.10052490234336653, 0.03224945068347073, 0.017513275146417567, 0.5830116271950416]",0,Normal-2033.png
1354305,0,184.74262704867908,0.8379960315603127,"[0.0052223205566207034, 0.009830474853478124, 0.007537841796846245, 0.028209686279189263, 0.07315826415987717, 0.043380737304522014, 0.014842987060490254, 0.007583618164033571, 0.8102340698211279]",0,Normal-3273.png
1002150,0,152.59580250122303,0.8323768100286199,"[0.005031585693340181, 0.008892059326137954, 0.007770538330048483, 0.02962493896473074, 0.07299423217745592, 0.04878616332989202, 0.01678466796868597, 0.009464263915979522, 0.8006515502899145]",0,Normal-2561.png
356745,0,57.16789995107632,0.9436027631468378,"[0.0016899108886654286, 0.00315093994139423, 0.002620697021474378, 0.00961303710933833, 0.023445129394441815, 0.018115997314384017, 0.006484985351537762, 0.0028915405273327198, 0.9319877624476166]",0,Normal-1302.png
535755,0,60.82330143101761,0.9155970384656321,"[0.0023651123046784777, 0.004955291748027972, 0.004787445068341112, 0.014759063720646823, 0.039054870605319765, 0.02341461181631693, 0.008304595947233945, 0.004226684570296377, 0.8981323242153239]",0,Normal-446.png
888420,0,176.23979100415852,0.6463032176669502,"[0.01277542114252939, 0.025508880615137064, 0.02180480957022932, 0.07363510131807847, 0.13558959960885777, 0.12593460082959773, 0.050773620605275065, 0.044673919677563956, 0.5093040466289165]",0,Normal-271.png
1202325,0,134.69554947407042,0.8316171669880842,"[0.004405975341780067, 0.008708953857388653, 0.008121490478484645, 0.026981353759662697, 0.07728958129853329, 0.0475006103513813, 0.015171051025332751, 0.007534027099580635, 0.8042869567840413]",0,Normal-3039.png
988635,0,131.9755610934442,0.8503561775216257,"[0.004543304443342043, 0.008010864257781941, 0.007743835449189209, 0.02579879760732346, 0.060283660888441906, 0.03955841064438034, 0.014762878417912434, 0.007232666015597409, 0.8320655822722165]",0,Normal-255.png
1011075,0,184.45995138209395,0.846908545631888,"[0.004104614257796842, 0.008682250976529379, 0.006607055664037296, 0.02309417724600565, 0.06907653808567399, 0.0450935363767811, 0.013652801513619793, 0.007652282714814559, 0.8220367431609267]",0,Normal-1607.png
375360,0,59.25409735812132,0.905800241765905,"[0.002620697021474378, 0.004848480224590879, 0.004657745361310357, 0.016941070556576, 0.040828704833828625, 0.029155731201060655, 0.010486602783163122, 0.005111694335918, 0.8853492736782632]",0,Normal-692.png
1125570,0,143.82442514677098,0.8297764204976373,"[0.004165649414046609, 0.008415222167936649, 0.007453918457002815, 0.027271270751849094, 0.07897186279266749, 0.050857543945118495, 0.015380859374941326, 0.00807952880856293, 0.7994041442840598]",0,Normal-2736.png
2457945,0,376.80812744618396,0.6675093930393754,"[0.00927734374996461, 0.01899337768547442, 0.01413345336908671, 0.05438232421854255, 0.15455627441347292, 0.09249877929652214, 0.02972412109363661, 0.018699645996022415, 0.6077346801734629]",0,Normal-512.png
1045500,0,132.66916890900197,0.8409735100635886,"[0.004730224609356955, 0.009487152099573183, 0.007869720458954354, 0.030616760253789455, 0.07056427001926206, 0.04697036743146145, 0.01712036132805969, 0.00918960571285557, 0.8034515380828725]",0,Normal-224.png
744345,0,121.53436124021523,0.8637621822901951,"[0.0034637451171742866, 0.0076446533202833376, 0.005313873290995354, 0.021812438964760542, 0.059799194335709384, 0.040992736816249875, 0.013122558593699941, 0.007938385009735342, 0.8399124145475773]",0,Normal-2593.png
2363850,0,260.72234283268097,0.6954541829588525,"[0.010021209716758647, 0.017135620117122132, 0.01659393310540545, 0.05468368530252577, 0.12438201904249427, 0.08177947998015678, 0.029727935790902223, 0.014095306396430606, 0.6515808105443894]",0,Normal-3012.png
517140,0,80.85296141144812,0.9121617274935497,"[0.003208160400378387, 0.005073547363261896, 0.0044631958007642246, 0.014648437499944121, 0.03654479980454809, 0.027091979980365402, 0.009407043456995366, 0.005317687988260964, 0.8942451477016669]",0,Normal-3453.png
1130160,0,89.89067851027393,0.7803918585792707,"[0.0044441223144361715, 0.009754180908165915, 0.008983612060512606, 0.03499221801744464, 0.1081428527827906, 0.06658554077123037, 0.019897460937424095, 0.01166152954097114, 0.7355384826632098]",0,Normal-2535.png
1310190,0,193.28990337573384,0.862160410464985,"[0.004524230957013991, 0.008621215820279613, 0.007553100585908687, 0.025371551513575088, 0.051979064941207964, 0.03436279296861892, 0.013313293456980464, 0.007316589355440839, 0.8469581603971598]",0,Normal-1602.png
889950,0,88.63652764187867,0.8003327138818775,"[0.004161834716780999, 0.009590148925744666, 0.008644104003873275, 0.03194427490222189, 0.08984756469692289, 0.06228256225562179, 0.01906967163078663, 0.011539459228471605, 0.7629203796357615]",0,Normal-555.png
2063460,0,374.92690878791586,0.701718677681185,"[0.009159088134730686, 0.017139434814387743, 0.01422119140619575, 0.05178451538066183, 0.13649368286080743, 0.08787536621060228, 0.028038024902236794, 0.014965057372989787, 0.6403236389135729]",0,Normal-2510.png
802740,0,81.40673923679061,0.9000820531079435,"[0.0038948059081882675, 0.0056228637695098, 0.005336761474589016, 0.016738891601498645, 0.042121887206870566, 0.02553558349599634, 0.010589599609334603, 0.00527572631833925, 0.8848838806118587]",0,Normal-2021.png
2285565,0,301.6718749999999,0.7717072897158939,"[0.007274627685519125, 0.01457214355463191, 0.00852584838863935, 0.03561401367173914, 0.10694885253865452, 0.06705856323216607, 0.02011489868156389, 0.011585235595658931, 0.7283058166476123]",0,Normal-2842.png
792795,0,110.86725629892366,0.9172818888308084,"[0.0020141601562423165, 0.004127502441390505, 0.0022430419921789435, 0.01091003417964588, 0.04259872436507187, 0.022403717040930162, 0.00468444824216963, 0.0022506713867101644, 0.9087677001918458]",0,Normal-587.png
1231395,0,207.03819104696666,0.8051587287940974,"[0.00571060180661884, 0.010841369628864892, 0.009155273437465075, 0.032661437988156655, 0.08552932739225186, 0.056579589843534166, 0.018863677978443665, 0.009300231933558271, 0.7713584899872918]",0,Normal-498.png
985320,0,151.90363181873778,0.8530113725961856,"[0.004196166992171493, 0.00791168212887607, 0.005889892578102532, 0.02266311645499167, 0.07059097290012134, 0.04336166381819396, 0.0128517150878416, 0.006362915039038227, 0.8261718749968484]",0,Normal-2809.png
1495065,0,125.41336686643832,0.8669958952929533,"[0.00519561767576143, 0.00843811035153031, 0.007076263427707381, 0.02305221557608394, 0.05331420898417162, 0.033821105956902235, 0.013416290283151945, 0.007022857665988835, 0.8486633300748876]",0,Normal-248.png
1041675,0,165.31429641634045,0.8687936452089667,"[0.0037956237792823957, 0.007820129394501418, 0.006244659423804303, 0.02163314819327685, 0.05440521240213621, 0.03643417358384539, 0.012126922607375613, 0.006488800048803372, 0.8510513305631597]",0,Normal-2732.png
1383885,0,121.88037778253424,0.7542744100641556,"[0.0055961608886505275, 0.01234817504878102, 0.012130737304641225, 0.043647766113114744, 0.11791992187455017, 0.07450103759737205, 0.024719238281155704, 0.013263702392527528, 0.6958732604953923]",0,Normal-2213.png
380460,0,84.85767795988258,0.8924770921236802,"[0.002845764160145394, 0.00587463378904009, 0.005332946777323406, 0.0194244384764884, 0.04409027099592556, 0.033924102783073715, 0.012615203857373752, 0.006065368652320612, 0.8698272705044944]",0,Normal-627.png
1949730,0,258.08672486545987,0.6299160890246649,"[0.01107025146480152, 0.024135589599517303, 0.020145416259688777, 0.07173156738253886, 0.13493728637643837, 0.11315917968706833, 0.04762268066388083, 0.03084945678699169, 0.5463485717752595]",0,Normal-544.png
1233180,0,94.65316551492174,0.7818494361745049,"[0.004802703857403554, 0.009906768798790334, 0.009994506835899374, 0.034622192382680425, 0.10592651367147092, 0.062458038329839864, 0.01960372924797209, 0.010799407958943179, 0.7418861389131856]",0,Normal-441.png
2122620,0,348.8894477739726,0.7195448950807702,"[0.008239746093718567, 0.016548156738218123, 0.01319503784174654, 0.04800796508770749, 0.12803268432568346, 0.07773590087860971, 0.02497863769521721, 0.013744354247994445, 0.6695175170872897]",0,Normal-2178.png
402645,0,61.82168847847359,0.9180585897698792,"[0.00238418579100653, 0.0043067932128741954, 0.0043067932128741954, 0.014759063720646823, 0.03517532348619394, 0.024566650390531283, 0.008407592773405427, 0.003967285156234866, 0.902126312252418]",0,Normal-2257.png
554115,0,58.805421355185906,0.8949758247947889,"[0.0035667419433457687, 0.0073890686034874375, 0.005733489990212504, 0.017856597900322506, 0.03597640991197214, 0.027389526367083018, 0.012828826904247937, 0.007247924804659851, 0.8820114135708541]",0,Normal-2305.png
514335,0,79.43053602005871,0.886304487697569,"[0.0033988952636589092, 0.005844116210915206, 0.005840301513649596, 0.019985198974533137, 0.05006027221660591, 0.03347396850573168, 0.011451721191362564, 0.005844116210915206, 0.864101409908813]",0,Normal-3008.png
1267350,0,194.95154644691783,0.8070117063127688,"[0.005584716796853696, 0.01065444946284998, 0.008884429931606734, 0.03367614746080903, 0.09056472778285765, 0.05314254760721915, 0.018680572509694363, 0.010253906249960884, 0.7685585021943337]",0,Normal-2977.png
1246185,0,191.62381895181014,0.8238299605476112,"[0.006084442138648664, 0.010951995849567596, 0.008533477783170573, 0.03039932250964966, 0.07834625244110738, 0.05466079711893211, 0.01786804199211934, 0.009735107421837863, 0.7834205627411521]",0,Normal-1143.png
770100,0,107.37300100905088,0.9059647766732131,"[0.0031280517578005673, 0.0053596496581826795, 0.004585266113263759, 0.016742706298764256, 0.041877746581871496, 0.02672195434560119, 0.009498596191370015, 0.00527572631833925, 0.886810302730992]",0,Normal-2676.png
1016175,0,89.08138148238748,0.9181832244787823,"[0.003082275390613242, 0.005298614501932912, 0.004421234130842509, 0.014209747314398918, 0.029933929443245185, 0.019008636474536864, 0.00740814208981549, 0.0036849975585796927, 0.9129524230922205]",0,Normal-1252.png
684675,0,68.15124296722112,0.9124369268621079,"[0.003158569335925451, 0.005237579345683145, 0.005100250244121169, 0.015705108642518215, 0.03450775146471211, 0.022014617919837894, 0.008995056152309437, 0.004776000976544281, 0.9005050659145336]",0,Normal-3074.png
205020,0,24.39336931262231,0.9730668015160432,"[0.0008468627929655194, 0.0018577575683522882, 0.0010910034179645882, 0.004230499267561987, 0.011539459228471605, 0.008457183837858363, 0.0030937194824100732, 0.001430511474603918, 0.9674530029259969]",0,Normal-106.png
1230630,0,113.23762383806259,0.7704010411893181,"[0.005035400390605791, 0.010463714599569459, 0.010284423828085767, 0.03751373291001314, 0.11037063598590709, 0.06821060180638042, 0.02154541015616781, 0.011829376220658, 0.7247467040987978]",0,Normal-1379.png
2047650,0,317.4824256971624,0.720272536724216,"[0.008792877197232082, 0.015720367431580656, 0.013256072997996306, 0.04750823974591252, 0.12514114379835076, 0.07943344116180635, 0.026756286620991682, 0.013015747070262849, 0.6703758239720521]",0,Normal-3480.png
1187790,0,191.12434258806255,0.8696833952207755,"[0.005050659179668233, 0.008621215820279613, 0.006202697753882588, 0.023635864257722336, 0.05613708496072335, 0.03747940063462265, 0.012706756591748402, 0.006534576415990697, 0.8436317443815474]",0,Normal-3157.png
2041530,0,165.37422027886495,0.4917033922463614,"[0.008811950683560135, 0.022750854492100712, 0.018440246581960907, 0.07754898071259479, 0.2325401306143473, 0.1739387512200396, 0.04625320434552668, 0.030456542968633815, 0.3892593383774213]",0,Normal-1034.png
1129395,0,204.78951733732873,0.8162430422202333,"[0.005493164062479045, 0.010692596435506086, 0.009498596191370015, 0.03321456909167017, 0.0796699523922742, 0.05467987060526016, 0.019546508788987935, 0.010753631591755852, 0.7764511108368818]",0,Normal-3282.png
1558050,1,343.0988716976517,0.6972880079872203,"[0.006706237792943167, 0.014286041259711127, 0.011295318603472536, 0.05158615112285009, 0.14031219482368348, 0.1039810180660096, 0.02894210815418647, 0.017433166503839748, 0.625457763669489]",0,Normal-733.png
1233690,1,204.04143224070452,0.8352526074364777,"[0.00451278686521716, 0.008964538574184553, 0.006771087646458545, 0.02605438232411936, 0.06981658935520242, 0.05205154418925456, 0.015567779540956238, 0.008144378662078306, 0.8081169128387141]",0,Normal-3124.png
1552185,0,266.6095699302838,0.7971264194601188,"[0.006023406982398898, 0.012882232665966482, 0.008529663085904962, 0.03353881835924706, 0.09107208251918383, 0.06063079833961246, 0.019020080566333693, 0.010517120361288004, 0.7577857971162498]",0,Normal-3433.png
386325,0,61.315420132093934,0.8942845601559591,"[0.0024223327636626346, 0.005123138427714832, 0.004695892333966461, 0.019805908203049446, 0.04658508300763479, 0.03706359863267111, 0.012031555175735353, 0.00579071044919666, 0.866481781002554]",0,Normal-389.png
865980,0,63.85896985078278,0.8291408591718745,"[0.0036964416503765243, 0.007167816162082031, 0.006820678710911481, 0.029754638671761494, 0.08768463134732175, 0.05170440673808401, 0.01540374755853499, 0.008594512939420339, 0.7891731262176926]",0,Normal-3379.png
960585,0,99.48555987035228,0.8465546802508548,"[0.0046463012695135255, 0.00843048095699909, 0.009506225585901236, 0.027236938476458597, 0.06124114990211013, 0.03898239135727317, 0.015445709228456703, 0.007438659667940373, 0.8270721435515325]",0,Normal-339.png
2233545,0,328.00820618272985,0.6776115463553966,"[0.008075714111297318, 0.017486572265558293, 0.012424468994093229, 0.051498413085741046, 0.15679168701112065, 0.09176254272425932, 0.02785110473622188, 0.01676559448235792, 0.6173439025855356]",0,Normal-2971.png
1127865,0,167.3645387414383,0.835752151305923,"[0.005352020263651458, 0.009574890136682224, 0.008674621581998158, 0.029022216796764286, 0.06958389282200018, 0.0466957092283375, 0.016220092773375626, 0.008960723876918942, 0.8059158325164569]",0,Normal-62.png
504645,0,88.55883072407048,0.9035440659241816,"[0.0022697448730382166, 0.0044441223144361715, 0.0044441223144361715, 0.017520904540948786, 0.043300628661944195, 0.029075622558482835, 0.009819030761681294, 0.0041885375976402715, 0.8849372863735774]",0,Normal-2066.png
926160,0,115.87740796232873,0.8549697664000335,"[0.0035552978515489375, 0.007392883300753049, 0.006088256835914275, 0.023441314697176203, 0.06377029418920986, 0.04463195800764224, 0.013305664062449242, 0.007087707519504213, 0.8307266235319872]",0,Normal-3132.png
952680,0,154.82885885518587,0.8241291881321888,"[0.00510787963865239, 0.009616851806603939, 0.009151458740199465, 0.03080749511706998, 0.07628631591767773, 0.05285644531229837, 0.017890930175713003, 0.010372161865194808, 0.7879104614227755]",0,Normal-1636.png
251940,0,51.78579837328766,0.9169404393782525,"[0.002590179443349494, 0.00476837158201306, 0.004634857177716695, 0.014873504638615137, 0.03448486328111845, 0.025863647460838836, 0.00986862182613423, 0.005458831787088551, 0.8974571227993108]",0,Normal-1624.png
792540,0,64.59636818126224,0.6607005568599151,"[0.010356903076132367, 0.026088714599509854, 0.020317077636641246, 0.0751037597653385, 0.12031173706008792, 0.12184906005812893, 0.05373382568338877, 0.046634674072087726, 0.5256042480448699]",0,Normal-1503.png
1240320,0,137.52722526296478,0.8040769657727772,"[0.005039215087871402, 0.011028289794879804, 0.008945465087856501, 0.03262710571276616, 0.08559036254850162, 0.05530548095682027, 0.019638061523362588, 0.011138916015582508, 0.7706871032685444]",0,Normal-2475.png
973590,0,104.77739726027397,0.8707206369493881,"[0.004081726074203179, 0.007175445556613253, 0.006793975830052208, 0.02317810058584908, 0.053916931152138074, 0.03369522094713709, 0.013488769531198545, 0.006675720214818284, 0.8509941101041756]",0,Normal-2624.png
1015155,0,208.06095966854207,0.8462275378585988,"[0.004024505615219023, 0.0071525573730195895, 0.007213592529269357, 0.026153564453025233, 0.06533432006811014, 0.047489166259584464, 0.01311492919916872, 0.006507873535131424, 0.8230094909636573]",0,Normal-3171.png
1201815,0,180.1097648605675,0.8814774423261568,"[0.0037841796874855645, 0.006778717040989766, 0.004653930664044747, 0.01973724365226846, 0.05381011962870098, 0.033065795898311365, 0.008491516113248858, 0.004577636718732537, 0.865100860592403]",0,Normal-2618.png
583695,0,72.04513591609589,0.9265333871639689,"[0.0022239685058508913, 0.0060005187988052345, 0.002487182617178012, 0.012741088867138897, 0.0261421203612284, 0.03080749511706998, 0.006607055664037296, 0.009002685546840658, 0.9039878845180359]",0,Normal-371.png
1373175,0,200.8856409001957,0.7488729182910564,"[0.008918762206997227, 0.01627349853509417, 0.014251708984320634, 0.046005249023262, 0.09960937499962001, 0.07304000854464325, 0.030200958251837915, 0.018760681152272182, 0.6929397582981379]",0,Normal-3314.png
1062585,0,200.8309686888454,0.8212863596506169,"[0.005130767822246052, 0.00988006591793106, 0.00783538818356386, 0.03008270263660399, 0.07939910888641587, 0.052898406982220085, 0.017768859863213467, 0.010276794433554547, 0.7867279052704363]",0,Normal-1043.png
1028415,0,188.66637108610567,0.8361910503562446,"[0.004787445068341112, 0.008869171142544291, 0.008155822753875138, 0.02683258056630389, 0.07298278808565908, 0.045349121093577006, 0.015300750732363507, 0.008243560790984178, 0.809478759762537]",0,Normal-1005.png
877965,0,163.03239664872797,0.8779289167099374,"[0.0037918090820167854, 0.006427764892553605, 0.004894256591778205, 0.018638610839772647, 0.050022125243949805, 0.04129791259749871, 0.011226654052691548, 0.005924224853493026, 0.857776641842431]",0,Normal-600.png
827475,0,95.34538206335613,0.9116609084490909,"[0.003185272216784724, 0.005332946777323406, 0.0035247802734240537, 0.01337051391596462, 0.03759384155259096, 0.025405883788965584, 0.00740814208981549, 0.004486083984357887, 0.8996925353969586]",0,Normal-3499.png
823905,0,103.8847847358121,0.8855304065393884,"[0.004787445068341112, 0.007942199707000953, 0.00655364990231875, 0.019630432128831365, 0.041580200195153884, 0.03023529052722841, 0.013080596923778226, 0.007534027099580635, 0.8686561584439519]",0,Normal-1933.png
405450,0,51.70408054060667,0.8901687633589251,"[0.004039764404281465, 0.008129119873015865, 0.006393432617163111, 0.019351959228441802, 0.03864288330063384, 0.02954101562488731, 0.01422119140619575, 0.008888244628872343, 0.8707923889126938]",0,Normal-230.png
2421990,0,399.6420621330723,0.6400018919475796,"[0.009902954101524723, 0.020591735839765198, 0.015457153320253535, 0.058883666991962874, 0.16208648681578794, 0.10313415527304406, 0.03377914428698052, 0.0180740356444623, 0.5780906677224041]",0,Normal-3260.png
1004445,0,118.87416676859098,0.8535829703687297,"[0.004028320312484633, 0.0070495605468481074, 0.008338928222624439, 0.025745391845604912, 0.060848236083752255, 0.036800384521343994, 0.013954162597603018, 0.005947113037086688, 0.8372879028288372]",0,Normal-570.png
359040,0,36.82355369373776,0.9339014487542364,"[0.002632141113271209, 0.004978179931621635, 0.0038719177245946047, 0.011123657226520067, 0.02306747436514638, 0.016708374023373763, 0.008563995361295455, 0.004810333251934775, 0.9242439269984274]",0,Normal-2162.png
358275,0,41.019875244618405,0.8998474036384353,"[0.0035934448242050418, 0.0069160461425517425, 0.006195068359351368, 0.01780319213860396, 0.03348541259752851, 0.026538848876851887, 0.012989044189403576, 0.007003784179660783, 0.8854751586880284]",0,Normal-162.png
1109505,0,178.2471028008806,0.8282888599422069,"[0.005035400390605791, 0.01013565063472696, 0.008331298828093218, 0.029777526855355157, 0.06884002685520614, 0.047920227050598445, 0.017379760742121202, 0.009422302246057807, 0.8031578063934205]",0,Normal-1263.png
2404905,0,328.1969101638943,0.6791500988041387,"[0.0097122192382442, 0.018779754638600234, 0.01463699340814729, 0.05467605590799455, 0.14826202392521567, 0.09484100341760696, 0.031803131103394305, 0.016914367675716725, 0.6103744506812654]",0,Normal-1230.png
820080,0,114.56611576565558,0.7719958922385382,"[0.004516601562482771, 0.010181427001914286, 0.009998321533164984, 0.036907196044781085, 0.10777282714802637, 0.07069778442355844, 0.022014617919837894, 0.011730194091752128, 0.7261810302706673]",0,Normal-3337.png
496740,0,82.50694869129158,0.8925223521029086,"[0.002693176269520976, 0.005332946777323406, 0.005092620849589948, 0.01865005493156948, 0.04677963256818092, 0.031558990478395235, 0.0115013122558155, 0.005668640136697126, 0.8727226257290926]",0,Normal-996.png
818550,0,115.23557515900194,0.870862915351708,"[0.003940582275375593, 0.006851196289036365, 0.00604629516599256, 0.022792816162022427, 0.056224822997832394, 0.0382270812986823, 0.0125961303710457, 0.006877899169895637, 0.8464431762663023]",0,Normal-94.png
879240,0,103.26308708414871,0.8708219261642549,"[0.004344940185530301, 0.007591247558564791, 0.006801605224583429, 0.02204895019522839, 0.05413436889627787, 0.03391647338854249, 0.012989044189403576, 0.006694793701146336, 0.8514785766569081]",0,Normal-64.png
632655,0,62.44023666829742,0.9145558794826262,"[0.0031051635742069044, 0.005233764648417534, 0.00519943237302704, 0.014366149902288947, 0.031024932861209772, 0.02173995971671394, 0.008548736572233014, 0.004161834716780999, 0.9066200256313072]",0,Normal-2183.png
1014645,1,149.27096456091002,0.8477017755938989,"[0.0036926269531109136, 0.008457183837858363, 0.005973815917945962, 0.022758483886631934, 0.06869125366184733, 0.0444335937498305, 0.014041900634712058, 0.007293701171847177, 0.8246574401824011]",0,Normal-2120.png
921570,0,165.81579852617412,0.8577787998592874,"[0.004077911376937569, 0.008399963378874206, 0.006023406982398898, 0.023567199706941346, 0.06249999999976158, 0.04299163818342975, 0.013515472412057817, 0.007675170898408221, 0.8312492370573759]",0,Normal-454.png
1190340,0,144.17507032778866,0.8710225788483541,"[0.0040893554687344005, 0.007946014404266562, 0.00553131103513515, 0.02139282226554339, 0.06070327758765906, 0.03511428832994418, 0.011222839355425939, 0.00638198852536628, 0.8476181030241103]",0,Normal-3482.png
303195,0,51.26673342710371,0.8996485964913116,"[0.003295898437487427, 0.00647354125974093, 0.005302429199198522, 0.01856994628899166, 0.033500671386590956, 0.029472351074106323, 0.01397323608393107, 0.007900238037079238, 0.8815116882290591]",0,Normal-1621.png
398565,0,37.56817973336595,0.9404601771397262,"[0.0018386840820242359, 0.0033912658691276883, 0.0034294128417837926, 0.010581970214803383, 0.025386810302637532, 0.015178680419863972, 0.0055618286132600335, 0.002922058105457603, 0.931709289547227]",0,Normal-3434.png
1159995,0,95.8893751528865,0.7936436855841434,"[0.0045967102050605895, 0.009563446044885394, 0.008659362792935717, 0.03310394287096747, 0.10216522216757902, 0.0590400695798529, 0.01890563964836538, 0.01021575927730478, 0.753749847409234]",0,Normal-291.png
863940,0,121.10555665973583,0.8666818951838433,"[0.004405975341780067, 0.007007598876926393, 0.007148742675753979, 0.023696899413972104, 0.059555053710710314, 0.03785705566391809, 0.013275146484324358, 0.00681304931638026, 0.8402404785124197]",0,Normal-1391.png
1053660,0,178.17698140900194,0.841669759834874,"[0.004287719726546143, 0.008930206298794059, 0.006946563720676625, 0.025333404540918984, 0.07028961181613812, 0.04541778564435799, 0.014808654785099759, 0.007518768310518193, 0.8164672851531354]",0,Normal-728.png
1942845,0,382.669482326321,0.6705530846147648,"[0.010532379150350447, 0.018440246581960907, 0.015029907226505166, 0.05635452270486315, 0.14308547973578228, 0.10016632080039914, 0.03140258789050521, 0.018341064453055035, 0.606647491452764]",0,Normal-861.png
849915,0,181.253825984589,0.8044041014232601,"[0.00604629516599256, 0.011680603027299192, 0.011631011962846256, 0.03602600097642507, 0.07691574096650346, 0.056682586669705645, 0.021892547607338362, 0.012672424316357908, 0.7664527893037169]",0,Normal-2671.png
1086555,0,143.29867523850288,0.8363124722678105,"[0.004638671874982305, 0.009258270263636558, 0.006900787353489301, 0.027065277099506128, 0.07607269287080355, 0.047439575195131534, 0.015563964843690627, 0.008865356445278682, 0.8041954040496666]",0,Normal-344.png
1092675,0,84.67307898116441,0.846382968231081,"[0.003448486328111845, 0.006874084472630027, 0.005661010742165904, 0.023185729980380303, 0.07724761962861157, 0.04449081420881466, 0.012897491455028925, 0.006351470947241396, 0.8198432922332006]",0,Normal-338.png
616335,0,103.78256864603716,0.8823516287699803,"[0.0034446716308462345, 0.006313323974585291, 0.006080627441383054, 0.0221252441405406, 0.053112030029094266, 0.03470993041978947, 0.012447357177686892, 0.005809783935524712, 0.8559570312467347]",0,Normal-2782.png
776220,0,113.37768698018589,0.8582802772537498,"[0.0036849975585796927, 0.0071525573730195895, 0.00647354125974093, 0.023132324218661758, 0.06539916992162552, 0.04030609130843999, 0.012676239013623518, 0.00638580322263189, 0.8347892761198624]",0,Normal-2738.png
546720,0,89.99982418052838,0.9182334653021929,"[0.002529144287099727, 0.004592895507794979, 0.0033569335937371943, 0.013347625732370957, 0.03229522705065805, 0.023986816406158497, 0.008895874023403565, 0.003982543945297307, 0.907012939449665]",0,Normal-2722.png
1091400,0,144.82107693248534,0.8276165660956294,"[0.0038642883300633838, 0.0075759887695023495, 0.007167816162082031, 0.02930068969715385, 0.08341979980436928, 0.05049133300761989, 0.014266967773383075, 0.00791168212887607, 0.7960014343231353]",0,Normal-2770.png
1053405,0,156.5556812622309,0.8382602394434788,"[0.0049018859863094255, 0.009361267089808039, 0.008380889892546154, 0.027301788329973976, 0.07252120971652022, 0.04733657836896005, 0.016452789306577863, 0.00843048095699909, 0.8053131103484904]",0,Normal-2773.png
244545,0,54.87181231653619,0.9335511048952575,"[0.0017395019531183642, 0.003379821777330857, 0.003005981445301033, 0.011692047119096024, 0.027465820312395226, 0.02145767211905877, 0.007404327392549879, 0.0035896301269394315, 0.9202651977503957]",0,Normal-1268.png
824415,0,109.5982601516634,0.8718384804413346,"[0.003807067871079227, 0.0067138671874743885, 0.007671356201142611, 0.023746490478425038, 0.04944229125957702, 0.03371810913073075, 0.012924194335888197, 0.005981445312477182, 0.8559951782193909]",0,Normal-3429.png
514080,0,113.90487402152641,0.895505610013849,"[0.0033416748046747524, 0.006450653076147268, 0.005073547363261896, 0.017425537109308525, 0.04188537597640272, 0.03124999999988079, 0.011302947998003757, 0.007232666015597409, 0.8760375976529081]",0,Normal-3288.png
303450,0,61.68958690068493,0.9344483223281828,"[0.0017051696777278702, 0.003440856933580624, 0.0031890869140503344, 0.010337829589804315, 0.026878356933491217, 0.020481109619062497, 0.007030487060520055, 0.003440856933580624, 0.9234962463343678]",0,Normal-1733.png
927435,0,102.77518040606653,0.862420500337105,"[0.00391769409178193, 0.00757980346676796, 0.007869720458954354, 0.0242805480956105, 0.05511093139627414, 0.03561019897447353, 0.014850616455021474, 0.0070686340331761605, 0.8437118530241252]",0,Normal-2683.png
838950,0,98.93128516389433,0.8624888886714401,"[0.003925323486313151, 0.007938385009735342, 0.007530212402315025, 0.022914886474521962, 0.060604095458753185, 0.03874588012680532, 0.014217376708930139, 0.006977081298801509, 0.8371467590300097]",0,Normal-801.png
813450,0,127.21891435298433,0.8525051746096062,"[0.0051040649413867795, 0.00800704956051633, 0.008659362792935717, 0.028057098388564846, 0.05680084228493957, 0.04025268554672145, 0.016105651855407313, 0.008209228515593685, 0.8288040161101196]",0,Normal-2473.png
1505265,0,219.94360399339524,0.8059658365222124,"[0.007503509521455751, 0.014835357665959031, 0.01142120361323768, 0.033840179443230284, 0.07113265991183802, 0.05266189575175224, 0.022869110107334636, 0.013545989990182701, 0.772190093991195]",0,Normal-1340.png
517140,0,100.2585157778865,0.8956969212235559,"[0.003276824951159375, 0.005672454833962736, 0.0053596496581826795, 0.017417907714777307, 0.04341506957991251, 0.03210067749011192, 0.011459350585893785, 0.0063896179198975, 0.8749084472622874]",0,Normal-136.png
1781430,0,306.69495703889424,0.6638429481334241,"[0.009498596191370015, 0.01889801025383416, 0.01754760742180806, 0.059421539306413945, 0.14724349975529769, 0.09841156005821834, 0.034622192382680425, 0.021018981933513568, 0.5933380126930491]",0,Normal-2797.png
2193765,0,340.24138484589037,0.6635121360188925,"[0.009593963623010276, 0.017852783203056898, 0.014621734619084847, 0.05879592895485383, 0.1525154113763713, 0.10163497924765917, 0.03056335449207091, 0.017318725585871435, 0.5971031188942066]",0,Normal-71.png
1291830,0,231.54656922700588,0.8517585325308868,"[0.004356384277327131, 0.008747100830044758, 0.005981445312477182, 0.02343368530264498, 0.06510162353490791, 0.040348052978361706, 0.011295318603472536, 0.006191253662085757, 0.8345451354948633]",0,Normal-3024.png
657645,0,99.55774140777886,0.8967796914931653,"[0.0035209655761584435, 0.006198883056616978, 0.005668640136697126, 0.01676940917962353, 0.04896926879864132, 0.03073501586902338, 0.01089477539058344, 0.006252288818335524, 0.8709907531705056]",0,Normal-2600.png
386835,0,40.25527458414872,0.9317312202832255,"[0.002548217773427779, 0.005260467529276808, 0.004066467285140737, 0.012363433837843461, 0.022624969482335566, 0.018432617187429685, 0.008907318115200395, 0.005073547363261896, 0.920722961422269]",0,Normal-1067.png
610725,0,118.59660897749507,0.9191914852920416,"[0.00272369384764586, 0.004730224609356955, 0.0034599304199086764, 0.013492584228464154, 0.03509902954088173, 0.021415710449137055, 0.006572723388646802, 0.003856658935532163, 0.9086494445766119]",0,Normal-2739.png
862920,0,56.141106592465746,0.9012204788210167,"[0.0032920837402218165, 0.005775451660134218, 0.005668640136697126, 0.017391204833918032, 0.040401458740080255, 0.02403640747061143, 0.010108947753867687, 0.005126953124980442, 0.8881988525356742]",0,Normal-718.png
731340,0,165.7824654476517,0.8664709996227866,"[0.004718780517560124, 0.00902175903316871, 0.006660461425755842, 0.022644042968663618, 0.053997039794715894, 0.03963470458969255, 0.015319824218691559, 0.010330200195273092, 0.8376731872526639]",0,Normal-1751.png
938400,0,130.84937622309192,0.8452622396941148,"[0.004131317138656115, 0.008190155029265633, 0.007106781005832265, 0.02503967285146698, 0.06909942626926766, 0.043895721435379426, 0.01465225219720973, 0.007347106933565723, 0.8205375671355417]",0,Normal-1978.png
1120215,0,174.78839744373778,0.8039318842486323,"[0.00519561767576143, 0.01039123535152286, 0.009201049804652401, 0.033439636230341185, 0.08842468261685019, 0.05524826049783612, 0.01906204223625541, 0.00954055786129173, 0.769496917721674]",0,Normal-1588.png
771630,0,101.80785225048923,0.8669014256001063,"[0.003269195556628154, 0.006393432617163111, 0.00664138793942779, 0.02290725707999074, 0.05989837646461525, 0.03718566894517065, 0.012588500976514478, 0.006160736083960874, 0.8449554443327142]",0,Normal-1345.png
1107210,0,82.9397436093444,0.7987415015762891,"[0.004436492919904951, 0.008777618408169641, 0.008804321289028914, 0.032714843749875204, 0.09996414184532179, 0.05865478515602625, 0.017269134521418497, 0.009910583496055943, 0.7594680786103841]",0,Normal-546.png
800700,0,99.87323416095887,0.8599676754583181,"[0.0036354064941267568, 0.007793426513642145, 0.006942749023411015, 0.024551391601468842, 0.06664657592748013, 0.04068374633773543, 0.01507186889642688, 0.009326934814417546, 0.8253479003874765]",0,Normal-1591.png
2465850,0,299.2752568493151,0.7332132138841799,"[0.008625030517545222, 0.015659332275330888, 0.012496948242139828, 0.04941558837871774, 0.12672805786084468, 0.07865142822235621, 0.0243530273436571, 0.012981414794872354, 0.6710891723607212]",0,Normal-433.png
778260,0,82.01902672455968,0.9006878956641937,"[0.003219604492175218, 0.005638122558572242, 0.005004882812480908, 0.01746368408196463, 0.04114532470687429, 0.026409149169821133, 0.010326385498007483, 0.004886627197246984, 0.8859062194790424]",0,Normal-2345.png
1078650,0,178.1716686032289,0.8389685300688643,"[0.004192352294905883, 0.008415222167936649, 0.007381439208956217, 0.027652740478410136, 0.07049560546848108, 0.043914794921707474, 0.014289855956976738, 0.0068664550780988065, 0.8167915344207123]",0,Normal-714.png
1146225,0,209.75674611668296,0.7921213403073837,"[0.005905151367164974, 0.012020111083938521, 0.010002136230430595, 0.03592300415025359, 0.09159469604457246, 0.05793380737282587, 0.02087783813468598, 0.010864257812458556, 0.7548789977998547]",0,Normal-1535.png
1019490,0,116.91588949363991,0.814670749563864,"[0.003940582275375593, 0.008659362792935717, 0.007217407226534967, 0.027858734130753102, 0.0887565612789583, 0.056514739990018784, 0.01598739624017339, 0.008361816406218102, 0.7827033996552173]",0,Normal-2881.png
1124295,0,155.57737967832682,0.8292569303668403,"[0.004760742187481839, 0.00970458984371298, 0.0077629089355172615, 0.02861785888660958, 0.0761985778805687, 0.04971313476543536, 0.017086029052669198, 0.00893402099605967, 0.7972221374481306]",0,Normal-241.png
716040,0,99.76779598825831,0.8860393901819508,"[0.0032730102538937643, 0.0060005187988052345, 0.0056228637695098, 0.019966125488205085, 0.047954559325988945, 0.03168869018542599, 0.011585235595658931, 0.005676269531228346, 0.8682327270474692]",0,Normal-1251.png
303450,0,36.76619068003914,0.919349896579403,"[0.0030021667480354224, 0.0057983398437278805, 0.005016326904277739, 0.014530181884710197, 0.027549743652238657, 0.021736145019448334, 0.010578155517537772, 0.005886077880836922, 0.9059028625453723]",0,Normal-1613.png
1070490,0,164.61717603351264,0.826540986765614,"[0.004711151123028903, 0.009410858154260975, 0.00783538818356386, 0.02902984619129551, 0.07797622680634317, 0.049102783202937685, 0.0159187316893924, 0.008331298828093218, 0.7976837158172696]",0,Normal-1685.png
909330,0,123.68698783023483,0.8982123214294038,"[0.003288269042956206, 0.0055274963378695394, 0.0050697326659962854, 0.018081665038993524, 0.04307937622053879, 0.027240753173724208, 0.009552001953088562, 0.004333496093733469, 0.8838272094692847]",0,Normal-1283.png
867510,0,169.78583277274947,0.8404574831396916,"[0.004871368408184542, 0.00953292846676051, 0.008144378662078306, 0.02809906005848656, 0.06795120239231892, 0.049694061279107304, 0.01616287231439147, 0.009315490722620714, 0.806228637692237]",0,Normal-3348.png
987615,0,106.50502232142857,0.8549309452821108,"[0.004589080810529369, 0.008186340332000022, 0.008544921874967403, 0.025608062744042936, 0.06292724609350996, 0.038547515868993576, 0.013923645019478135, 0.006851196289036365, 0.8308219909636275]",0,Normal-2154.png
644640,0,83.99776785714286,0.9060805897540165,"[0.0035820007324082106, 0.005542755126931981, 0.005645751953103463, 0.01644134521478103, 0.03544616699205228, 0.023025512695224664, 0.00988388061519667, 0.005260467529276808, 0.8951721191372102]",0,Normal-1626.png
1239045,0,104.72489985934442,0.7691773256487852,"[0.004554748535138875, 0.01030349731441382, 0.009799957275353242, 0.037178039550639426, 0.1167297363276797, 0.06821060180638042, 0.021007537841716738, 0.011219024658160328, 0.7209968566867028]",0,Normal-1177.png
620415,0,88.43363197162427,0.890556039882011,"[0.0033683776855340255, 0.00587463378904009, 0.005592346191384916, 0.019618988037034536, 0.052436828613081216, 0.033092498779170636, 0.011543273925737216, 0.006584167480443633, 0.861888885494759]",0,Normal-3436.png
1043715,0,201.1305115582192,0.8356501488113274,"[0.004898071289043815, 0.0094566345214483, 0.007251739501925461, 0.027900695800674818, 0.07528305053682219, 0.04794311523419211, 0.015865325927673854, 0.008800506591763303, 0.8026008605926415]",0,Normal-579.png
1193910,0,185.30368609344418,0.8332100287802754,"[0.00536346435544829, 0.0099678039550401, 0.007942199707000953, 0.02828598022450147, 0.07131958007785294, 0.04580688476545026, 0.016208648681578793, 0.009162902831996295, 0.8059425353973162]",0,Normal-1793.png
994755,0,173.17109527886498,0.8403165142979567,"[0.004196166992171493, 0.008594512939420339, 0.007759094238251651, 0.026325225829977702, 0.071926116943085, 0.04404067993147262, 0.014835357665959031, 0.007774353027314093, 0.8145484924285333]",0,Normal-2992.png
1131690,0,81.69316062255379,0.8116056085730023,"[0.0034942626952991704, 0.008579254150357898, 0.008045196533172434, 0.03134918212878666, 0.09307479858362933, 0.05585479736306818, 0.01736831665032437, 0.00953674316402612, 0.7726974487275211]",0,Normal-1329.png
1065135,0,160.22668863136008,0.8402636628709501,"[0.004585266113263759, 0.008579254150357898, 0.006809234619114649, 0.025409698486231196, 0.06951141357395359, 0.04315185546858539, 0.014545440673772638, 0.007377624511690607, 0.8200302123992156]",0,Normal-2283.png
938655,0,128.62071153375734,0.9404996987162928,"[0.0028991699218639403, 0.004760742187481839, 0.0032730102538937643, 0.00962066650386955, 0.020492553710859326, 0.011695861816361633, 0.004104614257796842, 0.0024223327636626346, 0.9407310485803957]",0,Normal-443.png
2141235,0,353.2345508194716,0.6977274995275545,"[0.008293151855437114, 0.017009735107356986, 0.012901306152294536, 0.051578521728318866, 0.13810729980416067, 0.0940132141109695, 0.030128479003791318, 0.016544342040952512, 0.6314239501929038]",0,Normal-3176.png
498780,0,78.42831916585126,0.8990326620738975,"[0.003005981445301033, 0.005313873290995354, 0.005851745605446428, 0.017421722412042914, 0.04258728027327504, 0.027187347412005663, 0.009952545165977659, 0.005126953124980442, 0.8835525512661607]",0,Normal-373.png
299115,0,58.67082772749511,0.9332699573418914,"[0.0020103454589767062, 0.0036773681640484717, 0.003841400146469721, 0.012409210205030788, 0.025573730468652443, 0.020313262939375635, 0.007846832275360692, 0.003379821777330857, 0.9209480285609399]",0,Normal-3393.png
1544790,0,208.37543954867905,0.6636675819976356,"[0.009300231933558271, 0.019393920898363518, 0.01720046997063751, 0.06277847290015114, 0.14347839355414016, 0.10476684570272535, 0.03867721557602433, 0.025405883788965584, 0.5789985656716194]",0,Normal-1529.png
1014390,0,118.31744205601758,0.7936636094176491,"[0.005039215087871402, 0.010944366455036375, 0.010227203369101611, 0.03611373901353411, 0.09381484985315774, 0.06373977661108497, 0.021385192871012173, 0.012706756591748402, 0.7460289001436384]",0,Normal-2201.png
810135,0,115.162315771771,0.8695956230056561,"[0.004100799560531231, 0.0071868896484100836, 0.006519317626928256, 0.023208618163973967, 0.05836486816383985, 0.03807067871079227, 0.01346206665033927, 0.006454467773412878, 0.8426322936979574]",0,Normal-3023.png
693600,0,71.29091242661447,0.8997082447936071,"[0.0031394958495973985, 0.005634307861306632, 0.005863189697243258, 0.01863479614250704, 0.041236877441248945, 0.02573013305654247, 0.009952545165977659, 0.004878997802715763, 0.8849296569790461]",0,Normal-2566.png
1802085,0,220.77044092465755,0.7907068163948032,"[0.0057830810546654395, 0.011814117431595557, 0.009891510009727891, 0.033332824706904095, 0.08526229858365912, 0.055393218993929315, 0.018764495849537793, 0.009944915771446438, 0.7698135375947196]",0,Normal-699.png
1135005,0,164.18428173923678,0.833779668476227,"[0.005146026611308494, 0.010234832763632832, 0.007873535156219965, 0.028064727783096065, 0.07550048828096198, 0.04978561401348196, 0.016212463378844404, 0.00885391235348185, 0.7983283996551577]",0,Normal-2762.png
932280,0,143.42541814456948,0.8481598506239427,"[0.004287719726546143, 0.00791168212887607, 0.006919860839817353, 0.025516510009668286, 0.0664901733395901, 0.047569274902162284, 0.014587402343694354, 0.007564544677705519, 0.8191528320281252]",0,Normal-392.png
1000620,0,158.6270639677103,0.8434673501647529,"[0.004627227783185473, 0.009086608886684087, 0.007308959960909619, 0.02724838256825543, 0.06705093383763484, 0.04792785644512967, 0.015380859374941326, 0.007934570312469733, 0.813434600826975]",0,Normal-24.png
1795200,0,172.89337313478472,0.7880235932435496,"[0.008041381835906825, 0.01481628417963098, 0.01166915893550236, 0.03823089599594791, 0.08650207519498251, 0.060420989990003886, 0.023788452148346753, 0.013439178466745609, 0.7430915832491184]",0,Normal-2165.png
1275255,0,230.55179794520538,0.7754443894056663,"[0.007026672363254445, 0.012290954589796864, 0.010944366455036375, 0.039890289306488455, 0.100627899169538, 0.06629180908177837, 0.022426605224523822, 0.012153625488234888, 0.7283477783175341]",0,Normal-1032.png
619650,0,116.81135335127202,0.8865072429018551,"[0.0031814575195191134, 0.005996704101539624, 0.0055961608886505275, 0.01993942260734581, 0.05143737792949128, 0.03258895874011006, 0.01090240478511466, 0.0057296752929468925, 0.8646278381314673]",0,Normal-3079.png
1531275,0,249.7594483855186,0.737117550709972,"[0.00827026367184345, 0.015617370605409174, 0.013530731201120258, 0.047332763671694436, 0.11236572265582136, 0.08256149291960692, 0.029514312744028035, 0.016895294189388673, 0.6739120483372729]",0,Normal-2011.png
644130,0,106.3523727984344,0.9096087462994729,"[0.0033187866210810896, 0.005744934082009334, 0.004497528076154719, 0.016048431396423153, 0.04433822631819024, 0.02801513671864313, 0.009563446044885394, 0.005886077880836922, 0.8825874328579613]",0,Normal-2863.png
761430,0,88.05393071183951,0.8741191943176141,"[0.0038681030273289944, 0.007194519042941305, 0.006870269775364417, 0.02307891845694321, 0.05057907104472893, 0.03536224365220885, 0.014041900634712058, 0.007488250732393309, 0.8515167236295642]",0,Normal-2651.png
809880,0,101.29498685176128,0.8781813353938521,"[0.003959655761703645, 0.007469177246065257, 0.006988525390598341, 0.022541046142492138, 0.04909133911114086, 0.031208038329959074, 0.01235580444331224, 0.006420135498022384, 0.8599662780728914]",0,Normal-2364.png
837165,0,135.69991056139924,0.866741712220113,"[0.004287719726546143, 0.007820129394501418, 0.006965637207004678, 0.0240974426268612, 0.06183624267554536, 0.040264129638518276, 0.014690399169865835, 0.007957458496063394, 0.832080841061279]",0,Normal-1274.png
1017960,0,82.70336197407045,0.8874690469962215,"[0.0037498474120950705, 0.006790161132786597, 0.006576538085912412, 0.020336151122969298, 0.04586410522443442, 0.028217315673720482, 0.01081466674800562, 0.005508422851541487, 0.8721427917447199]",0,Normal-1516.png
1320135,0,148.6792059075342,0.8490425271727944,"[0.005016326904277739, 0.00946044921871391, 0.0070838928222386015, 0.02360916137686306, 0.06856155395481658, 0.041393280029138974, 0.013816833496041042, 0.007793426513642145, 0.8232650756804533]",0,Normal-444.png
1893630,0,296.4605476394324,0.6901089826591424,"[0.008911132812466006, 0.017078399658137976, 0.014259338378851854, 0.05285644531229837, 0.13705062866158657, 0.09063339233363864, 0.02911758422840455, 0.014759063720646823, 0.6353340148901545]",0,Normal-2082.png
705075,0,203.87718627690805,0.8538600632538492,"[0.003482818603502339, 0.007717132568329936, 0.006309509277319681, 0.02460098266592178, 0.05665206909158076, 0.04559326171857608, 0.015056610107364438, 0.008064270019500486, 0.8325233459440897]",0,Normal-14.png
1542495,0,253.44386390044028,0.8237818482828619,"[0.0075416564941118555, 0.01337051391596462, 0.00920486450191801, 0.03055191040027408, 0.06394195556616233, 0.052249908447066305, 0.018955230712818315, 0.01303100585932529, 0.7911529540985445]",0,Normal-266.png
962880,0,145.5125902030333,0.8338327778309976,"[0.0050544738769338435, 0.009162902831996295, 0.007556915283174297, 0.02870941162098423, 0.07343292236300113, 0.049213409423640386, 0.01593017578118923, 0.008563995361295455, 0.8023757934539704]",0,Normal-1939.png
2112930,0,297.8481951749023,0.7047268612013431,"[0.008674621581998158, 0.01678085327142036, 0.012390136718702736, 0.047389984130678596, 0.13263320922800967, 0.08536529540983061, 0.02637100219716503, 0.01336669921869901, 0.6570281982396812]",0,Normal-3219.png
867255,0,103.7872393285225,0.7820883371634804,"[0.004753112792950618, 0.010280609130820158, 0.01021957397457039, 0.035476684570177164, 0.10076522827109999, 0.06640243530248106, 0.020908355712810866, 0.011940002441360701, 0.7392539977999143]",0,Normal-889.png
764235,0,75.79032381360076,0.9045177863913859,"[0.002742767333973912, 0.005046844482402623, 0.004112243652328063, 0.015094757080020543, 0.04119873046859284, 0.026699066162007526, 0.009380340576136091, 0.004051208496078295, 0.8916740417446454]",0,Normal-2637.png
1571055,0,236.78539322407045,0.7470515818772792,"[0.007900238037079238, 0.01585388183587702, 0.01210021972651634, 0.046871185302555574, 0.11419296264604877, 0.07579040527314838, 0.02692413330067854, 0.015029907226505166, 0.6853370666477763]",0,Normal-770.png
864195,0,108.41963521281801,0.8523339395533295,"[0.0038795471191258256, 0.007774353027314093, 0.006752014160130493, 0.024219512939360734, 0.06631088256810641, 0.04087829589828156, 0.013614654540963689, 0.006858825683567585, 0.8297119140593349]",0,Normal-1745.png
956760,0,94.08228351272018,0.8786923938190597,"[0.004356384277327131, 0.007865905761688744, 0.007469177246065257, 0.021190643310466037, 0.04678726196271214, 0.030960083007694397, 0.013339996337839737, 0.006835937499973923, 0.8611946105924179]",0,Normal-803.png
968490,0,136.76404262475535,0.8386384736164778,"[0.004325866699202248, 0.007846832275360692, 0.008113861083953422, 0.028144836425673884, 0.07103729248019776, 0.04512023925764038, 0.015472412109315978, 0.006786346435520987, 0.8131523132293199]",0,Normal-2749.png
618120,0,78.01432546477494,0.894213012112104,"[0.0040206909179534124, 0.006511688232397035, 0.0067977905273178185, 0.01890563964836538, 0.03763580322251268, 0.027370452880754965, 0.011898040771438988, 0.006095886230445496, 0.8807640075649995]",0,Normal-1810.png
1509345,0,251.95875504525438,0.8507690305150406,"[0.004905700683575036, 0.009845733642540567, 0.006149291992164042, 0.025074005126857476, 0.06940460205051649, 0.043006896972492194, 0.012737274169873285, 0.007198333740206915, 0.8216781616179593]",0,Normal-80.png
681105,0,65.45069410469665,0.9047413032181026,"[0.003303527832018648, 0.005352020263651458, 0.006057739257789392, 0.01746368408196463, 0.03746795654282582, 0.02335357666006716, 0.009746551513634695, 0.004547119140607654, 0.8927078247036259]",0,Normal-2488.png
996795,0,128.08928189212332,0.8506640362623675,"[0.0038337707519385004, 0.007816314697235809, 0.006362915039038227, 0.024002075195220938, 0.0693359374997355, 0.0415115356443729, 0.013290405273386801, 0.006755828857396103, 0.8270912170378605]",0,Normal-3233.png
978435,0,103.97302699975538,0.7637724261742113,"[0.005237579345683145, 0.011611938476518204, 0.011489868164018669, 0.040645599365079325, 0.10953903198200401, 0.07010650634738881, 0.023548126220613294, 0.013526916503854649, 0.7142944335910252]",0,Normal-613.png
1251540,0,130.6816444471624,0.7766423726967642,"[0.004470825195295445, 0.010349273681601146, 0.010070800781211583, 0.03908920288071026, 0.11014175414997046, 0.06513214111303278, 0.021232604980387752, 0.011981964111282417, 0.7275314331026934]",0,Normal-317.png
1251540,0,234.6629808280332,0.7674434094061888,"[0.007942199707000953, 0.014202117919867698, 0.012928009033153809, 0.04369354248030207, 0.09487533569299746, 0.07148361206027419, 0.027206420898333715, 0.016532897949155682, 0.7111358642550997]",0,Normal-231.png
920805,0,107.1054228840509,0.8889370198638802,"[0.002876281738270278, 0.0056648254394315155, 0.0043067932128741954, 0.016658782958920825, 0.05550384521463202, 0.03176116943347259, 0.009860992431603008, 0.004806518554669165, 0.8685607910123117]",0,Normal-844.png
1954830,0,252.66728840508804,0.7428482456077762,"[0.0078124999999701975, 0.014163970947211594, 0.012226104736281485, 0.042098999023276906, 0.11122131347613821, 0.07511901855440094, 0.023616790771394284, 0.012195587158156601, 0.7015457153293551]",0,Normal-173.png
1016175,0,139.1949302837573,0.8825294797642055,"[0.003948211669906813, 0.006954193115207847, 0.005855560302712038, 0.020729064941327174, 0.04736709594708493, 0.0316543579100355, 0.01174926757808018, 0.005474090576150993, 0.8662681579556798]",0,Normal-3478.png
989400,0,146.96979727250493,0.8327443957443882,"[0.004608154296857421, 0.008995056152309437, 0.00757980346676796, 0.02869415283192179, 0.07674026489228539, 0.0518112182615211, 0.016147613525329025, 0.00825500488278101, 0.7971687316864121]",0,Normal-3146.png
967980,0,182.33121712940317,0.7914235544322005,"[0.005733489990212504, 0.01142120361323768, 0.010372161865194808, 0.03558731079087987, 0.09196090698207107, 0.06029891967750435, 0.02118682861320043, 0.011020660400348584, 0.752418518063536]",0,Normal-81.png
1146990,0,159.2176262842466,0.8221066213604958,"[0.00485229492185649, 0.009914398193321555, 0.008136749267547086, 0.029655456542855622, 0.08039093017547458, 0.05121994018535148, 0.01728820800774655, 0.008750915527310367, 0.7897911071747216]",0,Normal-2921.png
1113840,0,147.69554947407045,0.8553646806015189,"[0.0041542053222497774, 0.00817489624020319, 0.0063896179198975, 0.02367401123037844, 0.06631469726537202, 0.041286468505701876, 0.012969970703075524, 0.005657196044900294, 0.8313789367644067]",0,Normal-591.png
2010675,0,345.40306996086105,0.7687589725471924,"[0.007247924804659851, 0.013916015624946914, 0.010696411132771696, 0.04328918457014736, 0.10186004638633019, 0.06874847412083149, 0.021530151367105368, 0.01218032836909416, 0.7205314636202983]",0,Normal-1708.png
385815,0,74.8118272994129,0.9076971151230082,"[0.002830505371082952, 0.005237579345683145, 0.005123138427714832, 0.017574310302667335, 0.03805541992172983, 0.02810287475575217, 0.010948181152301987, 0.0051383972167772735, 0.8869895935024757]",0,Normal-1277.png
437580,0,61.02143468688846,0.8933661938324045,"[0.002861022949207836, 0.00596618652341474, 0.005126953124980442, 0.017154693603450184, 0.044509887695142705, 0.03142166137683326, 0.011718749999955296, 0.00621414184567942, 0.8750267028775214]",0,Normal-1566.png
745110,0,95.56197254158513,0.9060273290707257,"[0.0031127929687381254, 0.00494003295896553, 0.004199981689437103, 0.015701293945252603, 0.039543151855317905, 0.025749206542870523, 0.00918960571285557, 0.004348754882795911, 0.893215179439952]",0,Normal-843.png
966195,0,153.4159812255381,0.8477930610050636,"[0.004608154296857421, 0.008190155029265633, 0.007297515869112787, 0.024650573730374714, 0.0679435729977877, 0.04439544677717439, 0.015087127685489322, 0.008129119873015865, 0.8196983337371074]",0,Normal-957.png
986340,0,118.42098061399214,0.8678557258874711,"[0.0036354064941267568, 0.00681304931638026, 0.00664138793942779, 0.0217971801756981, 0.0549125671384624, 0.03383255004869906, 0.012489318847608606, 0.00553894042966637, 0.8543395996061159]",0,Normal-3312.png
955740,0,140.38158940802347,0.8853687020048769,"[0.0039062499999850987, 0.006923675537082963, 0.005558013915994422, 0.01787185668938495, 0.05117034912089855, 0.03167343139636355, 0.011089324951129572, 0.006141662597632821, 0.8656654357877134]",0,Normal-2491.png
823650,0,106.52287946428568,0.8771332264967173,"[0.0043106079101398066, 0.007411956787081101, 0.008106231689422202, 0.022190093994055977, 0.04436492919904951, 0.030441284179571374, 0.012622833251904973, 0.006420135498022384, 0.8641319274869379]",0,Normal-1996.png
741285,0,113.17812041340505,0.8651221530877704,"[0.003269195556628154, 0.006855010986301975, 0.006019592285133287, 0.021430969238199496, 0.061843872070076585, 0.038516998290868694, 0.012290954589796864, 0.00570297241208762, 0.8440704345670926]",0,Normal-464.png
1341810,0,169.37144156678082,0.8143862910843809,"[0.004314422607405417, 0.009998321533164984, 0.007499694824190141, 0.030273437499884516, 0.08431625366178773, 0.0545463562009638, 0.01676940917962353, 0.008373260498014934, 0.7839088439911502]",0,Normal-1314.png
2205750,0,426.33089606775945,0.6323332616614944,"[0.0104789733886319, 0.021999359130775453, 0.018188476562430615, 0.06410217285131797, 0.15775299072205445, 0.10976409912067503, 0.03781890869126198, 0.023105621337802484, 0.5567893981912354]",0,Normal-3207.png
827985,0,144.67990918542074,0.8573557062975278,"[0.004489898681623497, 0.008579254150357898, 0.0070495605468481074, 0.023880004882721403, 0.05867767333961991, 0.041263580322108216, 0.014488220214788482, 0.008544921874967403, 0.8330268859831503]",0,Normal-2349.png
2308005,0,311.5964675574852,0.6848732651251876,"[0.00953674316402612, 0.01753234863274562, 0.014366149902288947, 0.0544013977048706, 0.13866806030220538, 0.08698272705044943, 0.028755187988171556, 0.014324188232367233, 0.6354331970190604]",0,Normal-400.png
1026630,0,130.1420735995597,0.8542584262354908,"[0.004024505615219023, 0.00783157348629825, 0.005580902099588086, 0.023220062255770797, 0.0648078918454559, 0.042442321777181845, 0.013214111328074592, 0.00740814208981549, 0.8314704894987813]",0,Normal-2960.png
472260,0,72.37720920988257,0.9190705037675488,"[0.003074645996082021, 0.005332946777323406, 0.004138946533187336, 0.014163970947211594, 0.031822204589722354, 0.02537918090810631, 0.009841918945274955, 0.005859374999977648, 0.9003868102992997]",0,Normal-2275.png
548760,0,58.1907335494129,0.8960915753651247,"[0.0036506652831891986, 0.007312774658175229, 0.006431579589819215, 0.01977920532219017, 0.036075592040878006, 0.027954101562393363, 0.013305664062449242, 0.0074920654296589196, 0.8779983520474319]",0,Normal-272.png
1414485,0,181.1058433219178,0.8069361261711467,"[0.005687713623025178, 0.011302947998003757, 0.007148742675753979, 0.03047180175769626, 0.08181381225554728, 0.05750274658181189, 0.016506195068296408, 0.010501861572225563, 0.7790641784638249]",0,Normal-850.png
381480,0,75.33542533023481,0.9327985429525972,"[0.0015335083007754, 0.003242492675768881, 0.0016937255859310388, 0.011123657226520067, 0.027862548828018713, 0.023132324218661758, 0.006999969482395172, 0.0038223266601416688, 0.9205894470179726]",0,Normal-2645.png
1043970,0,158.09692239481407,0.8464069622515321,"[0.004302978515608585, 0.008235931396452957, 0.006164550781226484, 0.02467727661123399, 0.06868362426731611, 0.044567108154126865, 0.013992309570259123, 0.007228851318331799, 0.8221473693816294]",0,Normal-1050.png
1015155,0,96.84186949608608,0.8757645414375739,"[0.004299163818342975, 0.006889343261692469, 0.006771087646458545, 0.0213584899901529, 0.05081176757793117, 0.03458786010728993, 0.013168334960887266, 0.007034301757785666, 0.8550796508756443]",0,Normal-483.png
1182180,0,172.5525623776908,0.8192512606634628,"[0.005496978759744656, 0.009857177734337398, 0.008499145507780078, 0.030933380126835122, 0.08103179931609714, 0.05225753784159753, 0.01684570312493574, 0.008651733398404495, 0.7864265441864531]",0,Normal-35.png
872865,0,158.09625733855177,0.8522927986405306,"[0.0038719177245946047, 0.007640838623017727, 0.006885528564426859, 0.024879455566311343, 0.062946319579838, 0.04175186157210635, 0.01457214355463191, 0.006683349609349505, 0.830768585201909]",0,Normal-3457.png
1783215,0,240.0641702849804,0.6831181843782506,"[0.009906768798790334, 0.022415161132726992, 0.014953613281192955, 0.055099487304477314, 0.11492538452104596, 0.10562133789022209, 0.038116455077979595, 0.027828216552628217, 0.6111335754371218]",0,Normal-3083.png
617355,0,79.04760885518591,0.9110808632242549,"[0.002700805664052197, 0.004783630371075502, 0.0047149658202945135, 0.01480484008783415, 0.03710937499985844, 0.024108886718658032, 0.008747100830044758, 0.003940582275375593, 0.8990898132289921]",0,Normal-763.png
1761540,0,272.9539047211351,0.7939346283795833,"[0.007930755615204121, 0.013275146484324358, 0.012588500976514478, 0.040401458740080255, 0.0834236145016349, 0.05497741699197778, 0.02195358276358813, 0.011802673339798725, 0.7536468505830626]",0,Normal-828.png
678045,0,72.85927562377691,0.89136977213617,"[0.0034255981445181823, 0.005973815917945962, 0.0061531066894296525, 0.01918792724602055, 0.0464057922361511, 0.028331756591688798, 0.011203765869097885, 0.005489349365213434, 0.8738288879361197]",0,Normal-239.png
1438710,0,193.74458781800385,0.8106839315146275,"[0.005943298339821078, 0.011554718017534047, 0.008495330810514467, 0.03022384643543158, 0.08134078979461158, 0.0523223876951129, 0.01764297485344832, 0.008346557617155661, 0.7841300964325556]",0,Normal-986.png
1335945,0,180.66764386619377,0.8104431965892424,"[0.005985260009742793, 0.010581970214803383, 0.00910949707027775, 0.031269073486208845, 0.08586883544889118, 0.051979064941207964, 0.017341613769465098, 0.008911132812466006, 0.7789535522431222]",0,Normal-2791.png
2510730,0,217.41367263943243,0.5036844057398528,"[0.010437011718710186, 0.022365570068274058, 0.022979736328037337, 0.0862388610836554, 0.23434448242098105, 0.14854049682560524, 0.04762268066388083, 0.024051666259673875, 0.4034194946273673]",0,Normal-2848.png
1422900,0,108.15585249510764,0.7796726481636077,"[0.0048561096191221, 0.00987625122066545, 0.009494781494104406, 0.0347938537596329, 0.10414886474569646, 0.06294250488257239, 0.018955230712818315, 0.009891510009727891, 0.7450408935518453]",0,Normal-2396.png
696660,0,96.64735200587083,0.8841360508091727,"[0.0037841796874855645, 0.0067138671874743885, 0.006587982177709244, 0.020572662353437146, 0.05105590820293024, 0.03284072875964034, 0.012088775634719509, 0.006809234619114649, 0.8595466613736742]",0,Normal-3104.png
914940,0,125.13610720401172,0.8572654863584291,"[0.004131317138656115, 0.0071182250976290955, 0.00629806518552285, 0.02442169189443809, 0.06089401245093958, 0.04090118408187522, 0.012729644775342065, 0.006195068359351368, 0.8373107910124309]",0,Normal-3078.png
1173765,0,185.57483794031313,0.7890503259092356,"[0.005672454833962736, 0.010711669921834139, 0.009750366210900306, 0.034168243408072785, 0.09426879882776538, 0.06191635131812318, 0.019107818603442735, 0.010112762451133298, 0.7542915344209508]",0,Normal-641.png
929220,0,64.18474804305283,0.8792377208932307,"[0.0037307739257670183, 0.006504058837865814, 0.007705688476533105, 0.022804260253819257, 0.04766082763653694, 0.03013610839832254, 0.012149810790969277, 0.0060005187988052345, 0.8633079528775661]",0,Normal-536.png
536265,0,59.66374908268101,0.9319168624343483,"[0.0021972656249916182, 0.0037765502929543436, 0.0035247802734240537, 0.01260375976557692, 0.026966094970600256, 0.019016265869068082, 0.007175445556613253, 0.0033226013183467002, 0.92141723632461]",0,Normal-681.png
965175,0,144.15767948874753,0.8673676029305085,"[0.0042762756347493125, 0.006893157958958079, 0.006313323974585291, 0.021636962890542462, 0.060688018798596616, 0.036422729492048556, 0.011550903320268436, 0.005653381347634684, 0.8465652465788018]",0,Normal-225.png
772905,0,84.4794252996575,0.9254419985881166,"[0.00289535522459833, 0.005153656005839715, 0.0036735534667828615, 0.011112213134723235, 0.027351379394426913, 0.020374298095625402, 0.006935119628879795, 0.005298614501932912, 0.9172058105433761]",0,Normal-3150.png
953955,0,115.01005228718198,0.8906050036192152,"[0.004024505615219023, 0.008575439453092287, 0.004581451415998148, 0.018894195556568547, 0.03785324096665248, 0.03560256957994231, 0.0131072998046375, 0.00911331176754336, 0.8682479858365316]",0,Normal-457.png
1107210,0,126.67893071183953,0.8460286639016207,"[0.0035934448242050418, 0.007549285888643077, 0.006771087646458545, 0.027706146240128685, 0.07365417480440653, 0.04543685913068605, 0.01395797729486863, 0.008068084716766098, 0.8132629394500226]",0,Normal-1317.png
1390005,0,98.32367600293541,0.7983542146585667,"[0.004100799560531231, 0.009174346923793127, 0.007980346679657057, 0.03130340576159934, 0.10240936279257809, 0.05815124511696567, 0.01644515991204664, 0.008457183837858363, 0.7619781494111557]",0,Normal-1423.png
1132200,0,185.67255916707433,0.8717204655231979,"[0.004634857177716695, 0.008277893066374673, 0.00689697265622369, 0.023235321044833238, 0.05435562133768327, 0.0327491760252657, 0.011936187744095092, 0.007198333740206915, 0.850715637203786]",0,Normal-1742.png
845070,0,104.17044551125242,0.9221196802814328,"[0.002952575683582487, 0.004524230957013991, 0.004379272460920795, 0.014492034912054091, 0.03130722045886495, 0.01828384399407088, 0.006740570068333661, 0.003295898437487427, 0.914024353023857]",0,Normal-2870.png
418965,0,90.03258011252444,0.914230853018562,"[0.002536773681630948, 0.0044441223144361715, 0.0039024353027194885, 0.013744354247994445, 0.0381546020506357, 0.024032592773345823, 0.00826263427731223, 0.004016876220687801, 0.9009056091274227]",0,Normal-2329.png
1241340,0,180.2604459699119,0.8450129720979606,"[0.005008697509746518, 0.010097503662070855, 0.008483886718717637, 0.026706695556538745, 0.06699371337865069, 0.04243087768538501, 0.014400482177679442, 0.007972717285125837, 0.8179054260222706]",0,Normal-581.png
704055,0,87.15980078889429,0.8634982043740245,"[0.0037002563476421346, 0.007232666015597409, 0.005844116210915206, 0.022037506103431557, 0.05970382690406912, 0.0389556884764139, 0.012905120849560145, 0.006343841552710175, 0.8432769775358456]",0,Normal-1368.png
363375,0,93.56918878424659,0.8990774447208406,"[0.002597808837880715, 0.005260467529276808, 0.004791259765606723, 0.018367767333914306, 0.04304122924788269, 0.032146453857299244, 0.011192321777301055, 0.006179809570288926, 0.8764228820767348]",0,Normal-175.png
899130,0,90.88869098581215,0.8652809091442857,"[0.0036468505859235884, 0.007080078124972991, 0.007434844970674763, 0.023777008056549923, 0.05355834960917069, 0.03579330444322283, 0.013214111328074592, 0.006057739257789392, 0.8494377136198065]",0,Normal-2779.png
2337330,0,294.70619037426604,0.790011176623873,"[0.007072448730441771, 0.012996673583934797, 0.008468627929655194, 0.03627395629868975, 0.10014343261680549, 0.053775787353310484, 0.014888763427677578, 0.007560729980439908, 0.7588195800752303]",0,Normal-2130.png
1210995,1,185.8635488013699,0.8273511383092857,"[0.005237579345683145, 0.009998321533164984, 0.008308410644499555, 0.02825164794911098, 0.07472229003877745, 0.0506782531736348, 0.01677322387688914, 0.009651184081994434, 0.7963790893524307]",0,Normal-1592.png
723945,0,83.88016756360078,0.8828502550444044,"[0.0037994384765480064, 0.006614685058568517, 0.007221221923800578, 0.02008438110343901, 0.04686355590802435, 0.030960083007694397, 0.012016296386672912, 0.006195068359351368, 0.8662452697720862]",0,Normal-2333.png
961605,0,126.24474070450097,0.8208639462190099,"[0.005043029785137012, 0.009353637695276818, 0.009815216064415683, 0.03138351440417716, 0.07310867309542424, 0.04973983764629463, 0.018932342529224655, 0.008140563964812697, 0.7944831848114224]",0,Normal-2587.png
805035,0,100.83059411692759,0.8690635150048865,"[0.004398345947248847, 0.007778167724579703, 0.008411407470671038, 0.02290344238272513, 0.04750442504864691, 0.03245544433581369, 0.014457702636663598, 0.007255554199191072, 0.8548355102506453]",0,Normal-3093.png
976140,0,92.13095875122306,0.7765223354732932,"[0.004455566406233003, 0.00986862182613423, 0.008541107177701793, 0.03542709350572423, 0.1086921691890385, 0.06913375854465816, 0.020309448242110024, 0.011680603027299192, 0.7318916320772861]",0,Normal-3088.png
2283015,0,217.20692805161448,0.6833908767014107,"[0.006584167480443633, 0.01498031616205223, 0.01115417480464495, 0.04855728149395539, 0.14800262451115417, 0.10410308837850912, 0.025951385497947878, 0.015296936035097896, 0.62537002563238]",0,Normal-2696.png
1167900,0,193.12919291218196,0.8362702562054076,"[0.004196166992171493, 0.007923126220672901, 0.007129669189425927, 0.025596618652246106, 0.07300567626925275, 0.04670715332013432, 0.013523101806589038, 0.006423950195287994, 0.8154945373504048]",0,Normal-2111.png
880515,0,116.58695419520546,0.8702598978445145,"[0.003448486328111845, 0.0066452026366934005, 0.006649017333959011, 0.023921966552643118, 0.057029724120876195, 0.03522872924791249, 0.01200485229487608, 0.00578689575193105, 0.8492851257291821]",0,Normal-2460.png
814470,0,101.33744343199609,0.8558324869608376,"[0.003780364990219954, 0.007667541503877001, 0.0064582824706784885, 0.023109436035068095, 0.06618499755834127, 0.04071807861312592, 0.013530731201120258, 0.007293701171847177, 0.8312568664519071]",0,Normal-962.png
997560,0,179.53227051736792,0.8452730309832783,"[0.004478454589826666, 0.008979797363246994, 0.006732940673802441, 0.02561950683583977, 0.06655120849583987, 0.04727554321271028, 0.014450073242132377, 0.00936508178707365, 0.8165473937957132]",0,Normal-152.png
1077885,0,180.81764080846384,0.8310923811130098,"[0.004753112792950618, 0.009441375732385859, 0.007617950439424065, 0.028179168701064378, 0.07503890991182312, 0.0485229492185649, 0.015880584716736295, 0.008304595947233945, 0.8022613525360021]",0,Normal-3239.png
2193510,1,346.2031937989238,0.7077480594842729,"[0.007205963134738137, 0.016391754150328095, 0.011913299560501429, 0.045501708984201424, 0.14227676391547286, 0.09426498413049977, 0.026268005370993545, 0.015739440917908708, 0.6404380798315413]",0,Normal-2564.png
377910,0,52.676652703033255,0.9009036827752841,"[0.0037422180175638495, 0.007228851318331799, 0.005580902099588086, 0.017417907714777307, 0.03302001953112404, 0.026809692382710228, 0.013015747070262849, 0.007411956787081101, 0.885772705074746]",0,Normal-2294.png
616080,0,67.36266970401174,0.8835053663913501,"[0.0035896301269394315, 0.006908416748020521, 0.007434844970674763, 0.022026062011634727, 0.04484939575178204, 0.03179168701159747, 0.01251983642573349, 0.006595611572240465, 0.8642845153775623]",0,Normal-2751.png
2176425,0,287.45222679182984,0.6143454798984003,"[0.00936508178707365, 0.01940155029289474, 0.01752853393548001, 0.06602096557592002, 0.18463134765554567, 0.11454391479448492, 0.03748321533188826, 0.020080566406173398, 0.5309448242167246]",0,Normal-1696.png
1825800,0,279.1454065251957,0.7587333117135425,"[0.0070686340331761605, 0.012931823730419418, 0.01039886474605408, 0.04100799560531231, 0.10982131957965918, 0.06726074218724341, 0.020233154296797815, 0.00988388061519667, 0.7213935852023262]",0,Normal-341.png
1627410,0,123.3126758194716,0.8515252412517061,"[0.004962921142559193, 0.008472442626920805, 0.008132934570281474, 0.025264739990137997, 0.05898284912086875, 0.035026550292835135, 0.013587951660104416, 0.006740570068333661, 0.8388290405241439]",0,Normal-148.png
641325,0,129.0779338918787,0.849309127442724,"[0.0051383972167772735, 0.009212493896449231, 0.008235931396452957, 0.027900695800674818, 0.06209945678687248, 0.046661376952947, 0.018112182617118406, 0.010650634765584371, 0.8119888305633087]",0,Normal-2816.png
2710905,0,360.49456870719166,0.7785408206710662,"[0.009010314941371878, 0.016170501708922688, 0.012138366699172445, 0.03813934326157326, 0.08628463745084272, 0.05201721191386407, 0.018894195556568547, 0.010597229003865824, 0.7567481994600038]",0,Normal-3384.png
424575,0,80.68899828767123,0.8877417562478901,"[0.003047943115222748, 0.005844116210915206, 0.006175994873023315, 0.020721435546795952, 0.047199249267398075, 0.03485107421861705, 0.013034820556590901, 0.006732940673802441, 0.8623924255338196]",0,Normal-2166.png
2334015,1,349.2565894080234,0.7045589125841295,"[0.00946044921871391, 0.017673492431573207, 0.013862609863228369, 0.05084991455058727, 0.1370315551752585, 0.08498382568326956, 0.027614593505754032, 0.014354705810492115, 0.6441688537573083]",0,Normal-3054.png
470475,0,122.61708047945204,0.8923445756893109,"[0.0031890869140503344, 0.006790161132786597, 0.005268096923808028, 0.018001556396415704, 0.04248809814436917, 0.03511810302720978, 0.012958526611278692, 0.008670806884732549, 0.8675155639615344]",0,Normal-2916.png
547740,0,56.58607509784735,0.9076899074116624,"[0.0027122497558490287, 0.004699707031232072, 0.005031585693340181, 0.01625823974603173, 0.040130615234221914, 0.024501800537015908, 0.00928497314449583, 0.004592895507794979, 0.8927879333462037]",0,Normal-2887.png
1048305,0,120.3550827115949,0.7746034506233263,"[0.004150390624984167, 0.010253906249960884, 0.009475708007776354, 0.03737258911118556, 0.10255050659140567, 0.07161331176730494, 0.020996093749919904, 0.011703491210892855, 0.7318840026827549]",0,Normal-952.png
848385,0,154.6459683830724,0.9233875178075367,"[0.003345489501940363, 0.0052909851074016915, 0.004699707031232072, 0.014736175537053161, 0.02887725830067109, 0.0171966552733719, 0.0060005187988052345, 0.0035934448242050418, 0.9162597656215047]",0,Normal-2712.png
1297185,0,153.90625,0.8360137813630738,"[0.0047492980956850075, 0.009490966796838795, 0.009040832519496762, 0.02869415283192179, 0.07063293457004305, 0.04611206054669909, 0.01677322387688914, 0.008506774902311299, 0.8059997558563003]",0,Normal-2160.png
925905,0,89.85151663405087,0.8749297150473453,"[0.0042419433593588185, 0.007530212402315025, 0.0074920654296589196, 0.023128509521396147, 0.05104827880839902, 0.0355262756346301, 0.013763427734322497, 0.008029937744109993, 0.8492393493619947]",0,Normal-762.png
995265,0,129.03357387475538,0.8800705943701629,"[0.004280090332014923, 0.007225036621066189, 0.006805419921849039, 0.020465850830000052, 0.045345306396311395, 0.030975341796756838, 0.011489868164018669, 0.006248474121069914, 0.8671646118130982]",0,Normal-3154.png
1404540,0,178.16671508072406,0.841997244724021,"[0.004093170166000011, 0.009201049804652401, 0.006805419921849039, 0.024131774902251695, 0.06697845458958825, 0.04541778564435799, 0.014289855956976738, 0.007350921630831333, 0.8217315673796778]",0,Normal-92.png
1089360,0,150.05048694349315,0.8930839423314535,"[0.0037002563476421346, 0.006542205810521918, 0.0052566528320111975, 0.020641326904218132, 0.049751281738091464, 0.026840209960835113, 0.008575439453092287, 0.004203796386702713, 0.8744888305630704]",0,Normal-1038.png
1397655,0,216.17145073997062,0.8070834803339548,"[0.006137847900367211, 0.011211395263629107, 0.008705139160123042, 0.03266906738268788, 0.08909988403286323, 0.05709838867165719, 0.017604827880792217, 0.00962829589840077, 0.7678451538056646]",0,Normal-2230.png
1346910,0,259.4710203644814,0.8476009671544111,"[0.004779815673809891, 0.009574890136682224, 0.007549285888643077, 0.026008605956932034, 0.06071472167945589, 0.042446136474447456, 0.013950347900337409, 0.007534027099580635, 0.8274421691862966]",0,Normal-1383.png
951405,0,82.62837114726024,0.811813754887015,"[0.004314422607405417, 0.009391784667932923, 0.008537292480436182, 0.03152847290027035, 0.08975601196254823, 0.05791473388649782, 0.018585205078054102, 0.011226654052691548, 0.7687454223603487]",0,Normal-3178.png
767295,0,121.93016144814091,0.8826904408846905,"[0.0034370422363150135, 0.00595855712888352, 0.005500793457010266, 0.01871490478508486, 0.051654815673631074, 0.03643035888657978, 0.009849548339806176, 0.005645751953103463, 0.8628082275357711]",0,Normal-1897.png
1083495,0,146.66767062133073,0.8434963109830399,"[0.004364013671858353, 0.009010314941371878, 0.007419586181612321, 0.025497436523340234, 0.07092666625949506, 0.04164886474593487, 0.014656066894475342, 0.0076103210448928435, 0.8188667297332044]",0,Normal-3251.png
1033005,0,132.4009219055773,0.8633316001323542,"[0.004337310790999079, 0.0070686340331761605, 0.005767822265602998, 0.02239608764639894, 0.06337738037085199, 0.041526794433435335, 0.012229919433547096, 0.00638198852536628, 0.8369140624968074]",0,Normal-1998.png
924630,0,116.2809212940313,0.8600519976476902,"[0.0038223266601416688, 0.007003784179660783, 0.006031036376930118, 0.022285461425696238, 0.060474395751722435, 0.04176330566390318, 0.013153076171824825, 0.006889343261692469, 0.8385772705046135]",0,Normal-2428.png
1009290,0,152.78803816046963,0.848793989644893,"[0.004501342773420329, 0.009231567382777283, 0.006683349609349505, 0.025642395019433432, 0.06537628173803185, 0.04846572875958074, 0.015804290771424086, 0.00886154174801307, 0.815433502194155]",0,Normal-20.png
1100835,0,173.74311246330726,0.9032341277807642,"[0.003200531005847166, 0.00647354125974093, 0.004467010498029835, 0.01738739013665242, 0.041667938232262926, 0.027053833007709298, 0.008697509765591822, 0.005203247070292651, 0.8858489990200582]",0,Normal-2515.png
1084770,0,102.09494633683951,0.7891311896567096,"[0.004287719726546143, 0.010578155517537772, 0.00901412963863749, 0.03471755981432069, 0.09881210327110744, 0.06355285644507007, 0.019786834716721394, 0.011978149414016807, 0.7472724914522275]",0,Normal-2792.png
354450,0,54.718360139432484,0.9110418931057583,"[0.0023536682128816465, 0.004627227783185473, 0.0044937133788891075, 0.015811920165955305, 0.039829254150238684, 0.026550292968648716, 0.009071350097621646, 0.0043411254882646895, 0.8929214477505]",0,Normal-3494.png
1114860,0,160.94632537304304,0.8397494724705646,"[0.0043411254882646895, 0.00894927978512211, 0.0068664550780988065, 0.025615692138574158, 0.07567977905244568, 0.046874999999821185, 0.014793395996037318, 0.007537841796846245, 0.8093414306609751]",0,Normal-3410.png
615315,0,73.09467496330727,0.9306278067623626,"[0.0024757385253811807, 0.004489898681623497, 0.003116607666003736, 0.010879516601520998, 0.034008026122917145, 0.020156860351485607, 0.006694793701146336, 0.003116607666003736, 0.915061950680103]",0,Normal-1087.png
2020365,0,140.34605094178082,0.6246039717087837,"[0.006622314453099738, 0.018833160400318783, 0.013732910156197613, 0.06682968139622944, 0.18017196655204706, 0.12583541870069184, 0.035808563232285276, 0.029914855956917133, 0.5222511291483983]",0,Normal-961.png
822885,0,88.75191872553812,0.804652768877987,"[0.008720397949185483, 0.01737594604485559, 0.012454986572218113, 0.033946990966667374, 0.06468200683569075, 0.05102920532207096, 0.02554702758779317, 0.024364471435453932, 0.7618789672822499]",0,Normal-510.png
539580,0,92.0547027886497,0.8833689808105328,"[0.0030441284179571373, 0.005832672119118375, 0.005828857421852764, 0.02078247070304572, 0.04861068725567394, 0.035884857177597485, 0.01353836059565148, 0.0072708129882535135, 0.8592071533170349]",0,Normal-1507.png
2377875,0,312.7329340447652,0.6980075619804276,"[0.008529663085904962, 0.01829528808586771, 0.010883331298786608, 0.04624176025372985, 0.12952041625927155, 0.09418487548792195, 0.025501251220605845, 0.016506195068296408, 0.6503372192358003]",0,Normal-2158.png
894795,0,155.2698370229941,0.8445511388814607,"[0.004314422607405417, 0.008213043212859294, 0.007755279540986041, 0.02751922607411377, 0.06403732299780258, 0.04355239868147449, 0.014526367187444586, 0.007530212402315025, 0.822551727291784]",0,Normal-2455.png
2300100,0,316.1451160408512,0.681938662232735,"[0.010501861572225563, 0.020492553710859326, 0.016994476318294545, 0.058292388915793254, 0.11934280395462286, 0.09037399291957712, 0.03522491455064688, 0.024322509765532217, 0.6244544982886335]",0,Normal-1961.png
1315035,0,110.68505381604696,0.7894863981928951,"[0.004219055175765155, 0.009475708007776354, 0.00833511352535883, 0.033817291259636624, 0.10020446777305525, 0.06153106689429653, 0.017398834228449254, 0.009464263915979522, 0.7555541992158678]",0,Normal-3307.png
995775,0,105.03344392123283,0.8967358457042675,"[0.004016876220687801, 0.0058479309081808165, 0.005371093749979511, 0.016208648681578793, 0.042736053466633846, 0.027687072753800633, 0.01004791259761792, 0.004608154296857421, 0.8834762573208486]",0,Normal-54.png
1390770,0,218.54904981042083,0.6939157322390521,"[0.008922576904262838, 0.02156448364249586, 0.013729095458932002, 0.058460235595480116, 0.11056900024371884, 0.10703659057576356, 0.0382270812986823, 0.03319168090807651, 0.6082992553687733]",0,Normal-3287.png
775965,0,84.84933800146773,0.884504866250187,"[0.0036048889160018734, 0.006446838378881657, 0.006343841552710175, 0.019878387451096043, 0.04453659057600198, 0.030895233154179018, 0.012294769287062473, 0.006111145019507938, 0.8698883056607442]",0,Normal-385.png
817530,0,132.75245000611542,0.8596732848182403,"[0.0036010742187362627, 0.007198333740206915, 0.006961822509739067, 0.023891448974518236, 0.056434631347440964, 0.04132080078109237, 0.013179779052684098, 0.006416320800756774, 0.8409957885710105]",0,Normal-3291.png
1089360,0,132.1909361240215,0.8463348291250742,"[0.004451751708967393, 0.008617401123014002, 0.006607055664037296, 0.024921417236233055, 0.06900024414036178, 0.045452117919748486, 0.01395797729486863, 0.007499694824190141, 0.8194923400847645]",0,Normal-1473.png
1761285,0,241.2504739481409,0.7515004279548109,"[0.007347106933565723, 0.013988494872993513, 0.011791229248001895, 0.04600143432599639, 0.10983276367145602, 0.07115173339816608, 0.02434539794912588, 0.01269149780268596, 0.7028503417941938]",0,Normal-1564.png
786165,0,75.1283635029354,0.8941788829204663,"[0.0031127929687381254, 0.005832672119118375, 0.004844665527325269, 0.015434265136659872, 0.042812347411946054, 0.029994964599494953, 0.010417938232382134, 0.0053749084472451214, 0.8821754455532753]",0,Normal-821.png
492660,0,69.74928143346382,0.8713142123552253,"[0.0036468505859235884, 0.006332397460913344, 0.006874084472630027, 0.0232582092284269, 0.06010437011695822, 0.03732299804673262, 0.013359069824167789, 0.007991790771453889, 0.8411102294889788]",0,Normal-2987.png
1088340,0,113.37573385518591,0.8785547551483577,"[0.004272460937483701, 0.007556915283174297, 0.007217407226534967, 0.02322769165030202, 0.048141479492003855, 0.031562805175660846, 0.012210845947219044, 0.006080627441383054, 0.8597297668424235]",0,Normal-2052.png
931770,0,114.77682393590997,0.8461825733805597,"[0.004615783691388642, 0.008304595947233945, 0.008121490478484645, 0.026165008544822062, 0.06735229492161807, 0.041393280029138974, 0.014999389648380282, 0.007595062255830402, 0.8214530944792883]",0,Normal-346.png
2060655,0,335.4637620780333,0.6856691410386424,"[0.00893402099605967, 0.016990661621028934, 0.01429367065424235, 0.05207824707011383, 0.13799285888619234, 0.10308074951132552, 0.02987670898426103, 0.017513275146417567, 0.619239807126544]",0,Normal-838.png
559980,0,78.93923526174167,0.8873375673294095,"[0.0030670166015508, 0.005691528320290788, 0.004711151123028903, 0.020736694335858397, 0.049724578857232186, 0.03504180908189757, 0.012130737304641225, 0.006072998046851833, 0.8628234863248335]",0,Normal-1193.png
1152600,0,188.83880794398243,0.8591463279777583,"[0.004531860351545213, 0.008399963378874206, 0.006362915039038227, 0.023822784423737246, 0.06282424926733847, 0.03955841064438034, 0.012134552001906836, 0.006629943847630959, 0.8357353210417338]",0,Normal-1016.png
928455,0,107.22884050880626,0.8852401261277875,"[0.003269195556628154, 0.00553131103513515, 0.004989624023418466, 0.019618988037034536, 0.04939651489238969, 0.03160476684558256, 0.010540008544881668, 0.004760742187481839, 0.8702888488736332]",0,Normal-3232.png
962115,0,211.1533986668297,0.8171518434856376,"[0.005176544189433378, 0.0099678039550401, 0.009010314941371878, 0.032226562499877064, 0.08137512207000208, 0.05713653564431329, 0.017990112304618874, 0.010105133056602076, 0.7770118713349266]",0,Normal-2588.png
1040655,0,156.571638790362,0.8804212987166693,"[0.003780364990219954, 0.006977081298801509, 0.0049514770507623615, 0.02059555053703081, 0.05575942993142792, 0.033256530761591886, 0.009902954101524723, 0.005752563476540556, 0.8590240478482856]",0,Normal-1778.png
1248480,1,174.09503806873778,0.8589077733345124,"[0.0038948059081882675, 0.007984161376922668, 0.00561904907224419, 0.02102661132804479, 0.05902862548805607, 0.04251861572249405, 0.011764526367142621, 0.0060005187988052345, 0.8421630859342873]",0,Normal-3129.png
905250,0,102.7382659613503,0.868316061809156,"[0.004661560058575967, 0.008419036865202258, 0.007823944091767029, 0.024158477783110966, 0.05419540405252764, 0.03565979003892647, 0.014606475830022406, 0.007877349853485574, 0.8425979614225669]",0,Normal-1702.png
392955,0,111.77467588062623,0.8704537347367047,"[0.00451278686521716, 0.008117675781219033, 0.007530212402315025, 0.0244255065917037, 0.051792144775193054, 0.0433387756346003, 0.01670455932610815, 0.012275695800734421, 0.8313026428190944]",0,Normal-2502.png
941460,0,178.9638155883072,0.9121559233269472,"[0.003948211669906813, 0.0076103210448928435, 0.0035781860351426003, 0.015621185302674784, 0.035533905029161324, 0.030105590820197654, 0.010238647460898443, 0.008136749267547086, 0.8852272033657638]",0,Normal-1321.png
996285,0,123.31431934931506,0.9104300706716603,"[0.0034027099609245195, 0.0056953430175563985, 0.00519561767576143, 0.01807022094719669, 0.03711700439438966, 0.02343368530264498, 0.008739471435513537, 0.004608154296857421, 0.8937377929653406]",0,Normal-3085.png
2045610,0,232.03167043786695,0.7341384798818187,"[0.008388519287077375, 0.015632629394471617, 0.012531280517530321, 0.045776367187325376, 0.1171646118159593, 0.07793045043915584, 0.025882720947166888, 0.013778686523384938, 0.6829147338841136]",0,Normal-1127.png
669120,0,85.78357387475538,0.9079500929461397,"[0.0025749206542870526, 0.005046844482402623, 0.004673004150372799, 0.016498565673765186, 0.03858947753891529, 0.02571105957021442, 0.009250640869105336, 0.0043411254882646895, 0.8933143615688579]",0,Normal-956.png
885105,0,126.10457054182974,0.866582079780992,"[0.002960205078113708, 0.006622314453099738, 0.005516052246072708, 0.023647308349519166, 0.0595512390134447, 0.040348052978361706, 0.011638641357377476, 0.007419586181612321, 0.8422966003385838]",0,Normal-1319.png
879750,0,134.0526655760763,0.8164545082262412,"[0.004844665527325269, 0.009288787841761442, 0.009334564208948766, 0.03199386596667483, 0.08118057250945594, 0.05325698852518746, 0.018077850341727913, 0.008789062499966473, 0.7832336425751372]",0,Normal-910.png
1048560,0,148.08323523116437,0.9032438005431683,"[0.003482818603502339, 0.00655364990231875, 0.004432678222639341, 0.018024444580009368, 0.04361724853498986, 0.025653839111230262, 0.008178710937468801, 0.004516601562482771, 0.8855400085415438]",0,Normal-2377.png
1088085,0,141.48082803326807,0.8463952759548278,"[0.004478454589826666, 0.008968353271450163, 0.006481170654272151, 0.025177001953028955, 0.0678787231442723, 0.04541015624982677, 0.01541519165033182, 0.009143829345668243, 0.8170471191375082]",0,Normal-712.png
1175550,0,189.72977311643837,0.7898214586615965,"[0.006061553955055002, 0.010341644287069924, 0.011188507080035444, 0.03565597534166086, 0.09440994262659298, 0.05797576904274759, 0.019535064697191105, 0.009296417236292662, 0.7555351257295397]",0,Normal-3264.png
2089725,1,429.25714362157544,0.6910850639406133,"[0.009296417236292662, 0.01746749877923024, 0.015483856201112808, 0.0544395446775267, 0.1280097961420898, 0.0946006774898735, 0.029315948486216294, 0.017215728759699952, 0.6341705322241433]",0,Normal-3203.png
486795,0,111.0978550024462,0.9068641964161971,"[0.0028991699218639403, 0.006088256835914275, 0.004238128662093207, 0.017230987548762393, 0.03865432739243067, 0.031639099120973055, 0.011539459228471605, 0.007850646972626302, 0.8798599243130498]",0,Normal-2936.png
2006340,0,306.3333537181996,0.7599177565985564,"[0.007713317871064326, 0.013931274414009357, 0.011375427246050356, 0.03982162475570747, 0.10311889648398163, 0.06872177123997222, 0.02153396606437098, 0.01140594482417524, 0.7223777770968537]",0,Normal-430.png
1076865,0,133.92116407778866,0.8020057864206105,"[0.004730224609356955, 0.010715484619099748, 0.00979614257808763, 0.034782409667836064, 0.08623504638638979, 0.06147766113257798, 0.020149230956954388, 0.011959075927688755, 0.760154724118194]",0,Normal-212.png
1271175,1,198.720210066047,0.8243773134631236,"[0.00545501708982294, 0.010570526123006551, 0.008018493652313162, 0.0282974243162983, 0.07416152954073271, 0.04739379882794421, 0.016651153564389606, 0.00911712646480897, 0.8003349304168688]",0,Normal-3174.png
766785,0,104.83214591487281,0.876285098656035,"[0.0037193298339701867, 0.006278991699194797, 0.006443023681616047, 0.022266387939368186, 0.05183029174784916, 0.03475189208971118, 0.012527465820264712, 0.005928039550758636, 0.8562545776334524]",0,Normal-1634.png
1781685,0,178.25481210249512,0.7765748992402273,"[0.00783920288082947, 0.013599395751901246, 0.01199722290034486, 0.03871536254868044, 0.09944915771446437, 0.06321716308569635, 0.023143768310458588, 0.01174163818354896, 0.730297088620261]",0,Normal-2008.png
742560,0,80.94485384050878,0.9066693362449464,"[0.0033149719238154793, 0.004802703857403554, 0.004535675048810823, 0.015018463134708334, 0.0398712158201604, 0.02527236938466922, 0.008796691894497694, 0.004695892333966461, 0.8936920165981533]",0,Normal-1180.png
880005,0,124.24720982142853,0.9329448573407088,"[0.003089904785144463, 0.005050659179668233, 0.003875732421860215, 0.012798309326123053, 0.023807525634674805, 0.014854431152287085, 0.00561904907224419, 0.0027542114257707436, 0.9281501769984125]",0,Normal-2985.png
2182035,0,305.6412594789628,0.6955599297178717,"[0.009342193603479987, 0.01778793334954152, 0.014663696289006562, 0.05381393432596659, 0.13865661621040856, 0.08835983276333481, 0.030548095703008468, 0.01712799072259091, 0.6296997070288479]",0,Normal-1088.png
991185,0,74.96077696917807,0.8819531266671284,"[0.0038261413574072795, 0.006172180175757705, 0.007160186767550811, 0.021530151367105368, 0.047042846679508046, 0.029842376708870536, 0.011619567871049424, 0.005470275878885382, 0.8673362731900507]",0,Normal-2415.png
1127865,0,174.37080708781804,0.8452184672650582,"[0.004505157470685939, 0.008716583251919874, 0.006515502929662645, 0.023479461669832308, 0.07036590576145033, 0.04637908935529183, 0.014366149902288947, 0.007774353027314093, 0.8178977966277393]",0,Normal-920.png
882810,0,76.96150318003912,0.9282489506205222,"[0.0029754638671761493, 0.004760742187481839, 0.004013061523422191, 0.012969970703075524, 0.026206970214743778, 0.016967773437435274, 0.006622314453099738, 0.0034751892089711182, 0.9220085144007797]",0,Normal-3151.png
1113075,0,176.29890839041093,0.8953889924169091,"[0.0034294128417837926, 0.006900787353489301, 0.005088806152324338, 0.017730712890557363, 0.04772567749005231, 0.027477264404192056, 0.00850296020504569, 0.0041542053222497774, 0.8789901733364907]",0,Normal-1246.png
1199775,0,167.84787411325826,0.8491063972118728,"[0.004505157470685939, 0.007823944091767029, 0.006549835205053139, 0.024513244628812738, 0.06804656982395917, 0.042442321777181845, 0.01319503784174654, 0.006710052490208778, 0.8262138366667701]",0,Normal-139.png
1170450,0,107.94786952666341,0.7990089789127557,"[0.004169464111312219, 0.009555816650354172, 0.008239746093718567, 0.03183364868151919, 0.10058593749961629, 0.05789566040016977, 0.018161773681571344, 0.00937271118160487, 0.7601852416963188]",0,Normal-652.png
1549635,0,244.75111989359098,0.7985556977721794,"[0.005985260009742793, 0.01166152954097114, 0.007820129394501418, 0.031585693359254506, 0.09716033935509812, 0.05838775634743352, 0.017425537109308525, 0.008556365966764234, 0.7614173889131111]",0,Normal-2939.png
2204730,0,272.09151785714283,0.696224163559385,"[0.008876800537075513, 0.01695632934563844, 0.013988494872993513, 0.05021286010723033, 0.13488769531198544, 0.08984374999965727, 0.02904891967762356, 0.016960144042904052, 0.6392250061010771]",0,Normal-3036.png
660195,0,91.12640655577297,0.8904362060233314,"[0.003242492675768881, 0.00605010986325817, 0.004898071289043815, 0.01866531372063192, 0.051044464111133406, 0.0324592590330793, 0.011032104492145416, 0.005638122558572242, 0.8669700622525521]",0,Normal-2203.png
1228845,0,184.72658925513693,0.8329065065609823,"[0.004726409912091345, 0.010147094726523791, 0.007011413574192003, 0.02726364135731787, 0.07855987548798156, 0.049182891845515504, 0.016086578369079257, 0.008720397949185483, 0.7983016967742984]",0,Normal-1556.png
812940,0,117.50152504280818,0.8520609174491963,"[0.0037460327148294598, 0.007648468017548948, 0.006507873535131424, 0.0238418579100653, 0.06947708129856309, 0.04232025146468231, 0.013694763183541509, 0.00689697265622369, 0.8258666992155995]",0,Normal-3476.png
715275,0,99.34132292685909,0.8876869070457563,"[0.003379821777330857, 0.006450653076147268, 0.0057487487792749455, 0.019104003906177124, 0.05313873290995354, 0.029842376708870536, 0.010776519775349516, 0.005489349365213434, 0.8660697936978681]",0,Normal-556.png
1072530,0,214.20095018957923,0.9027600195123958,"[0.0037956237792823957, 0.007179260253878863, 0.004653930664044747, 0.017322540283137046, 0.03577423095689478, 0.02809143066395534, 0.008991241455043826, 0.005634307861306632, 0.8885574340786416]",0,Normal-3076.png
1238535,0,188.0260824363992,0.8115045220778118,"[0.0048675537109189315, 0.010326385498007483, 0.008834838867153798, 0.03258514404284445, 0.085655212402017, 0.05262756347636174, 0.01677703857415475, 0.009635925292931991, 0.7786903381317951]",0,Normal-866.png
518160,0,78.29567484099803,0.9139018347438145,"[0.0031394958495973985, 0.006515502929662645, 0.004402160644514457, 0.014106750488227437, 0.03285217285143718, 0.02572631835927686, 0.009746551513634695, 0.009632110595666382, 0.8938789367641682]",0,Normal-3050.png
1243125,0,165.71682363013693,0.8759054929154517,"[0.0038223266601416688, 0.006793975830052208, 0.005886077880836922, 0.020347595214766128, 0.05148696899394422, 0.03235626220690782, 0.010337829589804315, 0.004673004150372799, 0.8642959594693592]",0,Normal-1392.png
1032750,0,219.74903299290608,0.8864191375152678,"[0.0035667419433457687, 0.007209777832003747, 0.004665374755841578, 0.01892089843742782, 0.050529479980275994, 0.033065795898311365, 0.009498596191370015, 0.005741119384743724, 0.8668022155728653]",0,Normal-2989.png
495210,0,71.15904782289626,0.8840064811692565,"[0.0031280517578005673, 0.0056304931640410215, 0.006164550781226484, 0.020561218261640316, 0.04952621459942044, 0.03198242187487799, 0.01141357421870646, 0.0054435729980261095, 0.8661499023404459]",0,Normal-1830.png
680850,0,79.6632598458904,0.9161158608571747,"[0.0030097961425666433, 0.004516601562482771, 0.004829406738262827, 0.014480590820257261, 0.034252166747916216, 0.021499633788980486, 0.008251190185515398, 0.0035896301269394315, 0.9055709838832643]",0,Normal-2873.png
1543260,0,246.81075709393343,0.7753759840818583,"[0.007652282714814559, 0.013813018798775433, 0.012195587158156601, 0.042224884033042046, 0.09224319457972624, 0.07057952880832451, 0.024475097656156634, 0.014297485351507959, 0.7225189208956813]",0,Normal-1014.png
1043715,0,181.56234711350288,0.8882789997781498,"[0.00340652465819013, 0.00655746459958436, 0.004096984863265621, 0.0187301635741473, 0.04941177368145213, 0.03277587890612497, 0.008220672607390515, 0.004913330078106257, 0.871887207027924]",0,Normal-1359.png
1967580,0,177.94559534001957,0.6222451024166799,"[0.007904052734344849, 0.018428802490164074, 0.017093658447200417, 0.06367874145483521, 0.18080902099540402, 0.10967636108356599, 0.03678131103501594, 0.02121734619132531, 0.5444107055643295]",0,Normal-3316.png
2973045,0,346.49238625244624,0.6810303512450022,"[0.008834838867153798, 0.018783569335865846, 0.014331817626898453, 0.0540733337400281, 0.15313720703066583, 0.08492279052701979, 0.028152465820205107, 0.01692581176751356, 0.6208381652808348]",0,Normal-2998.png
736185,0,97.84584072284734,0.871466090163539,"[0.004192352294905883, 0.0073051452636440075, 0.007606506347627233, 0.023231506347567626, 0.05867004394508869, 0.03719711303696748, 0.013648986816354182, 0.007617950439424065, 0.8405303955046061]",0,Normal-1782.png
1008015,0,188.79529262475532,0.856902991378447,"[0.0037574768066262914, 0.007877349853485574, 0.005813598632790322, 0.02306747436514638, 0.06399154663061526, 0.04096984863265621, 0.012931823730419418, 0.006843566894505143, 0.8347473144499407]",0,Normal-1511.png
1934685,0,223.66433005136986,0.7180307226101971,"[0.008106231689422202, 0.01430130004877357, 0.014167785644477203, 0.0492553710935621, 0.13615036010690248, 0.07978057861297691, 0.027034759521381246, 0.01362991333002613, 0.6575736999486634]",0,Normal-3370.png
738990,0,100.54573981775928,0.8219488396067809,"[0.004806518554669165, 0.00886154174801307, 0.009220123290980453, 0.032928466796749385, 0.08060836791961437, 0.05226135253886314, 0.018791198730397068, 0.009155273437465075, 0.7833671569794336]",0,Normal-3350.png
1203600,0,173.56172792318984,0.8354395930662513,"[0.00485229492185649, 0.009086608886684087, 0.007759094238251651, 0.028305053710829524, 0.0735702514645631, 0.047061920165836095, 0.015991210937438997, 0.007808685302704587, 0.8055648803680208]",0,Normal-860.png
2516850,0,406.3003225905087,0.7470300716490088,"[0.008098602294890981, 0.015865325927673854, 0.009910583496055943, 0.040931701660000104, 0.1158485412593237, 0.07036590576145033, 0.020072937011642176, 0.011592864990190152, 0.7073135375949581]",0,Normal-3186.png
859605,0,149.9543863136008,0.9039142961806409,"[0.0031204223632693463, 0.005901336669899363, 0.005043029785137012, 0.018692016601491196, 0.03676223754868789, 0.025436401367090467, 0.009395599365198534, 0.003955841064438035, 0.8916931152309734]",0,Normal-1068.png
1204620,0,167.4450296599804,0.8507554784904107,"[0.004100799560531231, 0.007923126220672901, 0.007038116455051277, 0.024574279785062506, 0.0715980529782425, 0.04226684570296376, 0.013515472412057817, 0.0072021484374725254, 0.8217811584441308]",0,Normal-3425.png
684420,0,127.97952467588061,0.8736972716646054,"[0.003177642822253503, 0.0066452026366934005, 0.006317138671850902, 0.02298736572256856, 0.05798339843727881, 0.03849411010727503, 0.013328552246042905, 0.007736206054657989, 0.8433303832975642]",0,Normal-1370.png
900660,0,144.50585555283757,0.9229447790115535,"[0.003211975097643997, 0.005149841308574105, 0.004398345947248847, 0.014339447021429674, 0.03046798706043065, 0.017227172851496782, 0.006023406982398898, 0.0034637451171742866, 0.915718078609788]",0,Normal-2421.png
612510,0,78.32621391878666,0.8953486560987846,"[0.00280761718748929, 0.005672454833962736, 0.005245208740214366, 0.019435882568285233, 0.04279708862288362, 0.03076934814441387, 0.011203765869097885, 0.006248474121069914, 0.8758201599087684]",0,Normal-423.png
311100,0,87.38443309686888,0.9252006398830158,"[0.0021400451660074614, 0.0038719177245946047, 0.0036125183105330944, 0.013290405273386801, 0.03236007690417343, 0.02391815185537751, 0.008319854736296386, 0.004837036132794048, 0.9076499938930219]",0,Normal-1546.png
1235475,0,221.1088972296966,0.8168774785323633,"[0.005081176757793117, 0.010261535644492104, 0.007972717285125837, 0.03189849853503456, 0.07742691040009526, 0.05729675292946893, 0.017009735107356986, 0.011482238769487448, 0.781570434567331]",0,Normal-2453.png
1611855,0,311.71802761130135,0.6821644966796863,"[0.009155273437465075, 0.017257690429621667, 0.016120910644469754, 0.057704925536889246, 0.13701629638619606, 0.0979232788082202, 0.032989501952999156, 0.020828247070233046, 0.6110038757300911]",0,Normal-2614.png
2015775,0,271.785228871086,0.7339799514305037,"[0.008232116699187346, 0.01498794555658345, 0.012371063232374684, 0.045177459716624534, 0.11781692504837868, 0.0729866027829247, 0.025077819824123083, 0.01328277587885558, 0.6900672912571332]",0,Normal-1033.png
870060,0,106.7309044765166,0.8988206340251536,"[0.003253936767565712, 0.00595855712888352, 0.0035285949706896644, 0.01464462280267851, 0.0452003479002182, 0.03364181518541854, 0.00970458984371298, 0.005329132080057796, 0.8787384033169604]",0,Normal-319.png
887145,0,142.90024156066534,0.8465866757088077,"[0.004688262939435241, 0.008762359619107199, 0.00791168212887607, 0.026287078857321598, 0.06829071044895824, 0.043563842773271313, 0.01641845703118737, 0.008712768554654263, 0.815364837643374]",0,Normal-1948.png
1194675,0,145.61837237035218,0.7900646625062332,"[0.005252838134745587, 0.011054992675739079, 0.009780883789025188, 0.035461425781114726, 0.09012222290004683, 0.06384658813452207, 0.020576477050702757, 0.013786315917916158, 0.7501182556123729]",0,Normal-342.png
1092675,0,203.84209882583164,0.7970712452371239,"[0.006084442138648664, 0.010608673095662656, 0.010517120361288004, 0.037254333495951635, 0.08692169189419967, 0.06367874145483521, 0.02103805541984162, 0.012897491455028925, 0.7509994506807289]",0,Normal-1073.png
1021530,0,121.31502262720156,0.8753741256686555,"[0.0036048889160018734, 0.006843566894505143, 0.005306243896464133, 0.020313262939375635, 0.05551528930642885, 0.03509140014635051, 0.011295318603472536, 0.005725860595681282, 0.8563041686979053]",0,Normal-21.png
1084515,0,118.06809946795501,0.7969599026094351,"[0.004161834716780999, 0.009941101074180827, 0.008892059326137954, 0.032821655273312295, 0.09426498413049977, 0.06290054321265068, 0.018192291259696226, 0.01021194458003917, 0.7586135864228873]",0,Normal-2602.png
546975,0,70.98056048189825,0.9147914526188378,"[0.002410888671865803, 0.004665374755841578, 0.0040893554687344005, 0.015705108642518215, 0.03575897216783234, 0.02384567260733091, 0.008522033691373741, 0.004093170166000011, 0.9009094238246883]",0,Normal-377.png
1021530,0,206.01306032901172,0.8244992110145262,"[0.005668640136697126, 0.010395050048788471, 0.008937835693325279, 0.031219482421755908, 0.07498168945283896, 0.05099487304668047, 0.018013000488212534, 0.010349273681601146, 0.7894401550262854]",0,Normal-170.png
1298460,0,169.99781372309192,0.8276510005668472,"[0.004726409912091345, 0.009418487548792195, 0.007717132568329936, 0.026950836181537815, 0.07624435424775602, 0.04785919189434868, 0.015117645263614206, 0.007213592529269357, 0.8047523498504457]",0,Normal-1575.png
1457325,0,178.61038405088064,0.8090160051876621,"[0.007259368896456683, 0.013591766357370026, 0.010261535644492104, 0.03447341918932162, 0.06430816650366093, 0.05390167236307563, 0.022483825683507982, 0.013267517089793138, 0.7804527282685072]",0,Normal-1485.png
2433465,0,375.42503210616445,0.7761527826280924,"[0.007556915283174297, 0.014575958251897522, 0.008663177490201327, 0.03647232055650149, 0.09906005859337211, 0.057762145995873405, 0.01635360717767199, 0.008331298828093218, 0.7512245178193999]",0,Normal-3147.png
1135260,0,102.88943630748531,0.7881767995296273,"[0.0039367675781099825, 0.009380340576136091, 0.008384704589811765, 0.03419876098619767, 0.10667419433553056, 0.06304550170874387, 0.0180740356444623, 0.009578704833947835, 0.7467269897432451]",0,Normal-1396.png
977925,0,140.16721196183948,0.857054282718168,"[0.004390716552717625, 0.007869720458954354, 0.007534027099580635, 0.02538299560537192, 0.062278747558356176, 0.04122924804671772, 0.014720916747990719, 0.007598876953096013, 0.8289947509734001]",0,Normal-1227.png
1676370,0,145.8089568554305,0.6957540262043009,"[0.008533477783170573, 0.018547058105397998, 0.015594482421815511, 0.056766510009549076, 0.1251182556147571, 0.09827423095665636, 0.036209106445174374, 0.02307891845694321, 0.6178779602027211]",0,Normal-2367.png
919275,0,153.16100859222118,0.8335005939525595,"[0.004550933837873265, 0.008636474609342054, 0.008792877197232082, 0.029769897460823935, 0.06995773315403, 0.04810714721661336, 0.017505645751886345, 0.007884979248016797, 0.8047943115203674]",0,Normal-2047.png
538815,0,100.72039352984345,0.889138111267009,"[0.003143310546863009, 0.0056953430175563985, 0.005939483642555468, 0.01976776123039334, 0.04431533813459657, 0.03259277343737567, 0.012119293212844393, 0.00570678710935323, 0.8707199096646472]",0,Normal-2747.png
1019745,0,104.01823171477494,0.8725131861707522,"[0.004413604736311289, 0.0078124999999701975, 0.007274627685519125, 0.02360916137686306, 0.04811096191387897, 0.032253265380736335, 0.013076782226512616, 0.006626129150365348, 0.8568229675260284]",0,Normal-3290.png
1268625,0,179.14083139677098,0.8027334205943507,"[0.005607604980447358, 0.010185241699179896, 0.009407043456995366, 0.03324127197252944, 0.0912055969234802, 0.05544281005838225, 0.019264221191332764, 0.009170532226527518, 0.7664756774873105]",0,Normal-807.png
2206260,0,298.5750634478963,0.7276212550967888,"[0.008365631103483713, 0.014846801757755863, 0.012050628662063405, 0.047470092773256416, 0.12776565551709074, 0.0794486999508688, 0.0256309509276366, 0.013328552246042905, 0.6710929870579868]",0,Normal-575.png
452880,0,64.62746911692759,0.8953633588849549,"[0.002689361572255366, 0.005043029785137012, 0.005905151367164974, 0.018573760986257272, 0.046287536620917176, 0.029922485351448355, 0.010185241699179896, 0.004753112792950618, 0.8766403198208746]",0,Normal-2063.png
1299480,0,144.3453285530822,0.8455644051535635,"[0.003952026367172424, 0.007598876953096013, 0.007247924804659851, 0.02580642700185468, 0.07120132446261901, 0.040775299072110076, 0.012657165527295466, 0.006275177001929187, 0.8244857788054486]",0,Normal-2412.png
513060,0,89.85209760273973,0.8478418603015211,"[0.003890991210922657, 0.00808715820309415, 0.008300781249968334, 0.026920318603412933, 0.06781005859349132, 0.044082641601394336, 0.016727447509701815, 0.008659362792935717, 0.815521240231264]",0,Normal-1603.png
663255,0,110.30358671722112,0.8704778574511759,"[0.0032730102538937643, 0.006824493408177091, 0.006614685058568517, 0.023197174072177133, 0.054615020751744785, 0.039108276367038314, 0.013923645019478135, 0.006801605224583429, 0.8456420898405241]",0,Normal-1481.png
783870,0,122.03121177837569,0.8728010245474583,"[0.0038299560546728897, 0.006580352783178023, 0.005313873290995354, 0.02284240722647536, 0.051925659179489415, 0.04349899291975594, 0.012748718261670117, 0.007469177246065257, 0.845790863033883]",0,Normal-665.png
1904595,0,324.26134800024454,0.7887048570969843,"[0.007080078124972991, 0.012733459472607676, 0.009864807128868619, 0.037712097167824886, 0.0956573486324476, 0.05728149414040649, 0.01871490478508486, 0.009780883789025188, 0.751174926754947]",0,Normal-283.png
883065,0,119.71673189823875,0.8606773236691562,"[0.003414154052721351, 0.006912231445286131, 0.00664138793942779, 0.023548126220613294, 0.05916976928688366, 0.03916931152328808, 0.013477325439401713, 0.00613021850583599, 0.8415374755827273]",0,Normal-2472.png
1202835,0,215.87734298556757,0.7769548948902777,"[0.005462646484354162, 0.011627197265580645, 0.009986877441368152, 0.03752899169907559, 0.10052108764610092, 0.06544113159154724, 0.020874023437420373, 0.011180877685504223, 0.737377166745234]",0,Normal-1040.png
1064880,0,146.7375397504892,0.8486273795548788,"[0.0041542053222497774, 0.008243560790984178, 0.006511688232397035, 0.02418899536123585, 0.0685653686520822, 0.04210281372054252, 0.013019561767528458, 0.006649017333959011, 0.8265647888152062]",0,Normal-2585.png
920805,0,104.17980980919764,0.8892659672436969,"[0.004058837890609517, 0.007419586181612321, 0.006359100341772617, 0.019729614257737237, 0.045364379882639444, 0.028831481933483765, 0.011596679687455761, 0.0061531066894296525, 0.870487213131445]",0,Normal-2935.png
708390,0,122.79856439579254,0.8920663452342495,"[0.003135681152331788, 0.0058174133300559335, 0.005077362060527506, 0.01828384399407088, 0.045852661132637584, 0.03040313720691527, 0.01065444946284998, 0.004703521728497683, 0.8760719299282986]",0,Normal-1189.png
1060545,0,138.4087993823386,0.8277638092061124,"[0.0047149658202945135, 0.00945281982418269, 0.007568359374971129, 0.027481079101457667, 0.08124542236297132, 0.049724578857232186, 0.0161743164061883, 0.008834838867153798, 0.7948036193817337]",0,Normal-2643.png
2294745,0,417.961143896771,0.6362937082118583,"[0.010765075683552684, 0.021312713622965572, 0.01668167114251449, 0.06040573120094144, 0.16779327392514115, 0.10348510742148023, 0.036182403564315097, 0.019607543945237702, 0.5637664794900369]",0,Normal-1186.png
1967070,0,268.62756849315065,0.6500750724109584,"[0.008434295654264701, 0.017833709716728843, 0.015048980712833218, 0.05696105957009521, 0.15748977661072736, 0.11122512817340383, 0.032047271728393376, 0.019020080566333693, 0.5819396972634051]",0,Normal-1134.png
969510,0,140.8067361790607,0.8519327659910042,"[0.004600524902326201, 0.008304595947233945, 0.006519317626928256, 0.025939941406151048, 0.06697845458958825, 0.04496383666975035, 0.01490402221674002, 0.008483886718717637, 0.8193054199187496]",0,Normal-2700.png
597720,0,67.22196061643834,0.9001237798386945,"[0.0034179687499869614, 0.0055961608886505275, 0.005237579345683145, 0.01721191406243434, 0.040966033935390604, 0.028038024902236794, 0.010494232177694343, 0.005481719970682214, 0.8835563659634263]",0,Normal-3056.png
1199265,0,175.01526189456953,0.8101817132631177,"[0.006835937499973923, 0.012592315673780089, 0.009395599365198534, 0.03313827514635796, 0.07657241821259853, 0.058883666991962874, 0.022426605224523822, 0.015029907226505166, 0.7651252746552843]",0,Normal-1631.png
2297550,0,372.16217435176134,0.5807623999475594,"[0.010013580322227426, 0.020629882812421303, 0.018413543701101633, 0.07129287719699366, 0.1953773498527703, 0.12033843994094719, 0.03916549682602247, 0.020305633544844416, 0.5044631957988569]",0,Normal-3077.png
2245785,0,238.1447147137965,0.6311150869047975,"[0.009124755859340191, 0.01840591430657041, 0.016170501708922688, 0.06116104125953231, 0.17662048339776373, 0.11000061035114288, 0.03417968749986961, 0.01871490478508486, 0.5556221008279586]",0,Normal-1960.png
1092420,2,155.24500825587083,0.7680528866725786,"[0.005416870117166836, 0.011894226074173377, 0.01097488403316126, 0.03839111328110355, 0.10403060913046253, 0.06834030151341118, 0.02246093749991432, 0.012287139892531253, 0.726203918454261]",0,Normal-721.png
592875,0,86.42450464774953,0.9047551705172682,"[0.002796173095692458, 0.004844665527325269, 0.0047988891601379435, 0.01525115966791057, 0.040485382079923686, 0.027557373046769876, 0.00978851318355641, 0.004783630371075502, 0.8896942138637935]",0,Normal-1971.png
1428000,0,209.90258072407045,0.8392221916324507,"[0.004455566406233003, 0.008377075195280543, 0.006988525390598341, 0.024986267089748434, 0.06354522705053885, 0.047203063964663686, 0.013847351074165926, 0.007091522216769823, 0.8235054016081866]",0,Normal-3092.png
1214055,0,265.69866453644806,0.8341997799626724,"[0.0044097900390456775, 0.010410308837850912, 0.006324768066382123, 0.0289535522459833, 0.068058013915756, 0.05758666992165532, 0.017238616943293615, 0.011444091796831344, 0.795574188229387]",0,Normal-3120.png
780810,0,69.92929763943249,0.9241083711243833,"[0.002376556396475309, 0.004024505615219023, 0.0034370422363150135, 0.013256072997996306, 0.033195495605342115, 0.018722534179616078, 0.0060005187988052345, 0.002914428710926382, 0.9160728454554898]",0,Normal-2803.png
675495,0,93.13243792808218,0.8691635152525798,"[0.0036354064941267568, 0.006973266601535899, 0.007667541503877001, 0.023551940917878905, 0.05515670776346147, 0.036178588867049485, 0.013122558593699941, 0.006584167480443633, 0.8471298217741122]",0,Normal-1827.png
1673310,0,195.8377606714775,0.7313443790699606,"[0.006355285644507006, 0.013431549072214386, 0.011081695556598352, 0.04342269897444373, 0.12710571289014014, 0.07703018188447178, 0.02394104003897117, 0.013183593749949709, 0.684448242184889]",0,Normal-2117.png
717315,0,98.73559044765166,0.8694038426362001,"[0.003883361816391436, 0.006988525390598341, 0.007888793945282406, 0.02375793457022187, 0.05828857421852764, 0.036098480224471666, 0.013565063476510753, 0.006790161132786597, 0.8427391052213945]",0,Normal-1584.png
1228080,0,151.39423312133073,0.8395926153959341,"[0.003807067871079227, 0.008110046386687813, 0.0053672790527139, 0.022949218749912455, 0.0731315612790179, 0.04911041259746891, 0.011936187744095092, 0.007568359374971129, 0.8180198669402389]",0,Normal-2802.png
1263015,1,176.93217954990214,0.6428862672973126,"[0.011173248290973003, 0.022468566894445537, 0.0200080871581268, 0.06662368774388647, 0.14748001098576552, 0.11414337158159582, 0.04539489746076433, 0.03413391113268229, 0.5385742187479455]",0,Normal-203.png
845835,0,134.31411677470643,0.8666824078082005,"[0.0036087036132674837, 0.007095336914035433, 0.006393432617163111, 0.023521423339754023, 0.059314727782976855, 0.038200378417823026, 0.013614654540963689, 0.007026672363254445, 0.8412246704069473]",0,Normal-323.png
844560,0,100.03557668786694,0.9321506947525267,"[0.002494812011709233, 0.004264831542952481, 0.0033836364745964674, 0.011520385742143553, 0.029983520507698123, 0.01618576049798513, 0.004920959472637478, 0.0022850036621006584, 0.9249610900843621]",0,Normal-297.png
863940,0,130.87665881849318,0.8659321525570525,"[0.0039062499999850987, 0.007251739501925461, 0.006664276123021453, 0.02349472045889475, 0.057220458984156716, 0.037689208984231226, 0.01337051391596462, 0.0059165954589618045, 0.8444862365690441]",0,Normal-1487.png
1195185,0,134.50126131360074,0.7987402513579945,"[0.004760742187481839, 0.010181427001914286, 0.008514404296842519, 0.034893035888538766, 0.09587097167932178, 0.06571197509740558, 0.018280029296805268, 0.012218475341750265, 0.749568939206125]",0,Normal-1719.png
1741650,0,303.587290545499,0.788924996674669,"[0.006446838378881657, 0.012466430664014944, 0.010967254638630039, 0.03834152221665061, 0.0911331176754336, 0.05875778198219773, 0.01992034912101776, 0.009609222412072719, 0.7523574829072862]",0,Normal-3387.png
1661070,0,244.8265579134051,0.6586523562337965,"[0.010257720947226495, 0.020118713378829502, 0.01541519165033182, 0.06216049194312225, 0.13594436645455954, 0.11941528320266946, 0.03891754150375779, 0.02835083007801685, 0.5694198608376716]",0,Normal-2031.png
1115625,0,190.52784827544025,0.9067351644555678,"[0.0032386779785032703, 0.006225585937476251, 0.0038375854492041107, 0.01643753051751542, 0.04098129272445304, 0.02256774902335141, 0.007198333740206915, 0.0036735534667828615, 0.895839691158692]",0,Normal-724.png
1046265,0,154.8328071489726,0.8351756710816086,"[0.004779815673809891, 0.009239196777308506, 0.00766372680661139, 0.028049468994033624, 0.07774734497040654, 0.048816680908016906, 0.01582336425775214, 0.008338928222624439, 0.7995414733856219]",0,Normal-1201.png
878475,0,156.93652152641877,0.8389807123854714,"[0.004352569580061521, 0.008850097656216239, 0.006671905517552673, 0.02665710449208581, 0.07620620727509991, 0.04817962646465996, 0.015037536621036386, 0.007701873779267495, 0.8063430786102053]",0,Normal-208.png
1896690,0,289.65128883317027,0.7245208348567126,"[0.009349822998011207, 0.01694488525384161, 0.013175964355418488, 0.04812622070294141, 0.12272262573195372, 0.08367156982389956, 0.029083251953014054, 0.01702117919915382, 0.6599044799779514]",0,Normal-1701.png
2003535,0,241.87583705357136,0.7099157407387847,"[0.008644104003873275, 0.014648437499944121, 0.014152526855414762, 0.05261993408183052, 0.133560180663553, 0.08239746093718568, 0.02851867675770371, 0.015079498290958102, 0.6503791809057221]",0,Normal-3341.png
1788060,0,266.27036448140893,0.7281594390282958,"[0.007858276367157522, 0.015232086181582519, 0.013057708740184564, 0.04842376708965903, 0.12865447997997798, 0.07925033569305706, 0.02750396728505133, 0.014194488525336477, 0.6658248901341788]",0,Normal-2995.png
1048815,0,166.51228443003907,0.8563752684582339,"[0.0039367675781099825, 0.008739471435513537, 0.004932403564434309, 0.022102355956946936, 0.060340881347426066, 0.04566192626935706, 0.013320922851511685, 0.009296417236292662, 0.831668853756593]",0,Normal-2141.png
985575,0,81.63736851761252,0.905529788258475,"[0.0036087036132674837, 0.005641937255837852, 0.0052223205566207034, 0.016101837158141702, 0.03551101684556766, 0.02376556396475309, 0.008892059326137954, 0.004356384277327131, 0.8969001769985318]",0,Normal-1471.png
790755,0,89.83995077054794,0.8918297289821063,"[0.0041236877441248945, 0.0069160461425517425, 0.00689697265622369, 0.01897048950188076, 0.03966140747055183, 0.02590179443349494, 0.011722564697220907, 0.0059509277343522985, 0.8798561096157842]",0,Normal-2861.png
1090635,0,89.01111102617415,0.7909666932390326,"[0.00494003295896553, 0.00953292846676051, 0.0094566345214483, 0.03412628173815107, 0.09620285034142989, 0.06409835815405236, 0.0197525024413309, 0.010967254638630039, 0.7509231567354167]",0,Normal-2470.png
1124550,0,215.00637918908993,0.815287920843301,"[0.005836486816383986, 0.012821197509716716, 0.009220123290980453, 0.03252792358386029, 0.06561660766576531, 0.055500030517366405, 0.02118682861320043, 0.015190124511660803, 0.7821006774872509]",0,Normal-3220.png
2015775,0,314.34019538894324,0.8130815768306155,"[0.0058479309081808165, 0.012233734130812707, 0.007514953613252583, 0.031478881835817416, 0.08509445190397226, 0.05357742309549874, 0.014759063720646823, 0.008445739746061531, 0.7810478210419424]",0,Normal-109.png
961350,0,161.98180268468693,0.8505252275989725,"[0.004379272460920795, 0.00791549682614168, 0.0064582824706784885, 0.023700714111237715, 0.06963348388645312, 0.04326248168928809, 0.012729644775342065, 0.006908416748020521, 0.8250122070281029]",0,Normal-194.png
1574115,0,240.6073530760763,0.8438230372907163,"[0.005603790283181748, 0.010414123535116523, 0.006973266601535899, 0.027912139892471648, 0.07007980346652953, 0.042205810546714, 0.014514923095647754, 0.008796691894497694, 0.8134994506804905]",0,Normal-32.png
315435,0,67.69833965264189,0.8982491481623616,"[0.002861022949207836, 0.0050201416015433495, 0.005718231201150062, 0.019405364990160347, 0.04428100585920608, 0.03076934814441387, 0.01089859008784905, 0.005645751953103463, 0.8754005432095512]",0,Normal-1839.png
976650,0,192.97388698630135,0.907195788572695,"[0.0034332275390494033, 0.006698608398411947, 0.004608154296857421, 0.015056610107364438, 0.034755706786976794, 0.023902893066315066, 0.00774765014645482, 0.004486083984357887, 0.8993110656703975]",0,Normal-242.png
1064625,0,173.10011007827788,0.8378441229760406,"[0.004871368408184542, 0.008991241455043826, 0.0071868896484100836, 0.026889801025288047, 0.07572555541963301, 0.047710418700989875, 0.015144348144473479, 0.007816314697235809, 0.8056640624969266]",0,Normal-744.png
1515975,0,179.2222587451076,0.8850857034694739,"[0.004695892333966461, 0.007465362548799647, 0.006931304931614184, 0.02128219604484069, 0.04094314575179694, 0.025398254394434362, 0.009632110595666382, 0.004474639892561055, 0.8791770935025055]",0,Normal-2697.png
1200795,0,106.36304045376716,0.832969359580453,"[0.004024505615219023, 0.007968902587860226, 0.006732940673802441, 0.02622604370107183, 0.08058166503875511, 0.05054092407207283, 0.012989044189403576, 0.007865905761688744, 0.8030700683563116]",0,Normal-2374.png
687735,0,73.1401969178082,0.8826175128809622,"[0.003227233886706439, 0.005905151367164974, 0.006271362304663576, 0.021568298339761472, 0.053619384765420455, 0.03091812133777268, 0.011528015136674773, 0.005310058593729744, 0.8616523742642912]",0,Normal-362.png
387855,0,56.66573660714287,0.8913597590459157,"[0.0033531188964715836, 0.005779266357399828, 0.005996704101539624, 0.019515991210863053, 0.04496383666975035, 0.03124999999988079, 0.012233734130812707, 0.006351470947241396, 0.870555877682226]",0,Normal-2032.png
688500,0,91.92840325342466,0.8879251224460296,"[0.003276824951159375, 0.0061340332031016, 0.0057830810546654395, 0.018798828124928287, 0.04660034179669723, 0.029151916503795044, 0.010978698730426869, 0.005165100097636546, 0.8741111755337749]",0,Normal-101.png
529380,0,87.70270456213308,0.8833232050992411,"[0.0032157897949096075, 0.006015777587867676, 0.006267547607397966, 0.02120590209952848, 0.052062988281051395, 0.03313064575182674, 0.011562347412065268, 0.0057487487792749455, 0.8607902526822632]",0,Normal-270.png
258315,0,30.809618089530325,0.9288917259330285,"[0.002735137939442691, 0.004859924316387711, 0.004585266113263759, 0.01294708251948186, 0.023315429687411057, 0.018947601318287096, 0.009696960449181759, 0.005287170410136081, 0.9176254272425932]",0,Normal-2112.png
1091655,0,200.8166699792074,0.8257382999659604,"[0.00528335571287047, 0.01013565063472696, 0.008056640624969266, 0.02964019775379318, 0.0773658752438455, 0.05084991455058727, 0.01686096191399818, 0.009513854980432458, 0.792293548580962]",0,Normal-72.png
1399950,0,187.52561995474557,0.7588459009356563,"[0.00766372680661139, 0.013381958007761452, 0.012664794921826688, 0.04362106323225547, 0.10458755493124165, 0.07297897338839349, 0.02648162841786773, 0.01353836059565148, 0.7050819396945759]",0,Normal-1366.png
1051365,0,89.69587053571428,0.8638328147045858,"[0.004638671874982305, 0.00800704956051633, 0.008388519287077375, 0.024555206298734453, 0.05493164062479045, 0.03424453735338499, 0.01413345336908671, 0.007614135742158454, 0.8434867858854542]",0,Normal-2332.png
825435,0,116.59238931017613,0.8809804489424226,"[0.004539489746076433, 0.008075714111297318, 0.007564544677705519, 0.02179336547843249, 0.04409027099592556, 0.030628204345586288, 0.013530731201120258, 0.007549285888643077, 0.8622283935513984]",0,Normal-2514.png
804015,0,95.11703461350294,0.8682643122524017,"[0.004062652587875127, 0.007007598876926393, 0.007030487060520055, 0.023281097412020564, 0.06012725830055188, 0.03689193725571864, 0.012157440185500497, 0.006328582763647733, 0.8431129455534244]",0,Normal-2999.png
1816110,0,268.49264615949113,0.734322510099941,"[0.008769989013638419, 0.0157737731932992, 0.013076782226512616, 0.0449447631834223, 0.11669540405228922, 0.07859420776337206, 0.02717971801747444, 0.017391204833918032, 0.677574157712259]",0,Normal-301.png
1063350,0,97.14950770547944,0.8933703877228496,"[0.00340652465819013, 0.006462097167944099, 0.0053672790527139, 0.016304016113219053, 0.04524993896467113, 0.027107238769427843, 0.009555816650354172, 0.004920959472637478, 0.8816261291470274]",0,Normal-2948.png
714765,0,103.40249281433464,0.8894771241306764,"[0.0033073425292842584, 0.006595611572240465, 0.005218505859355093, 0.019058227538989798, 0.04952621459942044, 0.03108978271472515, 0.010570526123006551, 0.005390167236307563, 0.869243621822856]",0,Normal-736.png
1969365,0,374.02614359099806,0.6462055452507716,"[0.010066986083945972, 0.018177032470633785, 0.017524719238214397, 0.06445312499975413, 0.1537475585931635, 0.10885620117145975, 0.03692245483384353, 0.020900726318279644, 0.5693511962868906]",0,Normal-304.png
938145,0,231.66450969300394,0.7390571869429535,"[0.007411956787081101, 0.018447875976492126, 0.013183593749949709, 0.05041503906230768, 0.09519577026330873, 0.08891296386684833, 0.03551101684556766, 0.027900695800674818, 0.6630210876439552]",0,Normal-2800.png
980730,0,129.3201443248532,0.8863761179261054,"[0.0031890869140503344, 0.006450653076147268, 0.004665374755841578, 0.016788482665951582, 0.0523223876951129, 0.03598403930650335, 0.00970077514644737, 0.005321502685526575, 0.8655776977506043]",0,Normal-2231.png
1133475,0,171.1046584515655,0.8653623109070436,"[0.004184722900374661, 0.008098602294890981, 0.005382537841776342, 0.021583557128823913, 0.06161880493140556, 0.04073333740218836, 0.01243591308589006, 0.006484985351537762, 0.8394775390592977]",0,Normal-2927.png
2246295,0,387.0578446061644,0.686925185220774,"[0.010086059570274024, 0.02029037475578197, 0.015899658203064347, 0.053165435790812815, 0.12210083007765922, 0.09300231933558273, 0.033843994140495895, 0.020751953124920838, 0.6308593749975935]",0,Normal-2403.png
1293105,0,169.32211273850285,0.8299159183273566,"[0.005767822265602998, 0.009933471679649607, 0.008903503417934786, 0.028087615966689728, 0.06997299194309245, 0.049102783202937685, 0.017337799072199487, 0.010078430175742803, 0.8008155822723357]",0,Normal-2309.png
916470,0,163.0069869129158,0.8541235315079141,"[0.004447937011701783, 0.00843048095699909, 0.0075759887695023495, 0.02606582641591619, 0.06153488159156214, 0.04381942749006722, 0.01574325561517432, 0.00808715820309415, 0.824295043942168]",0,Normal-1244.png
882300,0,93.71113243028375,0.8115855797590338,"[0.004219055175765155, 0.008831024169888187, 0.008148193359343917, 0.030025482177619835, 0.09042358398403005, 0.05568695068338132, 0.01778793334954152, 0.009330749511683155, 0.7755470275849321]",0,Normal-2406.png
1902810,0,267.3292296049413,0.7767184708776526,"[0.007061004638644939, 0.013244628906199476, 0.010185241699179896, 0.037605285644387795, 0.100040435790634, 0.0605735778806283, 0.02018356323234488, 0.010272979736288936, 0.740833282467877]",0,Normal-2617.png
2160360,0,406.9213284307731,0.7779607415154088,"[0.007946014404266562, 0.014514923095647754, 0.010955810546833207, 0.039913177490082115, 0.0928115844723022, 0.06392288207983428, 0.020572662353437146, 0.012615203857373752, 0.7367477416964082]",0,Normal-3248.png
547485,0,74.49819593933462,0.8912992327165943,"[0.002990722656238591, 0.005428314208963668, 0.0049018859863094255, 0.01847839355461701, 0.047115325927554644, 0.03117370605456858, 0.010581970214803383, 0.005485534667947824, 0.8738441467251822]",0,Normal-1387.png
1982880,0,283.03230491682973,0.6354470837026733,"[0.009468078613245131, 0.018527984619069945, 0.016487121581968356, 0.06504440307592375, 0.16353607177671992, 0.11009979248004875, 0.03483581542955461, 0.02016448974601683, 0.561836242673638]",0,Normal-875.png
1143420,1,112.10546110567509,0.7686240606783856,"[0.0056648254394315155, 0.012157440185500497, 0.010746002197224632, 0.0399055480955509, 0.10793304443318201, 0.07200622558566282, 0.024040222167877042, 0.014007568359321565, 0.7135391235324343]",0,Normal-1108.png
1443555,0,157.31219040484342,0.8537519945199977,"[0.004364013671858353, 0.007274627685519125, 0.005077362060527506, 0.023731231689362597, 0.0706100463864494, 0.04114532470687429, 0.01038742065425725, 0.004592895507794979, 0.8328170776335417]",0,Normal-3267.png
1195950,0,172.9027565435421,0.8297137316448001,"[0.005523681640603928, 0.010433197021444575, 0.008834838867153798, 0.029567718505746583, 0.0742988586422947, 0.04667663574200944, 0.017402648925714862, 0.009498596191370015, 0.7977638244598474]",0,Normal-1211.png
2591310,0,352.1485750978474,0.7469771421403751,"[0.008201599121062463, 0.01567840576165894, 0.009651184081994434, 0.03904342651352293, 0.1136627197261289, 0.06916046142551742, 0.020072937011642176, 0.011627197265580645, 0.7129020690890774]",0,Normal-1641.png
506685,0,86.10741040851272,0.9036033176510232,"[0.0030784606933476314, 0.005329132080057796, 0.0052223205566207034, 0.017093658447200417, 0.0399780273435975, 0.028163909912001937, 0.011054992675739079, 0.0057830810546654395, 0.8842964172329548]",0,Normal-2786.png
1100580,0,149.3611255503914,0.8291011889920638,"[0.004783630371075502, 0.008792877197232082, 0.00740814208981549, 0.02901840209949868, 0.07807922363251465, 0.05108261108378951, 0.015342712402285222, 0.008750915527310367, 0.7967414855926638]",0,Normal-2182.png
1043970,0,158.14841074486299,0.8242356501629532,"[0.004894256591778205, 0.009586334228479055, 0.008476257324186415, 0.02885437011707743, 0.08001708984344476, 0.048751831054501524, 0.01754379272454245, 0.00825500488278101, 0.7936210632293944]",0,Normal-761.png
1448655,0,202.98068661325829,0.7893741160252097,"[0.006935119628879795, 0.012157440185500497, 0.011657714843705529, 0.040771484374844465, 0.09303665161097321, 0.06242370605444937, 0.0223083496092899, 0.01217269897456294, 0.7385368347139796]",0,Normal-3321.png
773925,0,91.55570801736789,0.9248108938672437,"[0.002929687499988824, 0.005661010742165904, 0.0040550231933439065, 0.014682769775334614, 0.025386810302637532, 0.02067565917960863, 0.008739471435513537, 0.005149841308574105, 0.9127197265590182]",0,Normal-3221.png
1009035,0,119.18663619129154,0.8855827659439991,"[0.004863739013653321, 0.007877349853485574, 0.006511688232397035, 0.02008819580070462, 0.04884719848614179, 0.03158950805652012, 0.0120849609374539, 0.007099151611301043, 0.8610382080045279]",0,Normal-1508.png
587520,0,106.10700525929549,0.8710650507674342,"[0.0033187866210810896, 0.007205963134738137, 0.006443023681616047, 0.021903991699135192, 0.05373764038065438, 0.03842926025375965, 0.014495849609319702, 0.007244110107394241, 0.8472213745084868]",0,Normal-2252.png
844560,0,88.84367737891391,0.8525164107501184,"[0.0038528442382665526, 0.007904052734344849, 0.006687164306615115, 0.026859283447163165, 0.0668182373044326, 0.04272460937483702, 0.01592636108392362, 0.007991790771453889, 0.8212356567351484]",0,Normal-772.png
1118685,0,191.5842595706947,0.8040246559329827,"[0.005588531494119306, 0.010864257812458556, 0.009433746337854638, 0.033683776855340256, 0.08259582519499742, 0.0583457946775118, 0.019638061523362588, 0.010707855224568527, 0.7691421508759722]",0,Normal-1723.png
1173255,0,149.76581610812127,0.7936670938848227,"[0.005321502685526575, 0.010856628417927335, 0.009822845458946903, 0.03754425048813803, 0.09254074096644385, 0.059314727782976855, 0.020214080810469763, 0.01090240478511466, 0.7534828186006413]",0,Normal-309.png
1426725,0,261.8017903008806,0.7795595588009823,"[0.005523681640603928, 0.012962341308544302, 0.011028289794879804, 0.03944015502914642, 0.08509445190397226, 0.06918334960911109, 0.024158477783110966, 0.01594924926751728, 0.7366600036592992]",0,Normal-2132.png
1387455,0,196.52985873287668,0.8161819859921801,"[0.006004333496070845, 0.010917663574177103, 0.008411407470671038, 0.029926300048713963, 0.0827713012692155, 0.05161666870097497, 0.016166687011657077, 0.008468627929655194, 0.7857170104950496]",0,Normal-1761.png
772395,0,90.94667318982385,0.8851514711416064,"[0.003303527832018648, 0.00570297241208762, 0.006088256835914275, 0.021083831787028946, 0.05051422119121355, 0.030200958251837915, 0.011306762695269368, 0.005435943603494888, 0.8663635253873201]",0,Normal-746.png
406725,0,85.80760763209393,0.8532837792667141,"[0.003929138183578761, 0.007461547851534037, 0.008911132812466006, 0.026233673095603052, 0.059455871581804445, 0.04257965087874382, 0.01565170288079967, 0.007827758789032638, 0.8279495239226229]",0,Normal-1434.png
1458090,0,149.13164291829747,0.772154334691513,"[0.004711151123028903, 0.010818481445271231, 0.009006500244106267, 0.03832626342758817, 0.11167907714801148, 0.06964111328098434, 0.021015167236247956, 0.010932922363239544, 0.7238693237277074]",0,Normal-3368.png
536520,0,80.9069991438356,0.8929562858895884,"[0.003211975097643997, 0.005584716796853696, 0.005420684814432446, 0.0191688537596925, 0.04774093627911476, 0.033496856689325345, 0.01141357421870646, 0.006248474121069914, 0.8677139282193461]",0,Normal-1137.png
1691670,0,218.62049749266146,0.816898279301827,"[0.004993438720684076, 0.011203765869097885, 0.007686614990205053, 0.03021240234363475, 0.08816909790005428, 0.0469169616697429, 0.015098571777286154, 0.009078979492152866, 0.7866401672333273]",0,Normal-3475.png
838440,0,115.64680925880624,0.7743211885176254,"[0.005218505859355093, 0.011299133300738147, 0.010097503662070855, 0.038093566894385936, 0.0982513427730627, 0.07264328002901976, 0.02246093749991432, 0.013744354247994445, 0.728191375729644]",0,Normal-1799.png
1918110,0,337.4314151174168,0.8495928801367718,"[0.005752563476540556, 0.009902954101524723, 0.0059509277343522985, 0.023487091064363527, 0.06716156005833755, 0.03891372680649218, 0.009979248046836931, 0.005245208740214366, 0.8336067199675231]",0,Normal-1102.png
1273470,0,195.38810237279847,0.8566831568590961,"[0.004344940185530301, 0.00810241699215659, 0.005886077880836922, 0.025100708007716747, 0.0668487548825575, 0.04070663452132909, 0.012134552001906836, 0.006057739257789392, 0.8308181762663619]",0,Normal-2274.png
1216860,0,173.27193921232876,0.8444486934610407,"[0.004112243652328063, 0.00818252563473441, 0.006355285644507006, 0.02518844604482579, 0.07128524780246244, 0.044567108154126865, 0.012668609619092297, 0.0074234008788779315, 0.8202171325652304]",0,Normal-753.png
1851555,0,291.1525272137965,0.7252761777296993,"[0.007545471191377466, 0.014190673828070866, 0.012020111083938521, 0.04979324340801318, 0.12639617919873658, 0.08084869384734783, 0.026180267333884504, 0.01456451416010069, 0.6684608459447157]",0,Normal-2235.png
1188300,0,127.59454500978474,0.8590688664874628,"[0.004661560058575967, 0.008071899414031709, 0.008171081542937579, 0.026016235351463256, 0.060752868652112, 0.03743362426743532, 0.01429367065424235, 0.008224487304656126, 0.832374572750731]",0,Normal-2376.png
620415,0,97.11907564823873,0.8918485944683213,"[0.0038108825683448376, 0.0063896179198975, 0.0049171447753718674, 0.016613006591733502, 0.043949127197097974, 0.03295135498034305, 0.011821746826126779, 0.006690979003880726, 0.8728561401333891]",0,Normal-3274.png
394740,0,62.954332803326814,0.897556017890182,"[0.002990722656238591, 0.0051383972167772735, 0.005523681640603928, 0.01797485351555643, 0.04513168334943721, 0.030048370361213498, 0.010662078857381203, 0.005294799804667302, 0.8772354125943098]",0,Normal-2370.png
714765,0,59.90266481164384,0.9113092882177927,"[0.002452850341787518, 0.004413604736311289, 0.004478454589826666, 0.014884948730411967, 0.042308807372885476, 0.023120880126864925, 0.00791549682614168, 0.0038719177245946047, 0.8965530395473611]",0,Normal-1135.png
1086810,0,123.12814181751469,0.8760288653276724,"[0.0037193298339701867, 0.006752014160130493, 0.00664138793942779, 0.02273178100577266, 0.050392150878714015, 0.031822204589722354, 0.01141357421870646, 0.005176544189433378, 0.8613510131803079]",0,Normal-584.png
1112055,0,117.59624204990216,0.8002025607274175,"[0.004726409912091345, 0.010093688964805246, 0.008338928222624439, 0.032173156738158515, 0.09571075439416614, 0.0596961975095379, 0.018402099609304803, 0.010951995849567596, 0.7599067687959293]",0,Normal-625.png
1334415,0,197.46232112279841,0.8110480612394588,"[0.00519943237302704, 0.009777069091759578, 0.008827209472622577, 0.031635284423707444, 0.08010864257781941, 0.05067062377910358, 0.016551971435483735, 0.008346557617155661, 0.7888832092255063]",0,Normal-3225.png
2011695,0,272.5767260885518,0.628800423741153,"[0.009601593017541498, 0.019866943359299213, 0.017349243163996317, 0.06459808349584732, 0.16768264770443847, 0.10682296752888938, 0.036846160888531314, 0.02291107177725635, 0.5543212890603855]",0,Normal-2827.png
1230630,0,209.79060665362033,0.8331860839333188,"[0.005111694335918, 0.009674072265588095, 0.007110595703097875, 0.025760650634667356, 0.0750656127926824, 0.047893524169739174, 0.01549148559564403, 0.008544921874967403, 0.8053474426238809]",0,Normal-3017.png
597720,0,59.37758378180039,0.9043286155624161,"[0.002700805664052197, 0.004821777343731606, 0.0049018859863094255, 0.01644897460931225, 0.04113006591781185, 0.027030944824115635, 0.009262084960902167, 0.004425048828108119, 0.889278411861842]",0,Normal-955.png
713235,0,141.36593000856163,0.8530898518670161,"[0.003974914550766087, 0.00766372680661139, 0.00792694091793851, 0.02563858032216782, 0.062271118163824954, 0.04205703735335519, 0.015338897705019611, 0.007404327392549879, 0.8277244567839518]",0,Normal-3070.png
705330,0,102.65748455846376,0.8764493267553104,"[0.0033950805663932986, 0.006427764892553605, 0.005645751953103463, 0.01925659179680154, 0.0573959350583748, 0.03393936157213615, 0.010963439941364428, 0.005668640136697126, 0.8573074340787609]",0,Normal-939.png
943755,1,117.8610567514677,0.8809014454540597,"[0.0038375854492041107, 0.007057189941379329, 0.005229949951151924, 0.018577575683522883, 0.051174163818164156, 0.033069610595576976, 0.010845184326130504, 0.005733489990212504, 0.8644752502408429]",0,Normal-1609.png
229500,1,26.542013209393343,0.9378531632675489,"[0.0012893676757763314, 0.0048675537109189315, 0.0007057189941379329, 0.013397216796823893, 0.0216140747069488, 0.034919738769398044, 0.005397796630838784, 0.011463165283159396, 0.9063453674281832]",0,Normal-1223.png
1273215,0,219.91774324241686,0.8808954978899574,"[0.004337310790999079, 0.007789611816376535, 0.005836486816383986, 0.02018356323234488, 0.053783416747841706, 0.03107452392566271, 0.009559631347619783, 0.005489349365213434, 0.8619461059537432]",0,Normal-2157.png
1413465,0,268.80671324608613,0.6520765169075777,"[0.008964538574184553, 0.018013000488212534, 0.016571044921811787, 0.06361007690405422, 0.15095901489200225, 0.11341476440386423, 0.03691864013657792, 0.023559570312410127, 0.5679893493630677]",0,Normal-265.png
1125825,0,133.15694945572406,0.8516181810257696,"[0.0041542053222497774, 0.007720947265595547, 0.006092071533179886, 0.0227470397948351, 0.06795120239231892, 0.04183959960921539, 0.012844085693310378, 0.006019592285133287, 0.830631256100347]",0,Normal-3197.png
1014645,0,154.1700938723092,0.8360902827988717,"[0.004978179931621635, 0.008586883544889118, 0.007934570312469733, 0.02956008911121536, 0.07061386108371501, 0.052352905273237785, 0.017215728759699952, 0.010604858398397045, 0.7981529235809396]",0,Normal-124.png
2065500,0,453.2987019936399,0.7904147454438887,"[0.007385253906221827, 0.012294769287062473, 0.009887695312462282, 0.037010192870952564, 0.08770370483364981, 0.05764770507790509, 0.01704025268548187, 0.010360717773397976, 0.7606697082490513]",0,Normal-2862.png
1432335,0,150.46596746575344,0.8346193596716475,"[0.0056228637695098, 0.009597778320275887, 0.009391784667932923, 0.028930664062389637, 0.06565856933568703, 0.04075622558578203, 0.01590728759759557, 0.007965087890594615, 0.8161697387664177]",0,Normal-2496.png
910095,0,146.87313478473578,0.822627058609756,"[0.0044631958007642246, 0.009353637695276818, 0.00825881958004662, 0.02980422973621443, 0.07770156860321921, 0.05014038085918373, 0.017173767089778236, 0.00893402099605967, 0.7941703796356423]",0,Normal-2215.png
826710,0,190.5354734894814,0.9303202619529276,"[0.0028114318847549, 0.0053672790527139, 0.002925872802723214, 0.01193237304682948, 0.02333450317373911, 0.021492004394449263, 0.006649017333959011, 0.0047988891601379435, 0.9206886291468784]",0,Normal-1642.png
1901280,0,329.46912839408014,0.7477584554921155,"[0.007583618164033571, 0.013671874999947846, 0.011753082275345791, 0.04592514038068418, 0.11912918090774868, 0.07061767578098062, 0.022468566894445537, 0.012626647949170582, 0.6962242126438285]",0,Normal-113.png
1040655,0,213.67786050636005,0.9032535781829809,"[0.002803802490223679, 0.005775451660134218, 0.0037155151367045764, 0.015213012695254467, 0.046176910400214474, 0.02791976928700287, 0.0068321228027083125, 0.004215240478499545, 0.8873481750454432]",0,Normal-1863.png
932025,0,127.89998547578278,0.8602118339002468,"[0.0038528442382665526, 0.007995605468719498, 0.007205963134738137, 0.022026062011634727, 0.06091308593726763, 0.03979492187484819, 0.013263702392527528, 0.007366180419893775, 0.8375816345182893]",0,Normal-137.png
426870,0,68.67407656555774,0.8885901071482796,"[0.003925323486313151, 0.007587432861299181, 0.0068664550780988065, 0.020458221435468833, 0.03668212890611007, 0.03165054321276989, 0.01454925537103825, 0.007869720458954354, 0.8704109191861328]",0,Normal-2110.png
1830900,0,316.0627904843444,0.799086082228451,"[0.005859374999977648, 0.012660980224561077, 0.008903503417934786, 0.03338241577135703, 0.07686233520478492, 0.05309677124003183, 0.017925262451103496, 0.010498046874959952, 0.7808113098114745]",0,Normal-3115.png
1087830,0,103.14386619373772,0.8789694793895175,"[0.0035362243652208854, 0.006793975830052208, 0.006607055664037296, 0.021160125732341155, 0.05118179321269538, 0.03179550170886308, 0.01123046874995716, 0.005252838134745587, 0.8624420165982725]",0,Normal-1917.png
1554225,0,218.1916508683953,0.7971513553538518,"[0.006828308105442702, 0.012695312499951572, 0.008823394775356966, 0.034698486327992634, 0.0924453735348036, 0.061710357665780216, 0.020187377929610492, 0.012783050537060612, 0.7498283386201865]",0,Normal-52.png
1356090,0,255.06489649584145,0.8716033810713186,"[0.005249023437479976, 0.008876800537075513, 0.007312774658175229, 0.02366256713858161, 0.045688629150216334, 0.033679962158074644, 0.012401580810499566, 0.008415222167936649, 0.8547134399381457]",0,Normal-1149.png
302175,0,57.556613869863014,0.9172139452679643,"[0.002460479736318739, 0.004211425781233935, 0.004287719726546143, 0.015056610107364438, 0.03444290161119674, 0.024593353271390558, 0.008991241455043826, 0.004264831542952481, 0.9016914367641384]",0,Normal-565.png
1026885,0,130.99586442025438,0.7977268966792793,"[0.005035400390605791, 0.010089874267539635, 0.009407043456995366, 0.0335540771483095, 0.0932502746578474, 0.05953979492164787, 0.019100189208911513, 0.01132583618159742, 0.7586975097627308]",0,Normal-2337.png
1244655,0,112.0492370963796,0.7684833302404975,"[0.004924774169903088, 0.011379241943315967, 0.009582519531213446, 0.036422729492048556, 0.11637496948197794, 0.06957244873020335, 0.02027130126945392, 0.011173248290973003, 0.7202987670870961]",0,Normal-1855.png
1145715,0,85.17351852984345,0.9177821929969135,"[0.0031394958495973985, 0.005428314208963668, 0.00468444824216963, 0.01353454589838587, 0.02911376953113894, 0.017932891845634714, 0.006721496582005609, 0.003337860107409142, 0.9161071777308804]",0,Normal-1718.png
791265,0,102.86666768590997,0.8855905372793128,"[0.0031051635742069044, 0.005268096923808028, 0.005977630615211572, 0.020790100097576942, 0.05076599121074384, 0.03081893920886681, 0.010334014892538703, 0.004840850830059659, 0.8680992126431728]",0,Normal-3258.png
1171215,0,159.72223581213308,0.8748334582042148,"[0.004795074462872333, 0.008434295654264701, 0.00638580322263189, 0.02331924438467667, 0.05270004272440834, 0.03299331665026477, 0.011825561523392389, 0.0064582824706784885, 0.8530883789029957]",0,Normal-1482.png
1139595,0,145.0019684136497,0.8317909108978592,"[0.004508972167951549, 0.008155822753875138, 0.0070495605468481074, 0.028343200683485628, 0.0781745910641549, 0.05043792724590134, 0.015258789062441791, 0.008098602294890981, 0.7999725341766358]",0,Normal-1597.png
1179885,0,204.46908635029354,0.8356100645053731,"[0.005226135253886314, 0.01013565063472696, 0.006874084472630027, 0.02630996704091526, 0.0713462829587122, 0.0493621826169992, 0.015274047851504234, 0.008560180664029846, 0.8069114685027813]",0,Normal-1468.png
1016685,0,114.09637200342459,0.870692857872352,"[0.004066467285140737, 0.007225036621066189, 0.007938385009735342, 0.02324295043936446, 0.0495452880857485, 0.03140258789050521, 0.012207031249953433, 0.005981445312477182, 0.8583908081021943]",0,Normal-1104.png
1186260,0,110.63590462940314,0.7863357561914105,"[0.005043029785137012, 0.010593414306600215, 0.008880615234341123, 0.0363655090330644, 0.10115432739219225, 0.06373214721655375, 0.01917648315422372, 0.010669708251912423, 0.7443847656221604]",0,Normal-1898.png
2427090,0,378.81556537426604,0.7741150714275841,"[0.007488250732393309, 0.014282226562445518, 0.008800506591763303, 0.038356781005713055, 0.10406494140585303, 0.06549072265600017, 0.016380310058531265, 0.009674072265588095, 0.7354621887178976]",0,Normal-168.png
1100070,0,157.24968658268102,0.8422050011816252,"[0.004508972167951549, 0.008056640624969266, 0.006481170654272151, 0.02538299560537192, 0.06991958618137391, 0.044399261474440004, 0.01389312744135325, 0.006504058837865814, 0.8208541870085874]",0,Normal-1338.png
1233945,1,227.36178296232876,0.822488723708707,"[0.005157470703105326, 0.010681152343709255, 0.008991241455043826, 0.03030776977527501, 0.0720405578610533, 0.051284790038866865, 0.017696380615166867, 0.010597229003865824, 0.793243408200099]",0,Normal-1221.png
1008780,0,173.95325113136002,0.8610939003929996,"[0.0035514831542833272, 0.007061004638644939, 0.006477355957006541, 0.024002075195220938, 0.060684204101331005, 0.039031982421726105, 0.012199401855422213, 0.00562667846677541, 0.8413658142057748]",0,Normal-318.png
532695,0,83.43124694227004,0.8814891582930205,"[0.003276824951159375, 0.006393432617163111, 0.0063056945800540705, 0.020660400390546185, 0.051986694335739186, 0.033439636230341185, 0.012073516845657068, 0.005859374999977648, 0.8600044250455474]",0,Normal-2030.png
399585,0,73.00635243395303,0.923922083677681,"[0.0024070739746001927, 0.004405975341780067, 0.0034713745117055076, 0.01353454589838587, 0.030731201171757767, 0.024902343749905003, 0.00910949707027775, 0.005168914794902157, 0.906269073482871]",0,Normal-240.png
1993335,0,160.2902244373777,0.6120664475831361,"[0.00817489624020319, 0.017353057861261928, 0.016506195068296408, 0.06344604492163297, 0.18550491332937047, 0.11849212646439174, 0.03489685058580438, 0.018611907958913376, 0.5370140075663108]",0,Normal-2871.png
247605,0,42.36484069227005,0.9110782984636138,"[0.0030937194824100732, 0.00646972656247532, 0.005672454833962736, 0.016033172607360712, 0.02782440185536261, 0.02349472045889475, 0.011760711669877012, 0.006702423095677557, 0.8989486694301645]",0,Normal-3467.png
1038615,0,199.73971838307244,0.8087509715564393,"[0.005241394042948756, 0.009914398193321555, 0.008975982665981383, 0.031822204589722354, 0.0833168029781978, 0.057086944579860355, 0.01855850219719483, 0.009761810302697136, 0.7753219604462611]",0,Normal-147.png
1141380,0,163.97230461105673,0.841291094996047,"[0.004859924316387711, 0.009315490722620714, 0.007038116455051277, 0.026428222656149185, 0.07219314575167773, 0.04327011108381931, 0.014770507812443654, 0.007869720458954354, 0.8142547607390813]",0,Normal-1840.png
766275,0,82.03621881115457,0.8882026084211336,"[0.003269195556628154, 0.005908966064430584, 0.00476837158201306, 0.02032470703117247, 0.05084609985332166, 0.033229827880732615, 0.011287689208941316, 0.005645751953103463, 0.8647193908658419]",0,Normal-1049.png
1200030,0,168.96175544275928,0.8867972090626174,"[0.004066467285140737, 0.007247924804659851, 0.005184173583964599, 0.021167755126872377, 0.05183029174784916, 0.03401947021471397, 0.01081085205074001, 0.005741119384743724, 0.8599319457975009]",0,Normal-1764.png
974100,0,129.4837328767123,0.8414679711159359,"[0.004497528076154719, 0.008571624755826677, 0.00740814208981549, 0.025024414062404538, 0.07241821289034875, 0.04621124267560497, 0.014686584472600225, 0.007213592529269357, 0.8139686584441606]",0,Normal-3141.png
1231905,0,200.5058211533757,0.831687615122496,"[0.004779815673809891, 0.00954055786129173, 0.007453918457002815, 0.028419494628797837, 0.07434463500948202, 0.05052566528301038, 0.015213012695254467, 0.007774353027314093, 0.801948547360222]",0,Normal-2319.png
1220940,0,97.58928189212328,0.7960861733058242,"[0.0044631958007642246, 0.009048461914027982, 0.008659362792935717, 0.03199386596667483, 0.10155868530234696, 0.058132171630637615, 0.017341613769465098, 0.009765624999962747, 0.75903701781937]",0,Normal-209.png
1073040,0,187.61125168175144,0.8849254451770083,"[0.0042076110839683245, 0.007461547851534037, 0.0061531066894296525, 0.020240783691329037, 0.04401016235334774, 0.0302314758299628, 0.011295318603472536, 0.0056800842284939574, 0.8707199096646472]",0,Normal-1315.png
596700,0,80.12724743150685,0.8635850016075063,"[0.005088806152324338, 0.008739471435513537, 0.00893402099605967, 0.023826599121002857, 0.04658508300763479, 0.03294754028307744, 0.01601791381829827, 0.00885391235348185, 0.8490066528287925]",0,Normal-1803.png
1056720,0,114.40147229696674,0.8026672311023654,"[0.004566192626935707, 0.009780883789025188, 0.008876800537075513, 0.0332984924315136, 0.08908462524380079, 0.06163787841773362, 0.018939971923755874, 0.010944366455036375, 0.7628707885713086]",0,Normal-1490.png
1135770,0,94.94066475048923,0.8727599119968275,"[0.004299163818342975, 0.006919860839817353, 0.007522583007783803, 0.022117614746009377, 0.049217224120906, 0.031799316406128694, 0.01192474365229826, 0.005516052246072708, 0.8606834411588261]",0,Normal-715.png
203235,0,35.726455479452056,0.9641186358600816,"[0.0010643005371053149, 0.0022697448730382166, 0.0012207031249953434, 0.00595855712888352, 0.014759063720646823, 0.011226654052691548, 0.003948211669906813, 0.0018959045410083927, 0.9576568603479093]",0,Normal-2109.png
1434630,0,182.67027733610564,0.793114210960151,"[0.006504058837865814, 0.011585235595658931, 0.010097503662070855, 0.03606033325181556, 0.09008407592739073, 0.059394836425554674, 0.020488739013593715, 0.01030349731441382, 0.7554817199678212]",0,Normal-2737.png
1082730,0,136.83359069227004,0.8639383442237861,"[0.004638671874982305, 0.008777618408169641, 0.007205963134738137, 0.023803710937409194, 0.050186157226371056, 0.03488159179674193, 0.013744354247994445, 0.00809478759762537, 0.8486671447721532]",0,Normal-1385.png
624240,0,81.57577819227004,0.8997410597647454,"[0.0025939941406151047, 0.004699707031232072, 0.005050659179668233, 0.017066955566341146, 0.04570770263654439, 0.028564453124891035, 0.009464263915979522, 0.004299163818342975, 0.8825531005825707]",0,Normal-2748.png
1361190,0,160.2764531861546,0.7894842684765399,"[0.005386352539041952, 0.011264801025347652, 0.009647369384728823, 0.034114837646354236, 0.09512710571252773, 0.06022644042945775, 0.019947052001877033, 0.011608123779252593, 0.7526779174775975]",0,Normal-1835.png
1079670,0,132.41105063600787,0.8846626594658155,"[0.0037193298339701867, 0.006835937499973923, 0.00638198852536628, 0.02011489868156389, 0.050773620605275065, 0.027801513671768946, 0.010784149169880736, 0.005496978759744656, 0.8680915832486416]",0,Normal-594.png
937380,0,136.63145563233854,0.8357267898820995,"[0.003856658935532163, 0.008453369140592753, 0.007217407226534967, 0.027053833007709298, 0.07831954956024811, 0.05020141601543349, 0.01566696166986211, 0.008449554443327142, 0.8007812499969452]",0,Normal-1183.png
1194930,0,145.51865597480426,0.8363095223338551,"[0.004322052001936637, 0.008136749267547086, 0.006801605224583429, 0.02689361572255366, 0.07987976074188279, 0.04700088500958633, 0.013809204101509822, 0.006675720214818284, 0.8064804077117672]",0,Normal-1236.png
1133985,0,164.34157901174166,0.800242808742259,"[0.005462646484354162, 0.010875701904255387, 0.009414672851526586, 0.034408569335806244, 0.08968353271450163, 0.05807113647438785, 0.020896911621014033, 0.010696411132771696, 0.7604904174775677]",0,Normal-183.png
698190,0,183.12764875856166,0.8763560849685567,"[0.004127502441390505, 0.007827758789032638, 0.006355285644507006, 0.020668029785077407, 0.04758834838849034, 0.03794097900376152, 0.013526916503854649, 0.008804321289028914, 0.8531608581510423]",0,Normal-3020.png
1059525,0,191.65954852617423,0.8509872152409607,"[0.004486083984357887, 0.008365631103483713, 0.006694793701146336, 0.02458572387685934, 0.06694030761693213, 0.041767120361168794, 0.01362228393549491, 0.007774353027314093, 0.8257637023894281]",0,Normal-921.png
1359915,0,213.89410316780823,0.8755945537952088,"[0.004779815673809891, 0.007900238037079238, 0.00571060180661884, 0.021907806396400803, 0.05312728881815671, 0.03159713745105134, 0.009525299072229288, 0.005867004394508869, 0.8595848083463303]",0,Normal-3324.png
322065,0,65.09053173923678,0.9018315886441541,"[0.0025253295898341166, 0.0051040649413867795, 0.004928588867168699, 0.017765045165947856, 0.04335021972639713, 0.030811309814335587, 0.01047134399410068, 0.005397796630838784, 0.8796463012661756]",0,Normal-1066.png
1725075,0,267.13466624877685,0.7310764643224688,"[0.007656097412080169, 0.01480484008783415, 0.011768341064408232, 0.04591369628888735, 0.12364196777296584, 0.08411407470671038, 0.026615142822164095, 0.015819549560486527, 0.6696662902806485]",0,Normal-743.png
1207170,0,189.28013775073384,0.8373310249340065,"[0.004615783691388642, 0.00894165039059089, 0.007205963134738137, 0.027385711669817406, 0.0732421874997206, 0.051174163818164156, 0.01644134521478103, 0.008689880371060601, 0.8023033142059238]",0,Normal-1079.png
1255620,0,145.4706457925636,0.8942212408159353,"[0.0037193298339701867, 0.006282806396460408, 0.006168365478492094, 0.020488739013593715, 0.039726257324067205, 0.024299621581938553, 0.008636474609342054, 0.004379272460920795, 0.8862991332974003]",0,Normal-731.png
2425815,0,355.91900837817997,0.6792509338919266,"[0.009048461914027982, 0.01874160766594413, 0.013275146484324358, 0.05142593383769445, 0.1378669738764272, 0.09466934204065448, 0.02879333496082766, 0.016452789306577863, 0.6297264099097072]",0,Normal-2387.png
1322175,0,217.50767490215262,0.8618359671525633,"[0.004402160644514457, 0.00850296020504569, 0.005970001220680351, 0.023536682128816464, 0.06073760986304955, 0.039188385009616133, 0.01140594482417524, 0.006668090820287063, 0.8395881652800004]",0,Normal-3035.png
858585,0,88.33440863502932,0.8604163485955415,"[0.004161834716780999, 0.007278442382784735, 0.007961273193329005, 0.024581909179593728, 0.061927795409920015, 0.036476135253767104, 0.01388549804682203, 0.007076263427707381, 0.8366508483854803]",0,Normal-2876.png
1067940,0,109.35829332803324,0.7886973984022769,"[0.004470825195295445, 0.009643554687463212, 0.009315490722620714, 0.034187316894400833, 0.10411453247030596, 0.06234741210913716, 0.019538879394456716, 0.010604858398397045, 0.7457771301241082]",0,Normal-1395.png
1461660,0,214.74951840753423,0.8445972460691138,"[0.004993438720684076, 0.00953674316402612, 0.007629394531220896, 0.025764465331932964, 0.0644035339353012, 0.040081024169768976, 0.014801025390568538, 0.007251739501925461, 0.825538635250757]",0,Normal-3243.png
916725,0,148.55487096379647,0.9031654901514595,"[0.0029754638671761493, 0.005718231201150062, 0.0035476684570177166, 0.01294326782221625, 0.043994903564285294, 0.029060363769420394, 0.006809234619114649, 0.0036811828613140824, 0.8912696838344907]",0,Normal-1136.png
1360935,1,138.29453201443243,0.8559670293140182,"[0.00494003295896553, 0.009185791015589959, 0.00647354125974093, 0.022518157958898475, 0.06232070922827789, 0.03993225097641017, 0.012748718261670117, 0.00655364990231875, 0.8353271484343134]",0,Normal-508.png
813705,0,116.50877568493146,0.8962850173624887,"[0.004165649414046609, 0.007759094238251651, 0.006488800048803372, 0.018894195556568547, 0.03624725341783048, 0.025821685790917124, 0.012107849121047561, 0.006938934326145405, 0.8815765380825745]",0,Normal-3234.png
706095,0,69.4795208537182,0.892672166491712,"[0.0036773681640484717, 0.006847381591770754, 0.006481170654272151, 0.019615173339768924, 0.04404449462873823, 0.027282714843645924, 0.01158905029292454, 0.006282806396460408, 0.8741798400845558]",0,Normal-2631.png
434010,0,47.0668954867906,0.9453913989271924,"[0.0018463134765554568, 0.0031623840331910613, 0.002548217773427779, 0.008651733398404495, 0.026195526122946945, 0.01457214355463191, 0.005428314208963668, 0.002761840820301964, 0.934833526607762]",0,Normal-3073.png
869805,0,84.89798266267121,0.7773599834962205,"[0.004348754882795911, 0.009605407714807107, 0.009338378906214377, 0.03643417358384539, 0.10667419433553056, 0.0667800903317765, 0.020572662353437146, 0.011280059814410095, 0.7349662780733682]",0,Normal-609.png
1137300,0,166.22321046355185,0.8452555001947152,"[0.004734039306622566, 0.008655548095670106, 0.0063056945800540705, 0.02606582641591619, 0.07044982910129376, 0.043491363525224716, 0.01353454589838587, 0.006988525390598341, 0.8197746276824197]",0,Normal-915.png
712980,0,64.32466212084148,0.8847670598940758,"[0.0037345886230326286, 0.006565093994115581, 0.007419586181612321, 0.020874023437420373, 0.04469299316389201, 0.028545379638562983, 0.011737823486283348, 0.005691528320290788, 0.8707389831509752]",0,Normal-3333.png
841755,0,114.08357540362036,0.8539544555912305,"[0.0037879943847511748, 0.0072364807128630195, 0.007164001464816421, 0.02459716796865617, 0.06277847290015114, 0.04095840454085938, 0.013999938964790345, 0.006740570068333661, 0.8327369689909639]",0,Normal-2855.png
915195,0,100.98877813111547,0.9187251656149479,"[0.003276824951159375, 0.005310058593729744, 0.004619598388654253, 0.014198303222602087, 0.030181884765509863, 0.019390106201097906, 0.006935119628879795, 0.0037155151367045764, 0.9123725891078477]",0,Normal-1572.png
1654695,0,224.02655638454007,0.776529311377535,"[0.007682800292939442, 0.012577056884717648, 0.012184143066359772, 0.040077209472503365, 0.10401535034140008, 0.0610847473142201, 0.021526336669839757, 0.011642456054643088, 0.729209899899562]",0,Normal-3183.png
839460,0,86.09075342465755,0.7938706209902048,"[0.004478454589826666, 0.010112762451133298, 0.008811950683560135, 0.03444290161119674, 0.09672927856408413, 0.06181716918921731, 0.01992416381828337, 0.011440277099565733, 0.7522430419893179]",0,Normal-3459.png
836145,0,114.76049183586106,0.8660417823185631,"[0.0031814575195191134, 0.006862640380833196, 0.005676269531228346, 0.022079467773353272, 0.062271118163824954, 0.03810119628891715, 0.011322021484331809, 0.005500793457010266, 0.8450050353971672]",0,Normal-3235.png
371790,0,71.12554274706457,0.9497528712850514,"[0.0015220642089785687, 0.0025177001953028957, 0.002410888671865803, 0.009754180908165915, 0.02231597900382112, 0.013565063476510753, 0.004505157470685939, 0.0021858215331947866, 0.9412231445276595]",0,Normal-2348.png
2267205,0,217.40069639799412,0.6634739821818493,"[0.007877349853485574, 0.016132354736266584, 0.013862609863228369, 0.05467987060526016, 0.16732406616147108, 0.0970077514644737, 0.02895736694324891, 0.014190673828070866, 0.59996795654068]",0,Normal-428.png
671925,0,72.19636741682976,0.9030771776410185,"[0.003047943115222748, 0.005329132080057796, 0.005508422851541487, 0.017265319824152886, 0.04307556152327318, 0.025054931640529424, 0.009952545165977659, 0.004707336425763293, 0.8860588073696668]",0,Normal-2450.png
849660,0,96.62445725293544,0.8682492498850582,"[0.004230499267561987, 0.007717132568329936, 0.007549285888643077, 0.022724151611241437, 0.054214477538855686, 0.03554916381822376, 0.013389587402292673, 0.006626129150365348, 0.8479995727506714]",0,Normal-693.png
2378130,0,259.48522734222115,0.6724361908673998,"[0.008754730224575978, 0.01677703857415475, 0.014091491699164994, 0.054615020751744785, 0.15890121459900322, 0.09101486206019968, 0.029682159423714896, 0.01634597778314077, 0.6098175048804862]",0,Normal-2397.png
964410,0,141.53903192270056,0.8757649820932094,"[0.0038185119628760585, 0.007984161376922668, 0.005943298339821078, 0.01998901367179875, 0.052406311034956334, 0.03385543823229273, 0.012401580810499566, 0.006587982177709244, 0.8570137023893089]",0,Normal-1927.png
351900,0,45.54276999755381,0.9525151511706106,"[0.0011672973632767972, 0.0024757385253811807, 0.0009765624999962747, 0.006736755371068051, 0.026298522949118427, 0.017482757568292682, 0.002307891845694321, 0.0033073425292842584, 0.9392471313440732]",0,Normal-217.png
1583295,0,208.68151067147744,0.7621695157959907,"[0.006969451904270289, 0.013034820556590901, 0.010833740234333672, 0.04193878173812127, 0.10831832885700866, 0.07268142700167586, 0.024639129638577884, 0.013423919677683166, 0.7081604003879236]",0,Normal-2540.png
790500,0,84.79022443737767,0.8894352570832884,"[0.003059387207019579, 0.006038665771461339, 0.006053924560523781, 0.020160675048751218, 0.04688644409161802, 0.03031539916980623, 0.011646270751908697, 0.005344390869120238, 0.8704948425259762]",0,Normal-1976.png
829515,0,78.5896297089041,0.9072695291345306,"[0.0034713745117055076, 0.006111145019507938, 0.005519866943338318, 0.01601028442376705, 0.03783416748032442, 0.023014068603427834, 0.008968353271450163, 0.005073547363261896, 0.8939971923794021]",0,Normal-495.png
1259700,0,153.18939579256357,0.8898733976437739,"[0.0037841796874855645, 0.006973266601535899, 0.004905700683575036, 0.020576477050702757, 0.04944610595684263, 0.02929306030262263, 0.00911712646480897, 0.004676818847638409, 0.8712272644009734]",0,Normal-3338.png
1497615,0,285.03206029843443,0.6619311556286449,"[0.009517669677698067, 0.017601013183526606, 0.016826629638607687, 0.06153106689429653, 0.1473274230951411, 0.1039848327632752, 0.036373138427595625, 0.021652221679604903, 0.5851860046364395]",0,Normal-210.png
1149030,0,170.58809702177103,0.8102188718950105,"[0.0053749084472451214, 0.010345458984335535, 0.008914947509731617, 0.03261566162096933, 0.0872993469234951, 0.05409622192362176, 0.018337249755789424, 0.00918960571285557, 0.7738265991181418]",0,Normal-38.png
1395360,0,198.07247584393343,0.7983355819637983,"[0.006427764892553605, 0.012779235839795, 0.009574890136682224, 0.032764434814328135, 0.08384704589811764, 0.056518554687284395, 0.02060699462882764, 0.012069702148391457, 0.7654113769502051]",0,Normal-1936.png
1071255,0,148.08589927837573,0.8640336994030418,"[0.004016876220687801, 0.008308410644499555, 0.005599975585916138, 0.022785186767491205, 0.06019210815406726, 0.036418914794782944, 0.011562347412065268, 0.006378173828100669, 0.8447380065885745]",0,Normal-1512.png
502860,0,59.77213796477496,0.914111561063209,"[0.0022430419921789435, 0.0039062499999850987, 0.0034179687499869614, 0.013908386230415693, 0.039886474609222844, 0.025005340576076486, 0.008560180664029846, 0.0038452148437353316, 0.8992271423305541]",0,Normal-102.png
836145,0,110.25407060298433,0.8502802026627848,"[0.004070281982406348, 0.00766372680661139, 0.007015228271457613, 0.023471832275301086, 0.07057189941379328, 0.04156112670882583, 0.014076232910102553, 0.007213592529269357, 0.8243560790984178]",0,Normal-2943.png
1015665,0,178.1933440863503,0.8719734706303393,"[0.0038528442382665526, 0.008228302001921737, 0.0066452026366934005, 0.02180862426749493, 0.04716873168927319, 0.03459167480455554, 0.012809753417919885, 0.006748199462864883, 0.8581466674771951]",0,Normal-2667.png
951405,1,75.81933020425632,0.7873628961197213,"[0.004337310790999079, 0.008205413818328074, 0.007251739501925461, 0.034191131591666445, 0.10107421874961443, 0.08261871337859109, 0.017364501953058758, 0.012714385986279624, 0.7322425842257223]",0,Normal-3214.png
1184475,0,165.9500978473581,0.8568883477041784,"[0.0048561096191221, 0.008811950683560135, 0.006210327148413809, 0.02341461181631693, 0.06632995605443447, 0.03823471069321352, 0.013240814208933865, 0.006732940673802441, 0.832168579098388]",0,Normal-2729.png
2351100,0,362.36036876223085,0.6872406121269388,"[0.010017395019493036, 0.017852783203056898, 0.013568878173776363, 0.05193328857402064, 0.13672637939400967, 0.08993911743129754, 0.027782440185440894, 0.015647888183534058, 0.6365318298315562]",0,Normal-672.png
1004190,0,152.81165530210367,0.8634715896985359,"[0.0042076110839683245, 0.007156372070285201, 0.006702423095677557, 0.023540496826082075, 0.062377929687262045, 0.03868865966782117, 0.013469696044870492, 0.006431579589819215, 0.8374252319303992]",0,Normal-2813.png
959310,0,159.1081289750489,0.8718171687366305,"[0.004875183105450153, 0.008296966552702725, 0.0071716308593476425, 0.022132873535071818, 0.05400848388651272, 0.03420639038072889, 0.013423919677683166, 0.0074234008788779315, 0.8484611511198102]",0,Normal-1722.png
1677900,0,250.10812515288646,0.8156685263449914,"[0.006500244140600203, 0.011783599853470673, 0.009426116943323418, 0.03444290161119674, 0.07461547851534037, 0.05153656005839715, 0.017593383788995387, 0.011291503906206927, 0.7828102111786545]",0,Normal-1598.png
1000620,0,146.0703736545988,0.8488426517202343,"[0.004661560058575967, 0.008869171142544291, 0.007289886474581566, 0.024990081787014045, 0.06737136840794612, 0.04451751708967393, 0.014911651611271242, 0.007560729980439908, 0.8198280334441382]",0,Normal-649.png
494700,0,80.04322101272015,0.9119508603755068,"[0.0031547546386598404, 0.005470275878885382, 0.004280090332014923, 0.014629364013616067, 0.037067413329936724, 0.027118682861224673, 0.010280609130820158, 0.005683898925759568, 0.8923149108852679]",0,Normal-3295.png
949365,0,108.93250061154596,0.8412295064896431,"[0.00451278686521716, 0.00894165039059089, 0.008750915527310367, 0.02699279785145953, 0.06963729858371873, 0.04207611083968324, 0.015781402587830423, 0.00816726684567197, 0.815139770504703]",0,Normal-2710.png
589815,0,123.902603657045,0.8788060910800392,"[0.003208160400378387, 0.006450653076147268, 0.005611419677712969, 0.023540496826082075, 0.05426025390604301, 0.04264068603499359, 0.014179229736274035, 0.00827026367184345, 0.8418388366667104]",0,Normal-2783.png
1348695,0,131.8179962695694,0.8394596379489494,"[0.004737854003888177, 0.008533477783170573, 0.007488250732393309, 0.026138305663962788, 0.06933212280246989, 0.04294204711897681, 0.013835906982369094, 0.006664276123021453, 0.8203277587859332]",0,Normal-2669.png
738225,0,80.48028528620353,0.8635085388896385,"[0.004402160644514457, 0.007125854492160317, 0.007061004638644939, 0.024127960204986084, 0.058944702148212645, 0.03958511352523962, 0.014598846435491185, 0.008281707763640282, 0.8358726501432957]",0,Normal-2608.png
460020,0,56.95002140410957,0.908866808071149,"[0.0035858154296738213, 0.006801605224583429, 0.005313873290995354, 0.015338897705019611, 0.03132247924792739, 0.024753570556546197, 0.011905670165970208, 0.006965637207004678, 0.8940124511684646]",0,Normal-2006.png
741030,0,83.77272657778865,0.8459440464727588,"[0.004100799560531231, 0.007514953613252583, 0.00843811035153031, 0.028388977050672955, 0.06739044189427418, 0.04106140136703086, 0.014949798583927346, 0.0072021484374725254, 0.8209533691374933]",0,Normal-1469.png
757860,0,112.78026388209392,0.8554416026954391,"[0.003986358642562918, 0.006839752197239533, 0.007717132568329936, 0.0259590148924791, 0.06153106689429653, 0.04070281982406348, 0.014041900634712058, 0.006603240966771685, 0.83261871337573]",0,Normal-2826.png
1341300,0,155.1282717710372,0.86055632153982,"[0.004478454589826666, 0.008247375488249789, 0.006637573242162179, 0.023540496826082075, 0.06356048583960128, 0.03747940063462265, 0.011718749999955296, 0.005989074707008404, 0.8383483886686769]",0,Normal-913.png
1895160,0,341.49690404843454,0.6809904445521698,"[0.008228302001921737, 0.0175628662108705, 0.01438903808588261, 0.056869506835720555, 0.14083480834907214, 0.10081481933555292, 0.03115844726550614, 0.017204284667903122, 0.6129379272437555]",0,Normal-903.png
972825,0,195.63268636863992,0.9002727479525635,"[0.0033531188964715836, 0.006511688232397035, 0.005413055419901226, 0.0191688537596925, 0.03458023071275871, 0.02630233764638404, 0.009208679199183622, 0.0048561096191221, 0.8906059265102745]",0,Normal-527.png
2646135,1,330.0375680344912,0.5584602092003479,"[0.010257720947226495, 0.022853851318272195, 0.019229888915942267, 0.07085037231418286, 0.20476150512617203, 0.12710571289014014, 0.04014587402328435, 0.022617340087804347, 0.48217773437316064]",0,Normal-3226.png
1029945,0,138.32629036203522,0.9018266143323971,"[0.004032135009750243, 0.009052276611293594, 0.005100250244121169, 0.019474029540941337, 0.027019500732318805, 0.033660888671746596, 0.012241363525343928, 0.011161804199176171, 0.8782577514614934]",0,Normal-1362.png
1069470,0,84.832184136497,0.7833421108600674,"[0.0048332214355284375, 0.00988388061519667, 0.010147094726523791, 0.036853790283062536, 0.10542678832967595, 0.05986022949195915, 0.020477294921796885, 0.010959625244098816, 0.741558074948343]",0,Normal-2211.png
1219920,0,246.34673510885517,0.8794341200474651,"[0.004650115966779136, 0.008121490478484645, 0.00579452514646227, 0.021167755126872377, 0.05305862426737572, 0.033493041992059734, 0.010620117187459487, 0.006008148193336456, 0.8570861816373555]",0,Normal-765.png
2498235,0,319.0301453950587,0.5590004344016823,"[0.010543823242147279, 0.021270751953043857, 0.019435882568285233, 0.07511520385713533, 0.20718383788983466, 0.1264724731440488, 0.04174041748030952, 0.022457122802648707, 0.4757804870587319]",0,Normal-1428.png
210375,0,36.02136588796476,0.938632334843052,"[0.0018653869628835092, 0.0035400390624864956, 0.003253936767565712, 0.012111663818313172, 0.025157928466700903, 0.02069091796867107, 0.008388519287077375, 0.0044593811034986134, 0.9205322265589885]",0,Normal-263.png
819060,0,118.93227128180038,0.8759138385828565,"[0.0035095214843616123, 0.006500244140600203, 0.0067138671874743885, 0.02274322509756949, 0.05276870727518933, 0.03356933593737194, 0.012191772460890992, 0.006107330322242327, 0.855895996090485]",0,Normal-1398.png
1118175,0,95.69603871086105,0.7921189139736065,"[0.004062652587875127, 0.009983062744102543, 0.009143829345668243, 0.034763336181508016, 0.09656143188439727, 0.06279373168921358, 0.019622802734300143, 0.011367797851519135, 0.7517013549776013]",0,Normal-3148.png
1637355,0,198.01474590264183,0.6028922845108345,"[0.009159088134730686, 0.0197525024413309, 0.018348693847586254, 0.07418823242159199, 0.18308258056570784, 0.1278190612788093, 0.04142761230452947, 0.02742385864247351, 0.49879837035942537]",0,Normal-814.png
1351755,0,180.8730774522994,0.8044033682487547,"[0.005924224853493026, 0.011013031005817363, 0.00944900512691708, 0.03346633911120046, 0.08638763427701421, 0.053623199462686066, 0.01924896240227032, 0.009929656982383996, 0.7709579467744028]",0,Normal-1499.png
1332375,0,130.8654637047456,0.7806584780136605,"[0.005352020263651458, 0.01132583618159742, 0.010234832763632832, 0.03613662719712778, 0.10598373413045507, 0.06147766113257798, 0.02079772949210816, 0.011184692382769833, 0.7375068664522647]",0,Normal-2686.png
1371135,0,197.89383561643837,0.8023597205687235,"[0.006938934326145405, 0.011379241943315967, 0.011863708496048493, 0.036289215087752194, 0.07889556884735528, 0.05377197265604487, 0.02037048339835979, 0.010616302490193876, 0.7698745727509694]",0,Normal-2339.png
1048560,0,155.26772718933466,0.8296032854545986,"[0.004898071289043815, 0.008834838867153798, 0.007865905761688744, 0.028652191162000074, 0.078575134277044, 0.04903030395489109, 0.015438079833925483, 0.007923126220672901, 0.7987823486297654]",0,Normal-2359.png
216240,0,30.917487157534232,0.9298474986697808,"[0.002758026123036354, 0.005187988281230209, 0.004112243652328063, 0.012653350830029856, 0.024322509765532217, 0.01839447021477358, 0.009754180908165915, 0.005516052246072708, 0.9173011779750164]",0,Normal-1964.png
961350,0,147.00791569838552,0.8603674450051415,"[0.004795074462872333, 0.007904052734344849, 0.007110595703097875, 0.023960113525299222, 0.05811691284157518, 0.03727340698227969, 0.013183593749949709, 0.007362365722628165, 0.8402938842741383]",0,Normal-1076.png
255765,0,64.32143621575342,0.9387156488593321,"[0.0017585754394464166, 0.003276824951159375, 0.003116607666003736, 0.011451721191362564, 0.025489807128809012, 0.01948165893547256, 0.0068664550780988065, 0.0034217834472525716, 0.9251365661585802]",0,Normal-3259.png
276420,0,39.14659521771038,0.9377902260710754,"[0.0023384094238192046, 0.004390716552717625, 0.003166198730456672, 0.01107788085933274, 0.022037506103431557, 0.017650604247979543, 0.007991790771453889, 0.0047988891601379435, 0.9265480041468561]",0,Normal-3407.png
557430,0,90.63879800636008,0.9082061733710758,"[0.0027885437011612377, 0.005203247070292651, 0.004421234130842509, 0.015522003173768912, 0.03452682495104017, 0.026378631591696247, 0.009944915771446438, 0.004455566406233003, 0.8967590331997041]",0,Normal-3438.png
1306110,0,204.13785775440314,0.7272176781848759,"[0.008018493652313162, 0.015865325927673854, 0.0131072998046375, 0.0526123046872993, 0.11812210082962753, 0.09103775024379335, 0.03142929077136448, 0.02078247070304572, 0.6490249633764305]",0,Normal-3236.png
2206260,0,277.03271771037174,0.6860817704199965,"[0.008426666259733479, 0.016532897949155682, 0.013076782226512616, 0.05193710327128625, 0.14426040649359032, 0.09140396118129195, 0.02912902832020138, 0.015087127685489322, 0.6301460266089243]",0,Normal-98.png
1239555,0,185.36187469422703,0.8691532211232371,"[0.004249572753890039, 0.007987976074188278, 0.0063743591308350585, 0.022521972656164086, 0.05527496337869539, 0.03689575195298425, 0.013359069824167789, 0.007347106933565723, 0.8459892272916947]",0,Normal-583.png
1291575,0,124.10194853840507,0.8898215585631597,"[0.004203796386702713, 0.008201599121062463, 0.004829406738262827, 0.017566680908136113, 0.03784179687485564, 0.029006958007701845, 0.010932922363239544, 0.006954193115207847, 0.8804626464810162]",0,Normal-3063.png
331500,0,42.35124143835615,0.9142445019696936,"[0.002994537353504202, 0.006008148193336456, 0.005084991455058727, 0.015205383300723246, 0.029106140136607717, 0.022933959960850014, 0.011222839355425939, 0.00655364990231875, 0.9008903503383602]",0,Normal-896.png
961095,0,161.67022382583167,0.828747735786225,"[0.004505157470685939, 0.009689331054650538, 0.007759094238251651, 0.029296874999888242, 0.07335662841768892, 0.052490234374799764, 0.01728057861321533, 0.010093688964805246, 0.7955284118621997]",0,Normal-3140.png
236640,0,36.2697758683953,0.925148819092251,"[0.0028114318847549, 0.005542755126931981, 0.0042915344238117535, 0.013225555419871422, 0.024559020996000065, 0.021770477294838827, 0.01031112670894504, 0.006370544433569448, 0.9111175537074618]",0,Normal-2262.png
1145205,0,148.03459056996087,0.8662103497382106,"[0.003890991210922657, 0.007556915283174297, 0.005523681640603928, 0.02170944213858906, 0.06202316284156027, 0.038196563720557415, 0.011688232421830412, 0.005908966064430584, 0.8435020446745166]",0,Normal-438.png
985575,0,181.3027190863503,0.8288831481772473,"[0.004959106445293582, 0.009639739990197602, 0.00825881958004662, 0.03064346313464873, 0.07434844970674763, 0.056228637695098005, 0.01823425292961794, 0.0123405456542498, 0.7853469848602853]",0,Normal-1561.png
1090890,0,146.0805941169276,0.8293182442971584,"[0.004722595214825735, 0.00927734374996461, 0.007133483886691537, 0.028739929199109115, 0.08137512207000208, 0.05083084106425922, 0.016147613525329025, 0.00809097290035976, 0.7936820983856442]",0,Normal-1813.png
1379805,0,124.7122714346869,0.7843007491464956,"[0.0049858093261528555, 0.010665893554646812, 0.009986877441368152, 0.03565216064439525, 0.10298538207968526, 0.062358856200933996, 0.020721435546795952, 0.011882781982376545, 0.7407608032198304]",0,Normal-361.png
977160,0,155.235728045499,0.8398249206037008,"[0.004817962646465996, 0.008754730224575978, 0.007637023925752117, 0.024303436279204164, 0.07387161254854632, 0.044322967529127795, 0.01396560668939985, 0.00835800170895249, 0.8139686584441606]",0,Normal-3389.png
1043460,0,162.42274263087083,0.8281752971784981,"[0.004673004150372799, 0.00988388061519667, 0.007858276367157522, 0.02903366088856112, 0.07895278930633944, 0.048751831054501524, 0.016838073730404517, 0.009422302246057807, 0.7945861816375939]",0,Normal-122.png
393975,0,38.368479390900184,0.9228446809856129,"[0.003143310546863009, 0.005252838134745587, 0.004085540771468789, 0.013137817382762382, 0.02692794799794415, 0.019626617431565754, 0.009326934814417546, 0.005352020263651458, 0.9131469726527666]",0,Normal-988.png
1286475,0,142.40143025318002,0.7295188779431804,"[0.006534576415990697, 0.013359069824167789, 0.012825012206982326, 0.04602432250959006, 0.12279891967726593, 0.0798835754391484, 0.026782989501850957, 0.015281677246035455, 0.6765098571751537]",0,Normal-2836.png
821355,0,84.65382674902153,0.8721444833249049,"[0.003448486328111845, 0.006820678710911481, 0.006343841552710175, 0.02257156372061702, 0.05873489379860407, 0.035194396972521996, 0.013381958007761452, 0.006183624267554536, 0.8473205566373927]",0,Normal-1668.png
1290300,0,138.34685741805282,0.8418868542537522,"[0.006420135498022384, 0.010692596435506086, 0.009243011474574115, 0.029106140136607717, 0.05852508544899549, 0.04288101196272705, 0.017925262451103496, 0.01089477539058344, 0.8143119811980655]",0,Normal-2292.png
1076610,0,148.12114726027391,0.861938452206791,"[0.00391769409178193, 0.007347106933565723, 0.0058784484863057, 0.023487091064363527, 0.06451034545873828, 0.041419982909998244, 0.013183593749949709, 0.00579452514646227, 0.8344612121550199]",0,Normal-130.png
1492515,0,262.9578147932974,0.8659732097662531,"[0.004753112792950618, 0.009307861328089494, 0.005405426025370005, 0.021907806396400803, 0.05920410156227415, 0.039646148681489385, 0.011775970458939453, 0.006793975830052208, 0.8412055969206191]",0,Normal-295.png
1102365,0,171.9145402703033,0.826550402068815,"[0.004825592040997217, 0.009162902831996295, 0.007953643798797785, 0.0277862548827065, 0.08164978027312603, 0.05108642578105512, 0.01582336425775214, 0.007869720458954354, 0.7938423156707999]",0,Normal-2795.png
701760,0,89.34953293175145,0.8778157143120829,"[0.0043411254882646895, 0.008979797363246994, 0.006149291992164042, 0.02035522460929735, 0.038890838622898515, 0.03397750854479226, 0.014728546142521939, 0.008888244628872343, 0.8636894226041272]",0,Normal-2892.png
1441260,0,217.81533986668296,0.7443987176674698,"[0.00757980346676796, 0.013824462890572263, 0.01379394531244738, 0.047821044921692576, 0.11824035644486144, 0.07642745971650533, 0.025913238525291774, 0.013687133789010287, 0.6827125549290363]",0,Normal-1115.png
1129395,0,141.62607784980426,0.817930452135036,"[0.005062103271465064, 0.009513854980432458, 0.008274078369109062, 0.03039550781238405, 0.0835723876949937, 0.05057907104472893, 0.01659393310540545, 0.008277893066374673, 0.787731170651292]",0,Normal-2670.png
990420,0,201.07569410469668,0.8238148292011062,"[0.004467010498029835, 0.011138916015582508, 0.007125854492160317, 0.031314849853396165, 0.07012939453098248, 0.0591850280759461, 0.019264221191332764, 0.016292572021422223, 0.7810821533173329]",0,Normal-3256.png
442425,0,108.67240245841485,0.8955940558026235,"[0.003124237060534957, 0.005920410156227416, 0.005100250244121169, 0.01940155029289474, 0.04344177246077178, 0.039028167724460494, 0.012893676757763314, 0.007614135742158454, 0.863475799557253]",0,Normal-1061.png
1156170,0,218.98956549657532,0.8394186386811657,"[0.004024505615219023, 0.008281707763640282, 0.007781982421845314, 0.02903747558582673, 0.06198501586890417, 0.051311492919726136, 0.015727996826111878, 0.008792877197232082, 0.8130569457976796]",0,Normal-2007.png
1069470,0,112.64686276908024,0.7996439159958907,"[0.004600524902326201, 0.00995635986324327, 0.009174346923793127, 0.03294372558581183, 0.09494781494104405, 0.058273315429465206, 0.01924896240227032, 0.01091003417964588, 0.7599449157685854]",0,Normal-1652.png
1216350,0,148.63128363502935,0.8723175451547576,"[0.0035743713378769896, 0.007637023925752117, 0.00544738769529172, 0.02169799804679223, 0.054351806640417666, 0.03628158569322097, 0.010059356689414751, 0.00570297241208762, 0.8552474975553312]",0,Normal-1086.png
1126080,0,137.6336075097847,0.823373624720898,"[0.004989624023418466, 0.009590148925744666, 0.008033752441375603, 0.029598236083871465, 0.08162689208953236, 0.05111694335918, 0.016735076904233034, 0.009265899658167778, 0.7890434265106618]",0,Normal-2056.png
1303050,0,153.81298159246577,0.8770797858438242,"[0.003913879394516319, 0.007064819335910549, 0.005371093749979511, 0.019542694091722324, 0.058986663818134354, 0.030441284179571374, 0.009300231933558271, 0.0052909851074016915, 0.8600883483853908]",0,Normal-434.png
1103640,0,215.85224284491187,0.8341812089095466,"[0.004737854003888177, 0.009864807128868619, 0.008037567138641214, 0.029228210449107252, 0.07344436645479796, 0.04916763305645307, 0.016475677490171526, 0.008724212646451094, 0.8003196716278064]",0,Normal-1239.png
2988600,1,372.07709301614483,0.6426660166910391,"[0.010993957519489311, 0.022777557372959986, 0.017757415771416634, 0.05701446533181376, 0.13376617431589596, 0.09417724609339075, 0.03445053100572795, 0.020732879638592785, 0.6083297729468982]",0,Normal-1946.png
1108740,0,182.34250397504886,0.7627865536185324,"[0.006698608398411947, 0.014270782470648686, 0.011013031005817363, 0.044078826904128725, 0.09534454345666754, 0.07661056518525462, 0.028259277343642197, 0.015277862548769843, 0.7084465026828444]",0,Normal-235.png
828495,0,152.88929870963793,0.8623053965739146,"[0.0038986206054538778, 0.007522583007783803, 0.006904602050754911, 0.024150848388579747, 0.060256958007582635, 0.0393943786619591, 0.014102935790961826, 0.007106781005832265, 0.8366622924772771]",0,Normal-2811.png
1017960,0,160.03340952177103,0.845045138999969,"[0.0043754577636551835, 0.008434295654264701, 0.006732940673802441, 0.026153564453025233, 0.06988525390598341, 0.04864120483379882, 0.015079498290958102, 0.008144378662078306, 0.8125534057586191]",0,Normal-2346.png
1841355,0,223.68876895792565,0.593489784681525,"[0.00920486450191801, 0.019630432128831365, 0.01873779296867852, 0.07255172729464511, 0.18757629394459696, 0.1271705627436555, 0.04079055786117252, 0.02495193481435794, 0.49938583373832934]",0,Normal-1929.png
581910,0,105.2140563845401,0.8967817376212676,"[0.0036849975585796927, 0.006137847900367211, 0.005805969238259102, 0.01831436157219576, 0.04124832153304577, 0.030864715576054136, 0.011470794677690617, 0.006870269775364417, 0.8756027221646285]",0,Normal-2511.png
1476705,0,129.47391374143834,0.7576080406581519,"[0.005100250244121169, 0.012027740478469743, 0.010452270507772627, 0.03712844848618649, 0.12090301513625754, 0.06425476074194239, 0.020839691162029876, 0.011425018310503292, 0.7178688049289021]",0,Normal-1757.png
2121855,0,293.51961151541076,0.7922331926655969,"[0.007942199707000953, 0.01345825195307366, 0.011028289794879804, 0.04011535644515947, 0.09086990356410649, 0.05444335937479231, 0.018875122070240495, 0.010253906249960884, 0.7530136108369712]",0,Normal-1237.png
946815,0,104.2422333659491,0.8843781829308872,"[0.0035514831542833272, 0.006179809570288926, 0.00494003295896553, 0.01755142211907367, 0.05401229858377833, 0.033229827880732615, 0.00954055786129173, 0.004905700683575036, 0.8660888671841961]",0,Normal-623.png
1775310,0,293.5119519019081,0.7748057925704889,"[0.006977081298801509, 0.013473510742136102, 0.010803222656208788, 0.039890289306488455, 0.10273361206015498, 0.0664482116696684, 0.021568298339761472, 0.011535644531205995, 0.7265701293917596]",0,Normal-2652.png
648210,0,77.44269814090019,0.8962665499916425,"[0.003242492675768881, 0.005554199218728812, 0.00579071044919666, 0.018360137939383087, 0.045505523681467035, 0.028717041015515452, 0.01065444946284998, 0.0051383972167772735, 0.8770370483364981]",0,Normal-572.png
1047795,0,102.51430635396282,0.7647476824719468,"[0.0042915344238117535, 0.010410308837850912, 0.0097122192382442, 0.0383720397947755, 0.1132545471187086, 0.07337951660128257, 0.02156448364249586, 0.011791229248001895, 0.717224121091014]",0,Normal-2913.png
1014900,0,91.61751620596868,0.8572678306403118,"[0.0041885375976402715, 0.007865905761688744, 0.008163452148406358, 0.025596618652246106, 0.060665130615002956, 0.03627395629868975, 0.014678955078069003, 0.007656097412080169, 0.8349113464323619]",0,Normal-1915.png
1224000,0,201.57872125733854,0.8299675389801767,"[0.004920959472637478, 0.009342193603479987, 0.007503509521455751, 0.02835083007801685, 0.07968139648407103, 0.046344757079901336, 0.015354156494082054, 0.007953643798797785, 0.800548553463743]",0,Normal-367.png
781575,0,64.85540759540116,0.9017777777760048,"[0.002769470214833185, 0.0052909851074016915, 0.004711151123028903, 0.01668930053704571, 0.04674530029279043, 0.02590179443349494, 0.009201049804652401, 0.004535675048810823, 0.8841552734341271]",0,Normal-2131.png
768315,0,110.10153956702543,0.8684828183694027,"[0.0036735534667828615, 0.006484985351537762, 0.007328033447237671, 0.02434158325186027, 0.05338287353495261, 0.03600311279283141, 0.013610839843698078, 0.006324768066382123, 0.8488502502409025]",0,Normal-3431.png
1988490,1,337.08962206457926,0.6648026927495639,"[0.009693145751916148, 0.018421173095632855, 0.015693664550721385, 0.05634307861306632, 0.14654922485295657, 0.10186767578086141, 0.03218078613268974, 0.017581939697198554, 0.6016693115211423]",0,Normal-313.png
1012605,0,155.72145991316046,0.8330837746980772,"[0.004558563232404485, 0.00875854492184159, 0.00851058959957691, 0.029167175292857485, 0.07356262207003188, 0.05018997192363667, 0.01720046997063751, 0.00843811035153031, 0.7996139526336684]",0,Normal-2486.png
1021530,0,167.48736775318,0.8446093348492816,"[0.0044937133788891075, 0.008945465087856501, 0.006603240966771685, 0.02521514892568506, 0.07106781005832265, 0.04664230346661895, 0.014919281005802462, 0.007553100585908687, 0.8145599365203302]",0,Normal-3062.png
927180,0,156.92317071306258,0.904975513327718,"[0.0039024353027194885, 0.006954193115207847, 0.0042572021484212595, 0.016216278076110015, 0.04011917114242508, 0.027126312255755895, 0.009422302246057807, 0.006595611572240465, 0.8854064941372474]",0,Normal-1138.png
1790865,0,245.2954493334149,0.7496498914789567,"[0.007598876953096013, 0.012798309326123053, 0.011787414550736284, 0.04041290283187709, 0.11500549316362378, 0.07209014892550625, 0.022769927978428764, 0.012161254882766108, 0.7053756713840279]",0,Normal-2568.png
2091000,0,242.47874495474557,0.7228676052635206,"[0.008235931396452957, 0.015308380126894727, 0.01216506958003172, 0.043563842773271313, 0.12223052978468997, 0.07829666137665445, 0.0241699218749078, 0.01337051391596462, 0.6826591491673177]",0,Normal-1312.png
1146225,0,168.30566597358123,0.8946746809430859,"[0.004104614257796842, 0.0075759887695023495, 0.003940582275375593, 0.018177032470633785, 0.04598236083966834, 0.028594970703015917, 0.008441925048795922, 0.005096435546855558, 0.878086090084541]",0,Normal-3194.png
733125,0,98.71488197162425,0.8660528462407949,"[0.004383087158186405, 0.007724761962861157, 0.0071525573730195895, 0.023017883300693442, 0.054023742675575165, 0.03899765014633561, 0.015064239501895659, 0.008277893066374673, 0.8413581848112436]",0,Normal-39.png
1360425,0,181.61944639799415,0.8516087244717939,"[0.005081176757793117, 0.008754730224575978, 0.007564544677705519, 0.02434921264639149, 0.05803680419899736, 0.0385551452635248, 0.013767242431588106, 0.007896423339813627, 0.8359947204557953]",0,Normal-169.png
970020,0,155.6110835066047,0.8439431944224766,"[0.004566192626935707, 0.008499145507780078, 0.0067138671874743885, 0.025733947753808082, 0.07154846191378957, 0.046607971191228455, 0.014770507812443654, 0.008312225341765166, 0.8132476806609602]",0,Normal-2787.png
908565,0,118.18722862646766,0.8074516021092017,"[0.0052909851074016915, 0.011135101318316897, 0.0104789733886319, 0.03280639648424985, 0.07866668701141866, 0.05215072631816044, 0.020828247070233046, 0.01218032836909416, 0.7764625549286787]",0,Normal-2742.png
857055,0,123.6564793297456,0.8664772481269233,"[0.004631042480451084, 0.00791168212887607, 0.0070686340331761605, 0.02307891845694321, 0.05696868896462643, 0.03738403320298239, 0.01430130004877357, 0.007156372070285201, 0.8414993286100712]",0,Normal-567.png
1030710,0,118.39078170865949,0.8579052725133248,"[0.004669189453107189, 0.008327484130827609, 0.006961822509739067, 0.023876190185455795, 0.0640449523923338, 0.03925704956039712, 0.01448440551752287, 0.007244110107394241, 0.8311347961394076]",0,Normal-2517.png
1129905,0,128.80992768468687,0.8226939521032381,"[0.0046806335449040195, 0.00944519042965147, 0.008380889892546154, 0.029270172119028968, 0.07925415039032267, 0.05169677734355279, 0.0170516967772787, 0.00825881958004662, 0.7919616699188539]",0,Normal-547.png
1313505,1,193.4895807852251,0.8440313383565109,"[0.00519943237302704, 0.009292602539027051, 0.006786346435520987, 0.025356292724512647, 0.06673049926732356, 0.04352569580061521, 0.01414871215814915, 0.009063720703090425, 0.8198966979949192]",0,Normal-1474.png
730320,0,82.38709332191779,0.9096129888185105,"[0.0032310485839720494, 0.00595855712888352, 0.005100250244121169, 0.01660537719720228, 0.030559539794805298, 0.02154922485343342, 0.009155273437465075, 0.0049018859863094255, 0.902938842769993]",0,Normal-783.png
1472880,0,181.11716074486304,0.601158332311387,"[0.009174346923793127, 0.02017974853507927, 0.018939971923755874, 0.07000732421848294, 0.17867660522392778, 0.12579345703077013, 0.043544769286943265, 0.025600433349511717, 0.5080833435039211]",0,Normal-1617.png
2421480,0,318.49145364481404,0.6970456207594421,"[0.009578704833947835, 0.017875671386650558, 0.01362228393549491, 0.0481224060056758, 0.14015579223579347, 0.08085250854461344, 0.026245117187399882, 0.014205932617133309, 0.6493415832494761]",0,Normal-709.png
1297950,1,200.5262200342465,0.8212837726228687,"[0.004615783691388642, 0.009815216064415683, 0.007602691650361623, 0.03014373779285376, 0.07785415649384363, 0.05462646484354162, 0.01687240600579501, 0.008472442626920805, 0.7899971008270645]",0,Normal-1570.png
398565,0,78.55098000244618,0.9231007989681503,"[0.001976013183586212, 0.004314422607405417, 0.0033187866210810896, 0.012813568115185494, 0.030883789062382188, 0.025009155273342097, 0.008892059326137954, 0.004215240478499545, 0.9085769653285652]",0,Normal-1249.png
1226295,0,168.09456412059686,0.8554933782606993,"[0.004108428955062453, 0.00834274291989005, 0.006824493408177091, 0.025077819824123083, 0.06710052490208777, 0.043834686279129655, 0.013053894042918953, 0.006534576415990697, 0.8251228332488055]",0,Normal-680.png
1446615,0,213.70184839774942,0.8341213194256112,"[0.005302429199198522, 0.00945281982418269, 0.006500244140600203, 0.027034759521381246, 0.07611083984345966, 0.050449371337698175, 0.014430999755804325, 0.008663177490201327, 0.8020553588836591]",0,Normal-228.png
1053150,0,202.91661570450094,0.8114867206635816,"[0.005302429199198522, 0.010692596435506086, 0.008937835693325279, 0.031242370605349568, 0.08218002319304588, 0.055393218993929315, 0.018604278564382154, 0.009731292724572252, 0.7779159545868762]",0,Normal-2195.png
915705,0,102.91105828033264,0.869461629786183,"[0.0032463073730344912, 0.006599426269506075, 0.005756378173806166, 0.022182464599524755, 0.059501647948991765, 0.035617828369004755, 0.01210021972651634, 0.006076812744117444, 0.8489189147916835]",0,Normal-2075.png
1244655,0,147.49377751956945,0.825200296610626,"[0.004676818847638409, 0.008815765380825746, 0.007534027099580635, 0.02836608886707929, 0.07862091064423134, 0.049507141113092394, 0.015167236328067142, 0.007301330566378397, 0.800010681149292]",0,Normal-514.png
386835,0,42.42754708904109,0.9073015896335447,"[0.003211975097643997, 0.006549835205053139, 0.005313873290995354, 0.0166854858397801, 0.03141784667956765, 0.02451705932607835, 0.012016296386672912, 0.00672912597653683, 0.8935585021938569]",0,Normal-1044.png
357510,0,39.33210769324854,0.9203903865816357,"[0.00297927856444176, 0.00570297241208762, 0.004402160644514457, 0.014225006103461361, 0.027957916259658974, 0.022357940673742836, 0.010993957519489311, 0.0056228637695098, 0.9057579040492791]",0,Normal-1941.png
594660,0,112.49421706824853,0.9077530102141984,"[0.0031280517578005673, 0.005580902099588086, 0.004638671874982305, 0.016807556152279635, 0.03920364379867857, 0.027873992919815543, 0.010906219482380271, 0.006252288818335524, 0.8856086730923247]",0,Normal-2946.png
1040145,0,122.3455617049902,0.763270926604981,"[0.0052566528320111975, 0.011196136474566664, 0.011089324951129572, 0.0397605895994577, 0.11493301391557718, 0.07122421264621268, 0.02309417724600565, 0.012672424316357908, 0.7107734680148667]",0,Normal-2449.png
1468800,0,197.04265533268097,0.7970537279496317,"[0.005863189697243258, 0.011444091796831344, 0.00954055786129173, 0.03524398803697493, 0.09426116943323416, 0.057624816894311426, 0.019271850585863982, 0.010410308837850912, 0.7563400268525835]",0,Normal-1744.png
2108850,0,336.26036570450094,0.7053065483571888,"[0.008834838867153798, 0.016826629638607687, 0.01320648193354337, 0.04944610595684263, 0.13177871704051292, 0.0914611816402761, 0.029312133788950683, 0.016582489013608617, 0.6425514221166895]",0,Normal-1209.png
524025,0,98.90823752446185,0.9191728289404775,"[0.002555847167959, 0.00494003295896553, 0.0035514831542833272, 0.014331817626898453, 0.03423690795885377, 0.024143218994048525, 0.008705139160123042, 0.004882812499981373, 0.9026527404750723]",0,Normal-70.png
1264800,1,219.5985429916829,0.8190868306025221,"[0.004730224609356955, 0.011016845703082975, 0.008468627929655194, 0.03072738647449216, 0.07430648803682592, 0.05271911621073639, 0.0179634094237596, 0.009887695312462282, 0.7901802062958138]",0,Normal-2962.png
635460,0,70.55087298189821,0.9235592906593131,"[0.002666473388661703, 0.005779266357399828, 0.004226684570296377, 0.01471710205072511, 0.024818420410061576, 0.020477294921796885, 0.009063720703090425, 0.004943847656231141, 0.9133071899379223]",0,Normal-1342.png
910095,0,138.83758867416833,0.8480763829841805,"[0.004283905029280533, 0.008380889892546154, 0.007148742675753979, 0.02501296997060771, 0.0663032531735752, 0.04396438598616041, 0.013828277587837874, 0.007217407226534967, 0.8238601684538884]",0,Normal-249.png
921315,0,174.36090386497062,0.6587498012788532,"[0.009998321533164984, 0.020462036132734444, 0.018543243408132386, 0.06880187988255004, 0.14095306396430604, 0.11458587646440664, 0.04249191284163478, 0.03315734863268601, 0.5510063171365699]",0,Normal-1484.png
2050455,0,271.67689732142856,0.8140181812000895,"[0.007087707519504213, 0.011905670165970208, 0.008468627929655194, 0.034431457519399904, 0.09068298339809157, 0.05221557617167581, 0.01651382446282763, 0.008823394775356966, 0.7698707580537038]",0,Normal-661.png
822375,0,82.9562744618395,0.79741918672471,"[0.0043067932128741954, 0.009384155273401702, 0.008964538574184553, 0.03500747680650708, 0.0954055786129173, 0.06498718261693959, 0.01973342895500285, 0.01199722290034486, 0.7502136230440132]",0,Normal-3046.png
1323960,0,243.21455708781806,0.749463231641908,"[0.008163452148406358, 0.015449523925722315, 0.01380538940424421, 0.04586791992170003, 0.11593627929643273, 0.075794219970414, 0.02732467651356764, 0.015480041503847198, 0.6821784973118508]",0,Normal-713.png
809880,0,129.9670376712329,0.8679491161402136,"[0.004032135009750243, 0.007293701171847177, 0.0074234008788779315, 0.02335357666006716, 0.051548004150193984, 0.03490829467760121, 0.013175964355418488, 0.006111145019507938, 0.8521537780729211]",0,Normal-1562.png
1257150,0,104.87724743150686,0.7866909314349999,"[0.004810333251934775, 0.01047134399410068, 0.00926971435543339, 0.035186767577990774, 0.1026725769039052, 0.06161880493140556, 0.020980834960857463, 0.01166152954097114, 0.7433280944795863]",0,Normal-2100.png
1241850,0,171.4964950770548,0.8584131555771717,"[0.004795074462872333, 0.008682250976529379, 0.006313323974585291, 0.022369384765539665, 0.062484741210699135, 0.03900527954086683, 0.012695312499951572, 0.006988525390598341, 0.8366661071745427]",0,Normal-3415.png
464865,0,125.46712175880626,0.868657751157185,"[0.004344940185530301, 0.0078124999999701975, 0.007335662841768891, 0.024406433105375647, 0.05483245849588458, 0.0442886352537373, 0.016548156738218123, 0.010707855224568527, 0.8297233581511317]",0,Normal-1829.png
753270,0,115.9623287671233,0.8878317928975038,"[0.0032653808593625434, 0.006462097167944099, 0.005771636962868608, 0.01985549926750238, 0.04126739501937383, 0.03130722045886495, 0.011974334716751196, 0.0057296752929468925, 0.8743667602505708]",0,Normal-1212.png
1702380,0,226.86769966976513,0.7676118440237647,"[0.007122039794894707, 0.013378143310495841, 0.011596679687455761, 0.04109191894515574, 0.1106300353999686, 0.07201766967745965, 0.023880004882721403, 0.01319503784174654, 0.707088470456287]",0,Normal-1955.png
1260210,0,166.67769615337573,0.8279393933830991,"[0.004817962646465996, 0.009078979492152866, 0.007297515869112787, 0.026073455810447413, 0.07902908325165164, 0.046421051025213544, 0.014610290527288015, 0.007293701171847177, 0.8053779602020058]",0,Normal-650.png
902700,0,98.43209164016633,0.77460046631776,"[0.004787445068341112, 0.01123809814448838, 0.010711669921834139, 0.03805923461899544, 0.09996032714805618, 0.0672569274899778, 0.022552490234288968, 0.012542724609327153, 0.7328910827608761]",0,Normal-2678.png
1366035,0,172.36452727495112,0.8102988123969905,"[0.00545120239255733, 0.010025024414024258, 0.010242462158164052, 0.03295135498034305, 0.07332229614229842, 0.04925918579082771, 0.017578124999932946, 0.008644104003873275, 0.7925262451141643]",0,Normal-185.png
1871445,0,309.5761030760763,0.7420823750519385,"[0.008171081542937579, 0.014690399169865835, 0.012023925781204132, 0.04350662231428716, 0.11198425292926031, 0.07137680053683709, 0.02433013916006344, 0.013916015624946914, 0.7000007629367828]",0,Normal-1117.png
1092675,0,103.71261542930526,0.7749769909636703,"[0.004425048828108119, 0.010482788085897511, 0.009346008300745598, 0.03590393066392553, 0.11193847656207298, 0.06574630737279608, 0.02078628540031133, 0.011859893798782883, 0.7295112609835452]",0,Normal-3294.png
548505,0,77.37256146037178,0.9041147989375593,"[0.003074645996082021, 0.005523681640603928, 0.004688262939435241, 0.01735687255852754, 0.039215087890475404, 0.027439117431535952, 0.010456085205038239, 0.005474090576150993, 0.886772155758336]",0,Normal-2242.png
1723290,0,156.69075266022503,0.8337785355216938,"[0.00629806518552285, 0.011596679687455761, 0.00843811035153031, 0.029052734374889172, 0.07792282104462463, 0.04711151123028903, 0.01626586914056295, 0.009727478027306643, 0.7935867309540039]",0,Normal-1768.png
946560,0,118.2411249388454,0.8517627243759254,"[0.0038299560546728897, 0.007896423339813627, 0.006885528564426859, 0.024040222167877042, 0.06925582885715768, 0.04181289672835612, 0.01354980468744831, 0.0061531066894296525, 0.8265762329070031]",0,Normal-1672.png
1217115,0,219.0610170009785,0.9044317979600326,"[0.0035629272460801584, 0.0067634582519273245, 0.004756927490216229, 0.01764297485344832, 0.038543701171727965, 0.022403717040930162, 0.007240295410128631, 0.0033493041992059733, 0.8957366943325205]",0,Normal-3378.png
883575,0,102.04528498043051,0.879462539832496,"[0.0038528442382665526, 0.006656646728490232, 0.005863189697243258, 0.020938873290935748, 0.05656051635720611, 0.033897399902214444, 0.01184463500972044, 0.005580902099588086, 0.8548049926725204]",0,Normal-1449.png
1113075,0,166.50146006604697,0.8835126504368068,"[0.0034332275390494033, 0.006732940673802441, 0.005237579345683145, 0.02001953124992363, 0.052352905273237785, 0.030464172363165037, 0.008956909179653331, 0.004543304443342043, 0.8682594299283285]",0,Normal-2133.png
1201305,0,231.81903207558696,0.8909521493000253,"[0.004711151123028903, 0.008300781249968334, 0.005516052246072708, 0.01635360717767199, 0.038730621337742875, 0.027359008788958132, 0.009471893310510742, 0.005599975585916138, 0.8839569091763154]",0,Normal-2818.png
1208190,0,159.2367294520548,0.8215128178841911,"[0.004653930664044747, 0.010540008544881668, 0.007892608642548017, 0.028919219970592807, 0.08341979980436928, 0.05009078979473079, 0.016124725341735365, 0.009757995605431526, 0.7886009216278511]",0,Normal-329.png
1112055,1,246.59806139921716,0.8087034635600269,"[0.005691528320290788, 0.012088775634719509, 0.009773254394493967, 0.0317268371580821, 0.0707588195798082, 0.055931091308380386, 0.02029037475578197, 0.0122680664062032, 0.7814712524384252]",0,Normal-3016.png
1079160,1,140.96577253546968,0.8389062695438703,"[0.0044631958007642246, 0.009777069091759578, 0.007114410400363485, 0.02706909179677174, 0.07222747802706822, 0.04872131347637664, 0.015457153320253535, 0.008499145507780078, 0.8066711425750478]",0,Normal-236.png
1367565,0,210.01590784001954,0.8537112814088027,"[0.004848480224590879, 0.009517669677698067, 0.006576538085912412, 0.025196075439357007, 0.06843185424778582, 0.0423545837400728, 0.01319885253901215, 0.007041931152316887, 0.8228340148894392]",0,Normal-2459.png
1187535,0,170.24787487769083,0.8539001468888744,"[0.0042915344238117535, 0.00800704956051633, 0.005592346191384916, 0.023803710937409194, 0.07042694091770009, 0.041824340820152954, 0.012416839599562008, 0.006160736083960874, 0.8274765014616872]",0,Normal-391.png
951660,0,78.04201320939336,0.7909691915041867,"[0.004219055175765155, 0.009815216064415683, 0.009082794189418477, 0.03406143188463569, 0.09791946411095459, 0.06441879272436364, 0.01882553100578756, 0.011703491210892855, 0.7499542236299517]",0,Normal-2790.png
946815,0,144.2200457130626,0.867655806313656,"[0.004825592040997217, 0.007808685302704587, 0.007358551025362555, 0.023399353027254488, 0.056087493896270414, 0.03648376464829833, 0.013580322265573194, 0.007289886474581566, 0.843166351315143]",0,Normal-2379.png
1100070,0,203.5210371819961,0.8063904647570338,"[0.005718231201150062, 0.0110626220702703, 0.009689331054650538, 0.034458160400259175, 0.0797767639157113, 0.05833053588844936, 0.020282745361250753, 0.011535644531205995, 0.7691459655732378]",0,Normal-703.png
1744965,0,228.848955785225,0.7858461796876648,"[0.007888793945282406, 0.01594924926751728, 0.010547637939412888, 0.03804779052719861, 0.09072494506801329, 0.06659317016576159, 0.025756835937401745, 0.01472473144525633, 0.7297668457003411]",0,Normal-3006.png
1228590,0,211.13135243395297,0.8742918047446616,"[0.004180908203109051, 0.008056640624969266, 0.004840850830059659, 0.019622802734300143, 0.05502700805643071, 0.03448486328111845, 0.009475708007776354, 0.005611419677712969, 0.8586997985807087]",0,Normal-2173.png
2452590,0,324.57662289016633,0.6243649217050704,"[0.011051177978473468, 0.021671295165932955, 0.018695831298756807, 0.06790542602513158, 0.16888046264584014, 0.10627365112264146, 0.038143157958838866, 0.022243499755774523, 0.5451354980447954]",0,Normal-1217.png
980730,0,109.24011588796476,0.9091931801342055,"[0.003704071044907745, 0.006717681884739999, 0.004722595214825735, 0.01593780517572045, 0.03820800781235425, 0.024223327636626345, 0.008918762206997227, 0.00519561767576143, 0.8923721313442521]",0,Normal-120.png
1111290,0,189.97830540606657,0.8461632010272497,"[0.005306243896464133, 0.010372161865194808, 0.007930755615204121, 0.025760650634667356, 0.055721282958771816, 0.04664230346661895, 0.016883850097591843, 0.009922027587852775, 0.8214607238738195]",0,Normal-2699.png
789990,0,100.07188723091973,0.8921887652616705,"[0.0034713745117055076, 0.005981445312477182, 0.0049858093261528555, 0.01787185668938495, 0.04747772216778764, 0.029228210449107252, 0.010746002197224632, 0.005466461181619772, 0.8747711181607255]",0,Normal-2435.png
842010,0,73.51008286448138,0.9081869833216158,"[0.002952575683582487, 0.005607604980447358, 0.005096435546855558, 0.016300201415953446, 0.03896713256821072, 0.021701812744057837, 0.008895874023403565, 0.004352569580061521, 0.8961257934536128]",0,Normal-2659.png
1383375,0,106.05402244373774,0.8433132673426393,"[0.0056800842284939574, 0.009666442871056875, 0.01004791259761792, 0.029258728027232134, 0.05409622192362176, 0.040077209472503365, 0.01703643798821626, 0.008720397949185483, 0.8254165649382575]",0,Normal-1429.png
836655,1,191.13886298312136,0.9029466469194594,"[0.0031547546386598404, 0.006416320800756774, 0.002773284912098796, 0.015041351318301996, 0.036239624023299256, 0.035186767577990774, 0.009647369384728823, 0.0073890686034874375, 0.8841514587368616]",0,Normal-3355.png
937890,0,98.44525134540118,0.8413566040421313,"[0.004367828369123963, 0.008537292480436182, 0.008010864257781941, 0.02682113647450706, 0.06929397582981378, 0.04305267333967951, 0.015090942382754931, 0.007450103759737205, 0.8173751831023507]",0,Normal-1726.png
1231905,0,177.3789215386497,0.8388729725427576,"[0.00553894042966637, 0.010086059570274024, 0.007259368896456683, 0.02740859985341107, 0.07362365722628164, 0.047317504882632, 0.01498031616205223, 0.008411407470671038, 0.8053741455047402]",0,Normal-1203.png
754035,0,94.42521939212328,0.869955127191291,"[0.0033607482910028045, 0.006011962890602066, 0.006080627441383054, 0.022098541259681324, 0.06094360351539252, 0.036258697509627305, 0.011341094970659861, 0.00545501708982294, 0.8484497070280134]",0,Normal-616.png
804780,0,111.87435787671231,0.8603555905122613,"[0.0036849975585796927, 0.006881713867161248, 0.007022857665988835, 0.023815155029206028, 0.06254959106421451, 0.03865814208969628, 0.013309478759714853, 0.006351470947241396, 0.8377265930143825]",0,Normal-303.png
2022405,0,388.89349162181986,0.8288220468811349,"[0.007061004638644939, 0.012256622314406369, 0.008964538574184553, 0.030536651611211635, 0.06134796142554722, 0.0426445007322592, 0.014823913574162201, 0.007877349853485574, 0.8144874572722836]",0,Normal-3059.png
705330,0,67.40072315313112,0.8977468756533401,"[0.0033607482910028045, 0.006038665771461339, 0.006378173828100669, 0.018718719482350467, 0.04035568237289293, 0.02529525756826288, 0.010421752929647744, 0.00528335571287047, 0.884147644039596]",0,Normal-3406.png
1507305,0,192.43630748532289,0.7983560181044952,"[0.006057739257789392, 0.011577606201127709, 0.00953674316402612, 0.033515930175653394, 0.09100723266566846, 0.05957794189430397, 0.019641876220628195, 0.010967254638630039, 0.758117675778358]",0,Normal-573.png
1025610,0,114.30098000244615,0.8631454867660013,"[0.004402160644514457, 0.007652282714814559, 0.00638580322263189, 0.021942138671791296, 0.06047821044898804, 0.03775024414048099, 0.013214111328074592, 0.007278442382784735, 0.8408966064421047]",0,Normal-2480.png
1144950,0,207.45652672455958,0.8279348196273727,"[0.005012512207012129, 0.010139465331992571, 0.008125305175750254, 0.028381347656141732, 0.07173538207980447, 0.05081558227519678, 0.017402648925714862, 0.009605407714807107, 0.7987823486297654]",0,Normal-340.png
304215,0,71.14628944471623,0.9165402611767742,"[0.002513885498037285, 0.0047988891601379435, 0.004577636718732537, 0.015567779540956238, 0.03308486938463941, 0.026206970214743778, 0.009998321533164984, 0.005428314208963668, 0.8978233337368094]",0,Normal-795.png
1976250,0,348.99683142734835,0.8132195015003236,"[0.005844116210915206, 0.011722564697220907, 0.007240295410128631, 0.03192520141589384, 0.08116912841765911, 0.05556488037088179, 0.014289855956976738, 0.008117675781219033, 0.78412628173529]",0,Normal-424.png
2376855,0,398.7088009112036,0.7046462660835938,"[0.009086608886684087, 0.018180847167899396, 0.012931823730419418, 0.05204010009745773, 0.13339614868113175, 0.0865325927731074, 0.02724838256825543, 0.01489257812494319, 0.6456909179662869]",0,Normal-167.png
1144695,0,129.97374556629157,0.7563875800839734,"[0.005401611328104394, 0.011447906494096955, 0.011344909667925472, 0.040298461913908776, 0.11246109008746162, 0.07344436645479796, 0.022628784179601177, 0.013088226318309446, 0.7098846435519794]",0,Normal-478.png
957780,0,142.59789322407042,0.8613575944384608,"[0.003940582275375593, 0.007358551025362555, 0.006145477294898432, 0.021690368652261007, 0.06669998168919869, 0.041076660156093306, 0.012565612792920816, 0.006568908691381191, 0.8339538574186937]",0,Normal-779.png
1232670,0,109.15250045865946,0.7703986553402288,"[0.004673004150372799, 0.0099678039550401, 0.009601593017541498, 0.036991119384624516, 0.1094589233394262, 0.07033157348605983, 0.02087020874015476, 0.011100769042926404, 0.7270050048800392]",0,Normal-140.png
610215,0,95.70791034735811,0.8899573514165583,"[0.003208160400378387, 0.006156921386695263, 0.004322052001936637, 0.019050598144458575, 0.04922866821270283, 0.034866333007679495, 0.011432647705034512, 0.006500244140600203, 0.8652343749966994]",0,Normal-1852.png
1108485,0,179.74449226394321,0.8432757681432783,"[0.004623413085919863, 0.009826660156212514, 0.007125854492160317, 0.025604248046777328, 0.06862258911106635, 0.04788208007794234, 0.015167236328067142, 0.008697509765591822, 0.8124504089324476]",0,Normal-1081.png
736950,0,110.64572376467711,0.8932676644793208,"[0.0028991699218639403, 0.005901336669899363, 0.0049018859863094255, 0.019607543945237702, 0.04339218139631885, 0.031021118163944164, 0.010841369628864892, 0.005653381347634684, 0.8757820129361122]",0,Normal-2694.png
2110635,0,280.61296018835617,0.677831430734332,"[0.008136749267547086, 0.015090942382754931, 0.013069152831981394, 0.05447006225565159, 0.1450576782221029, 0.10059356689414752, 0.028644561767468855, 0.016834259033138906, 0.6181030273413921]",0,Normal-2980.png
1496595,0,173.8602693860078,0.6537946038184458,"[0.008125305175750254, 0.022193908691321585, 0.013729095458932002, 0.06274795532202626, 0.12151718139602082, 0.1323966979975418, 0.04024505615219023, 0.03568267822252013, 0.5633621215798822]",0,Normal-2849.png
1126845,0,147.2795911815068,0.844084811956988,"[0.004486083984357887, 0.008312225341765166, 0.006500244140600203, 0.023021697997959053, 0.06638336181615302, 0.0480117797849731, 0.012916564941356977, 0.006923675537082963, 0.8234443664519369]",0,Normal-981.png
881280,0,143.31303510273972,0.8712589542232505,"[0.004226684570296377, 0.007637023925752117, 0.006626129150365348, 0.02104187011710723, 0.056331634521269484, 0.037040710449077446, 0.013130187988231162, 0.006961822509739067, 0.847003936764347]",0,Normal-3349.png
1184730,0,205.06308861301378,0.8138891188515684,"[0.005928039550758636, 0.010936737060505155, 0.009059906005824814, 0.031936645507690674, 0.07984161376922667, 0.05315780639628159, 0.019275665283129594, 0.010593414306600215, 0.7792701721161679]",0,Normal-462.png
534990,0,121.20369832436397,0.8760139501461767,"[0.0037422180175638495, 0.007972717285125837, 0.007129669189425927, 0.023937225341705563, 0.04938888549785847, 0.04168319702132536, 0.015785217285096034, 0.010093688964805246, 0.8402671813932789]",0,Normal-431.png
995520,0,165.8702910958904,0.8471628579877764,"[0.004226684570296377, 0.00833511352535883, 0.006843566894505143, 0.025501251220605845, 0.07084655761691724, 0.04409408569319117, 0.015079498290958102, 0.006965637207004678, 0.8181076049773479]",0,Normal-571.png
2566830,0,414.5346861240215,0.6828492255657733,"[0.009647369384728823, 0.018341064453055035, 0.014888763427677578, 0.0555686950681474, 0.14570617675725667, 0.08658981323209156, 0.02812194824208022, 0.01507568359369249, 0.6260604858374555]",0,Normal-3340.png
375615,0,58.3965264187867,0.9278495964740637,"[0.0022315979003821123, 0.004077911376937569, 0.003997802734359749, 0.013069152831981394, 0.029502868652231205, 0.02035522460929735, 0.007946014404266562, 0.003944396972641203, 0.9148750305140881]",0,Normal-2362.png
2121600,0,359.7770379770059,0.6280511255619443,"[0.00944519042965147, 0.021015167236247956, 0.017433166503839748, 0.061435699462656264, 0.15693283080994821, 0.11181640624957345, 0.03689193725571864, 0.0213584899901529, 0.5636711120583966]",0,Normal-698.png
2908275,0,491.9925162059686,0.7268102328774115,"[0.00944519042965147, 0.01832580566399259, 0.011695861816361633, 0.0464782714841977, 0.11685180664017925, 0.07467269897432452, 0.022377014160070888, 0.014003753662055954, 0.6861495971653513]",0,Normal-1884.png
1947435,0,340.90900577910946,0.749467484639822,"[0.007987976074188278, 0.014831542968693422, 0.01167678833003358, 0.044078826904128725, 0.10767745971638612, 0.07143783569308686, 0.023704528808503322, 0.012962341308544302, 0.7056427001926207]",0,Normal-2955.png
1280355,0,200.71066612646766,0.8653576821496899,"[0.0044441223144361715, 0.00800704956051633, 0.005691528320290788, 0.023303985595614227, 0.061305999755625507, 0.03744888305649777, 0.01125335693355082, 0.006031036376930118, 0.8425140380827235]",0,Normal-1198.png
933555,0,104.6610888576321,0.8909739374146857,"[0.00289535522459833, 0.005611419677712969, 0.005401611328104394, 0.018157958984305732, 0.046470642089666475, 0.0288429260252806, 0.010467529296835068, 0.004817962646465996, 0.8773345947232157]",0,Normal-2493.png
2039235,0,254.34954057607632,0.7771922708308125,"[0.0073242187499720605, 0.012397766113233956, 0.009407043456995366, 0.03696823120103085, 0.10275650024374863, 0.06051254272437854, 0.018856048583912443, 0.009464263915979522, 0.7423133850069339]",0,Normal-1916.png
1052130,0,147.99393805039136,0.871420011210938,"[0.0040054321288909706, 0.007476806640596478, 0.005741119384743724, 0.020374298095625402, 0.05201339721659846, 0.03732681274399823, 0.012210845947219044, 0.006191253662085757, 0.8546600341764272]",0,Normal-954.png
715020,0,119.63782717710373,0.9365833071129417,"[0.002563476562490221, 0.004322052001936637, 0.0037345886230326286, 0.011867523193314104, 0.021167755126872377, 0.015296936035097896, 0.005889892578102532, 0.0028114318847549, 0.932346343990584]",0,Normal-229.png
969765,0,75.57150501467711,0.8720718774612376,"[0.0038948059081882675, 0.006946563720676625, 0.007175445556613253, 0.021766662597573216, 0.05155944824199082, 0.032825469970577906, 0.01294326782221625, 0.005931854248024246, 0.8569564819303247]",0,Normal-2438.png
1246185,0,166.32534246575335,0.8075207345514336,"[0.005401611328104394, 0.010372161865194808, 0.009071350097621646, 0.03290939331042134, 0.0833587646481195, 0.05581283569314646, 0.019641876220628195, 0.010292053222616988, 0.7731399536103319]",0,Normal-1983.png
1013115,0,211.89166462818,0.8370055827542424,"[0.0049858093261528555, 0.009334564208948766, 0.007362365722628165, 0.02674865722646046, 0.07133483886691537, 0.04713058471661708, 0.01624298095696929, 0.00927734374996461, 0.8075828552215286]",0,Normal-2544.png
1326255,0,137.86954195205482,0.7846603040918348,"[0.004955291748027972, 0.009899139404259112, 0.008827209472622577, 0.035133361816272225, 0.10478210449178778, 0.06112670898414182, 0.01881408691399073, 0.00970458984371298, 0.74675750732137]",0,Normal-925.png
1221705,0,195.71275684931507,0.8776446423868769,"[0.0042228698730307655, 0.007713317871064326, 0.005214691162089482, 0.020648956298749355, 0.053966522216591005, 0.03334808349596654, 0.010257720947226495, 0.005500793457010266, 0.859127044674457]",0,Normal-1445.png
963645,0,73.91602326932485,0.7763855732941202,"[0.004447937011701783, 0.010917663574177103, 0.009651184081994434, 0.038814544677586306, 0.10572052001912796, 0.0673980712888054, 0.022483825683507982, 0.013477325439401713, 0.7270889282198826]",0,Normal-2128.png
1051620,0,167.9696634968199,0.8020733733643478,"[0.00527954101560486, 0.010395050048788471, 0.010032653808555479, 0.03503799438463197, 0.08523178100553423, 0.056041717529083095, 0.019420623779222792, 0.010944366455036375, 0.767616271969728]",0,Normal-294.png
1006230,0,162.0465042502446,0.8232913189373976,"[0.005203247070292651, 0.009891510009727891, 0.008876800537075513, 0.03059387207019579, 0.07780075073212508, 0.053188323974406475, 0.01726150512688728, 0.010002136230430595, 0.7871818542450439]",0,Normal-2726.png
499800,0,57.60473107265167,0.9095692983267804,"[0.0038261413574072795, 0.008068084716766098, 0.005218505859355093, 0.016304016113219053, 0.03273391723620325, 0.027618408203019643, 0.01251983642573349, 0.008560180664029846, 0.8851509094204515]",0,Normal-654.png
1402245,0,268.5552034919276,0.8577782406509705,"[0.0044097900390456775, 0.008815765380825746, 0.005897521972633752, 0.023269653320223734, 0.06143188476539065, 0.041797637939293676, 0.011093139648395183, 0.006534576415990697, 0.8367500305143861]",0,Normal-876.png
1219410,0,81.23052608243641,0.7685067818082815,"[0.004436492919904951, 0.01047134399410068, 0.010429382324178964, 0.038921356201023403, 0.116394042968306, 0.06475067138647174, 0.02051544189445299, 0.01132583618159742, 0.7227554321261491]",0,Normal-937.png
1809225,0,245.77245138209392,0.8525118474113228,"[0.0050544738769338435, 0.00979232788082202, 0.006874084472630027, 0.026603698730367265, 0.06866836547825367, 0.040290832519377554, 0.011257171630816432, 0.0062561035156011345, 0.8252029418913833]",0,Normal-1579.png
1073295,0,164.4016290056263,0.8332046912628707,"[0.005611419677712969, 0.010589599609334603, 0.008171081542937579, 0.02980422973621443, 0.07462310790987159, 0.05144119262675689, 0.01802825927727498, 0.011112213134723235, 0.790618896481359]",0,Normal-2289.png
2426835,0,295.92031173556757,0.6892264672871815,"[0.010417938232382134, 0.020542144775312264, 0.01677322387688914, 0.054534912109166965, 0.11897659301712427, 0.08887863159145783, 0.03429031372057232, 0.022323608398352342, 0.633262634274928]",0,Normal-2382.png
1091400,0,160.70050681873775,0.8316119856544341,"[0.004890441894512594, 0.009338378906214377, 0.007297515869112787, 0.028919219970592807, 0.075138092040729, 0.050979614257618024, 0.01676940917962353, 0.008968353271450163, 0.797698974606332]",0,Normal-2463.png
572220,0,96.72900103962817,0.8972369191966735,"[0.002708435058583418, 0.0056800842284939574, 0.004467010498029835, 0.01821517944328989, 0.04500198364240646, 0.034252166747916216, 0.011859893798782883, 0.0057296752929468925, 0.8720855712857357]",0,Normal-1231.png
2446215,0,430.79126024339513,0.6431152188260751,"[0.012325286865187357, 0.02257537841788263, 0.019107818603442735, 0.05867767333961991, 0.13960647582954555, 0.09539031982385486, 0.037067413329936724, 0.022079467773353272, 0.5931701660133623]",0,Normal-3489.png
1357620,0,129.8274331886008,0.7812092826942921,"[0.004795074462872333, 0.0099678039550401, 0.009597778320275887, 0.03355789184557511, 0.10647201538045321, 0.06183624267554536, 0.01822280883782111, 0.00962448120113516, 0.745925903317467]",0,Normal-177.png
598230,0,99.99739328522504,0.875880068686268,"[0.0034523010253774554, 0.006263732910132356, 0.006774902343724155, 0.021636962890542462, 0.053268432616984294, 0.033596038818231214, 0.012279510498000032, 0.006118774414039158, 0.8566093444791542]",0,Normal-3317.png
967980,0,93.29994037426611,0.7715744840195411,"[0.00502395629880896, 0.010696411132771696, 0.010505676269491174, 0.03850173950180625, 0.10692977905232647, 0.06888961791965909, 0.022022247314369116, 0.013175964355418488, 0.7242546081515341]",0,Normal-93.png
2518635,1,463.60773147015635,0.7493843362242648,"[0.008834838867153798, 0.016544342040952512, 0.009944915771446438, 0.041076660156093306, 0.1020126342769546, 0.071632385253633, 0.021480560302652434, 0.013660430908151014, 0.7148132324191482]",0,Normal-486.png
1037595,0,132.51820113747553,0.8694388910004917,"[0.004074096679671959, 0.007362365722628165, 0.006767272949192935, 0.02222061157218086, 0.05796432495095076, 0.03385162353502712, 0.012611389160108141, 0.00605010986325817, 0.8490982055631672]",0,Normal-2599.png
975375,0,98.97652045621327,0.7882514286088527,"[0.004741668701153787, 0.010108947753867687, 0.009376525878870482, 0.03657150268540736, 0.10301971435507576, 0.06562042236303092, 0.020412445068281507, 0.011703491210892855, 0.7384452819796049]",0,Normal-1549.png
409530,0,84.2499847113503,0.9051392124099241,"[0.002758026123036354, 0.00528335571287047, 0.004993438720684076, 0.01693725585931039, 0.03849029541000942, 0.02904510498035795, 0.011280059814410095, 0.00561904907224419, 0.8855934143032623]",0,Normal-982.png
843285,0,91.63442545254402,0.8871500127263585,"[0.0035209655761584435, 0.005905151367164974, 0.006141662597632821, 0.019538879394456716, 0.0497665405271539, 0.02970123291004295, 0.010753631591755852, 0.005352020263651458, 0.8693199157681681]",0,Normal-2760.png
1035300,0,195.33817728718202,0.9004724802374116,"[0.0034713745117055076, 0.006168365478492094, 0.004081726074203179, 0.016479492187437134, 0.04206466674788641, 0.02904510498035795, 0.007942199707000953, 0.004905700683575036, 0.885841369625527]",0,Normal-829.png
2042040,0,369.0082788038161,0.7669816808962083,"[0.008064270019500486, 0.015384674072206936, 0.011852264404251661, 0.042121887206870566, 0.09808349609337584, 0.06365966796850715, 0.02276229858389754, 0.01362228393549491, 0.7244491577120802]",0,Normal-1869.png
1055445,0,235.62422410102735,0.9165819634801654,"[0.0026702880859273137, 0.005157470703105326, 0.0038223266601416688, 0.014934539794864903, 0.03328704833971677, 0.021595001220620746, 0.00612640380857038, 0.003211975097643997, 0.9091949462855942]",0,Normal-2409.png
960075,0,89.6707895058708,0.8982328908592254,"[0.0033760070800652464, 0.006240844726538693, 0.005378723144510732, 0.017875671386650558, 0.042896270751789485, 0.024829864501858406, 0.00979614257808763, 0.004447937011701783, 0.8851585388149827]",0,Normal-848.png
355980,0,43.359482020547944,0.9027925223005361,"[0.0035934448242050418, 0.0074234008788779315, 0.00587081909177448, 0.01805496215813425, 0.03171157836901965, 0.028839111328014987, 0.013782501220650549, 0.007862091064423133, 0.8828620910610853]",0,Normal-2835.png
279225,0,37.9144217832681,0.9162945909911466,"[0.0029678344726449283, 0.005924224853493026, 0.00494003295896553, 0.01430892944330479, 0.026939392089740985, 0.02282714843741292, 0.01123809814448838, 0.006107330322242327, 0.9047470092738924]",0,Normal-2431.png
1024845,0,193.57856454867908,0.8030645258939574,"[0.0054092407226356155, 0.011035919189411027, 0.008811950683560135, 0.03340148925768508, 0.0864562988277952, 0.059638977050553744, 0.01914596557609884, 0.010375976562460419, 0.7657241821259853]",0,Normal-316.png
1202835,0,156.37870367539134,0.7865785717864007,"[0.004776000976544281, 0.011016845703082975, 0.009006500244106267, 0.03433990478502525, 0.0999679565425874, 0.0649528503415491, 0.020248413085860256, 0.012218475341750265, 0.7434730529756794]",0,Normal-1128.png
2556630,0,303.42469957803326,0.6214014519761121,"[0.009574890136682224, 0.018360137939383087, 0.015914916992126788, 0.06032180786109801, 0.17778396606377492, 0.11140060424762191, 0.03330230712877921, 0.017124176025325302, 0.5562171936013938]",0,Normal-280.png
1302795,0,193.54969957803326,0.8269900985300479,"[0.0052909851074016915, 0.010444641113241407, 0.008304595947233945, 0.028564453124891035, 0.07706069946259667, 0.050373077392385966, 0.016468048095640304, 0.008457183837858363, 0.795036315914936]",0,Normal-1129.png
1181925,0,193.50833613625244,0.8081778662730431,"[0.005599975585916138, 0.010631561279256319, 0.009162902831996295, 0.03374862670885563, 0.08353042602507198, 0.05591964721658356, 0.018131256103446458, 0.010066986083945972, 0.773208618161113]",0,Normal-292.png
1114350,0,189.73919474682,0.8279658314786758,"[0.005161285400370936, 0.010570526123006551, 0.009185791015589959, 0.031032562255740994, 0.06709671020482216, 0.0483779907224717, 0.01764297485344832, 0.010242462158164052, 0.8006896972625706]",0,Normal-23.png
246330,0,30.491400134540115,0.9580423170029231,"[0.0014877319335880746, 0.002391815185537751, 0.0023956298828033615, 0.007671356201142611, 0.017986297607353263, 0.011180877685504223, 0.0043106079101398066, 0.002162933349601124, 0.9504127502405151]",0,Normal-1880.png
1024335,0,185.07515900195702,0.7642636731691618,"[0.007656097412080169, 0.013801574706978601, 0.012538909912061542, 0.04392623901350431, 0.09505462646448114, 0.07680511474580076, 0.027618408203019643, 0.017715454101494922, 0.7048835754367642]",0,Normal-3299.png
804015,0,77.95411111790608,0.8748554633437934,"[0.0034370422363150135, 0.0063896179198975, 0.0071372985839571485, 0.022670745849522892, 0.058273315429465206, 0.03492355346666365, 0.012493133544874217, 0.006439208984350436, 0.8482360839811393]",0,Normal-1450.png
2095335,0,419.38501024339536,0.6876067628998261,"[0.009681701660119318, 0.018260955810477215, 0.013393402099558282, 0.05073928832988457, 0.14155578613227252, 0.0904388427730925, 0.030044555663947887, 0.01601409912103266, 0.6298713684058004]",0,Normal-2761.png
1335180,0,118.35307225415848,0.743675977979592,"[0.00519180297849582, 0.011249542236285211, 0.011249542236285211, 0.041660308837731704, 0.11996841430618298, 0.07595062255830402, 0.023059844970615157, 0.012424468994093229, 0.699245452878192]",0,Normal-1493.png
867765,0,94.67749357876713,0.8710782686655241,"[0.003913879394516319, 0.0075416564941118555, 0.006282806396460408, 0.02206420898429083, 0.06043243408180072, 0.03737258911118556, 0.012828826904247937, 0.0065269470214594765, 0.8430366516081121]",0,Normal-651.png
869295,0,113.49052103718199,0.8564386282522549,"[0.0035209655761584435, 0.007450103759737205, 0.0063056945800540705, 0.02408981323232998, 0.0643310546872546, 0.04102706909164037, 0.01337432861323023, 0.0068321228027083125, 0.8330688476530721]",0,Normal-532.png
1155405,0,168.76022046232876,0.8586011424145867,"[0.004283905029280533, 0.00817489624020319, 0.006683349609349505, 0.02410507202139242, 0.06299972534155655, 0.04004287719711287, 0.012470245361280554, 0.006328582763647733, 0.8349113464323619]",0,Normal-722.png
704820,0,64.34067698140899,0.8964803544881415,"[0.002880096435535888, 0.005668640136697126, 0.005271911621073639, 0.017829895019463235, 0.046611785888494066, 0.026866912841694384, 0.009899139404259112, 0.0050201416015433495, 0.8799514770474245]",0,Normal-2807.png
1175805,0,175.2626207803327,0.8336799493323859,"[0.005012512207012129, 0.010112762451133298, 0.007293701171847177, 0.0282974243162983, 0.07122421264621268, 0.04845428466778391, 0.0171966552733719, 0.010890960693317828, 0.8015174865692081]",0,Normal-1925.png
458235,0,84.15091426125244,0.8870372266401085,"[0.0031547546386598404, 0.005321502685526575, 0.005554199218728812, 0.021167755126872377, 0.04917526245098428, 0.035480499267442775, 0.011955261230423144, 0.006542205810521918, 0.8616485595670256]",0,Normal-55.png
1278315,0,198.40880702666334,0.8221020113058094,"[0.005424499511698057, 0.010288238525351379, 0.008190155029265633, 0.02997970581043251, 0.0834236145016349, 0.04971313476543536, 0.016128540039000973, 0.008460998535123974, 0.7883911132782425]",0,Normal-1860.png
1154130,0,140.4985705112524,0.8537319877826958,"[0.004566192626935707, 0.00843048095699909, 0.007778167724579703, 0.025264739990137997, 0.05941390991188273, 0.038890838622898515, 0.014457702636663598, 0.007320404052706449, 0.8338775634733815]",0,Normal-3421.png
1244145,0,140.30980537548922,0.7698742534383456,"[0.005062103271465064, 0.011344909667925472, 0.010517120361288004, 0.03891754150375779, 0.11283874511675705, 0.06760406494114836, 0.021221160888590922, 0.01199722290034486, 0.7204971313449078]",0,Normal-1241.png
664020,0,89.55106409001958,0.8893592492563512,"[0.0030364990234259164, 0.005676269531228346, 0.0056800842284939574, 0.01897048950188076, 0.04701614379864877, 0.030208587646369137, 0.011363983154253524, 0.00545501708982294, 0.872592926022062]",0,Normal-1210.png
1229355,0,146.51938600782773,0.7975685108704403,"[0.0054092407226356155, 0.011020660400348584, 0.009487152099573183, 0.03602218627915946, 0.09078598022426305, 0.060874938964611526, 0.020938873290935748, 0.010616302490193876, 0.7548446655244643]",0,Normal-3086.png
1370370,0,101.6079531555773,0.7749927516308732,"[0.004955291748027972, 0.01055908203120972, 0.00979614257808763, 0.0359268188475192, 0.109313964843333, 0.06343841552710175, 0.0207748413085145, 0.011074066162067131, 0.7341613769503244]",0,Normal-9.png
1701870,0,220.41727693860085,0.6813921433820427,"[0.008914947509731617, 0.016723632812436204, 0.015991210937438997, 0.056983947753688875, 0.13889312744087642, 0.0981750488277505, 0.033817291259636624, 0.01881027221672512, 0.6116905212379009]",0,Normal-1107.png
1020510,0,99.94512903620353,0.8662888630091402,"[0.0041885375976402715, 0.007369995117159385, 0.007602691650361623, 0.023956298828033615, 0.050445556640432564, 0.03482055664049217, 0.013618469238229299, 0.00638580322263189, 0.8516120910612045]",0,Normal-1991.png
963135,0,165.3204577421722,0.8298158154183987,"[0.005004882812480908, 0.009510040283166847, 0.008113861083953422, 0.028594970703015917, 0.07712936401337765, 0.05116653442363294, 0.016563415527280564, 0.009716033935509811, 0.7942008972137672]",0,Normal-1754.png
486030,0,55.76908787915852,0.9553954605593173,"[0.0018234252929617942, 0.0035552978515489375, 0.0021896362304603973, 0.00809097290035976, 0.015098571777286154, 0.011863708496048493, 0.004585266113263759, 0.002868652343739057, 0.949924468990517]",0,Normal-3246.png
1245420,0,173.57736821183954,0.8212870081794488,"[0.0041542053222497774, 0.008632659912076443, 0.008499145507780078, 0.02965164184559001, 0.07564544677705519, 0.04734420776349127, 0.015365600585878884, 0.007259368896456683, 0.803447723385607]",0,Normal-1727.png
1034025,0,153.5659323018591,0.8940848361856937,"[0.0035247802734240537, 0.0064926147460689825, 0.004955291748027972, 0.017761230468682245, 0.04412078857405044, 0.028244018554579756, 0.009349822998011207, 0.005176544189433378, 0.8803749084439072]",0,Normal-3398.png
869295,0,94.15401785714285,0.8852143203734429,"[0.0033416748046747524, 0.006668090820287063, 0.006099700927711106, 0.018848419189381224, 0.05078124999980629, 0.03194427490222189, 0.011722564697220907, 0.005813598632790322, 0.8647804260220917]",0,Normal-1260.png
1207425,0,199.68558127446184,0.8410840430360553,"[0.004245758056624429, 0.010223388671836, 0.006057739257789392, 0.023075103759677598, 0.06777954101536644, 0.045772552490059765, 0.014694213867131446, 0.008068084716766098, 0.8200836181609341]",0,Normal-1994.png
1193145,0,155.57465447651654,0.8904221398956274,"[0.003704071044907745, 0.007522583007783803, 0.005119323730449221, 0.019699096679612352, 0.048995971679500594, 0.03013610839832254, 0.009498596191370015, 0.0052070617675582615, 0.8701171874966808]",0,Normal-2394.png
683910,0,120.67130931996087,0.8647434184461895,"[0.004337310790999079, 0.007629394531220896, 0.007587432861299181, 0.0251922607420914, 0.05927658081032075, 0.038978576660007556, 0.014797210693302927, 0.007465362548799647, 0.8347358703581438]",0,Normal-560.png
1911225,0,270.19997553816046,0.7926721690998665,"[0.007774353027314093, 0.014587402343694354, 0.012367248535109072, 0.03807449340805788, 0.08652114868131057, 0.055145263671664634, 0.021396636962809003, 0.012527465820264712, 0.751605987545961]",0,Normal-1715.png
793560,0,92.32633622798431,0.8814670460836718,"[0.004482269287092277, 0.007633209228486507, 0.007537841796846245, 0.020477294921796885, 0.042201995849448386, 0.029235839843638475, 0.013126373290965552, 0.006690979003880726, 0.8686141967740302]",0,Normal-3486.png
1246185,0,105.87832910347359,0.8037024011398411,"[0.004100799560531231, 0.009128570556605802, 0.008338928222624439, 0.03164672851550428, 0.09666824340783436, 0.057109832763454015, 0.01855087280266361, 0.010322570800741872, 0.7641334533662256]",0,Normal-2956.png
1410150,0,227.87990001223096,0.7329826994906202,"[0.009262084960902167, 0.017398834228449254, 0.012588500976514478, 0.05028152465801131, 0.10797882080036934, 0.09077835082973183, 0.03210830688464314, 0.023273468017489342, 0.6563301086400744]",0,Normal-7.png
2441370,0,312.19037426614483,0.6605449466488296,"[0.008506774902311299, 0.017753601074151026, 0.013969421386665461, 0.055152893066195856, 0.15768051147400786, 0.09742736816369084, 0.029251098632700916, 0.015480041503847198, 0.6047782897926148]",0,Normal-2997.png
1082475,0,144.36270028131113,0.8455124619154276,"[0.004905700683575036, 0.008792877197232082, 0.007850646972626302, 0.025562286376855613, 0.06936645507786039, 0.04492950439435986, 0.014736175537053161, 0.007965087890594615, 0.8158912658660282]",0,Normal-1170.png
953955,0,100.41787701810176,0.8747570771477314,"[0.004653930664044747, 0.008625030517545222, 0.007843017578095081, 0.02330780029287984, 0.052734374999798835, 0.03557586669908304, 0.013984680175727902, 0.00816726684567197, 0.8451080322233386]",0,Normal-504.png
2436780,0,197.17024675880626,0.5905266148962998,"[0.009254455566370947, 0.01914596557609884, 0.01695632934563844, 0.06480026245092468, 0.19445037841722698, 0.11890029907181206, 0.03715896606431137, 0.019359588622973024, 0.519973754880829]",0,Normal-1703.png
1181925,0,96.98925972358121,0.8168940624088217,"[0.003627777099595536, 0.009048461914027982, 0.0073242187499720605, 0.028926849365124026, 0.0894889831539555, 0.053680419921670226, 0.016052246093688764, 0.008697509765591822, 0.7831535339325594]",0,Normal-942.png
666315,0,99.25762139187864,0.9405991989556025,"[0.0021209716796794092, 0.0032806396484249853, 0.002834320068348563, 0.01166915893550236, 0.02392959594717434, 0.014762878417912434, 0.005092620849589948, 0.0023117065429599315, 0.9339981079065933]",0,Normal-3155.png
1617210,0,181.7562568798923,0.7880097378076125,"[0.0076446533202833376, 0.014015197753852786, 0.010040283203086699, 0.037525177001809976, 0.08604812622037487, 0.06541442871068796, 0.022628784179601177, 0.016128540039000973, 0.7405548095674875]",0,Normal-218.png
1426470,0,254.22951320939336,0.8061290645584935,"[0.006191253662085757, 0.011043548583942247, 0.009387969970667312, 0.035724639892441845, 0.08448028564420898, 0.05747985839821823, 0.019931793212814592, 0.009666442871056875, 0.7660942077607494]",0,Normal-782.png
1511895,0,263.6922280149216,0.8004851897464937,"[0.006088256835914275, 0.011631011962846256, 0.008644104003873275, 0.0320205688475341, 0.09087753295863771, 0.05951690673805421, 0.01900100708000564, 0.010204315185507948, 0.7620162963838119]",0,Normal-3195.png
939420,0,162.95359894814092,0.8548622283969579,"[0.004150390624984167, 0.008247375488249789, 0.006160736083960874, 0.022754669189366323, 0.0640792846677243, 0.04476928710920422, 0.012447357177686892, 0.007617950439424065, 0.8297729492155846]",0,Normal-2885.png
1085025,0,190.532396648728,0.9030751396977297,"[0.0035438537597521063, 0.0065612792968499705, 0.005165100097636546, 0.016868591308529402, 0.036182403564315097, 0.023120880126864925, 0.00850296020504569, 0.004085540771468789, 0.8959693908657227]",0,Normal-1441.png
1152345,0,144.40663221624263,0.8552589952093611,"[0.004337310790999079, 0.007789611816376535, 0.006309509277319681, 0.023883819579987014, 0.0656471252438902, 0.041828155517418565, 0.012790679931591832, 0.006378173828100669, 0.8310356140105017]",0,Normal-1990.png
2179230,0,287.7034498838063,0.6566141777615243,"[0.008499145507780078, 0.016731262206967426, 0.014163970947211594, 0.05610656738259847, 0.16177368164000788, 0.10800552368122861, 0.03048324584949309, 0.01737213134758998, 0.5868644714333081]",0,Normal-3414.png
776730,0,113.63454776174166,0.8635233917509793,"[0.0037155151367045764, 0.006786346435520987, 0.007347106933565723, 0.023136138915927366, 0.059230804443133424, 0.0350875854490849, 0.013175964355418488, 0.0057487487792749455, 0.8457717895475548]",0,Normal-6.png
1069980,0,175.37870367539142,0.8372966033008353,"[0.005001068115215297, 0.009296417236292662, 0.0073242187499720605, 0.02819061279286121, 0.07304763793917447, 0.04955291748027972, 0.015232086181582519, 0.008277893066374673, 0.8040771484344327]",0,Normal-2852.png
1806675,0,238.78175070327788,0.7464004192644709,"[0.008243560790984178, 0.01601028442376705, 0.012580871581983257, 0.04563140869123218, 0.1121673583980096, 0.0794105529782127, 0.026294708251852816, 0.016479492187437134, 0.6831817626927064]",0,Normal-2094.png
1314270,0,198.74652183219175,0.8730733416131939,"[0.0042572021484212595, 0.007671356201142611, 0.00519180297849582, 0.020664215087811796, 0.05958938598610081, 0.034812927245960947, 0.009761810302697136, 0.004531860351545213, 0.8535194396940097]",0,Normal-1304.png
1129140,0,110.19153620352255,0.7837393830318029,"[0.003849029541000942, 0.009918212890587164, 0.008171081542937579, 0.034351348876822084, 0.10283660888632645, 0.07011032104465442, 0.01952362060539427, 0.010749816894490243, 0.7404899597139721]",0,Normal-2388.png
1080690,0,236.19871040239718,0.8401705575960414,"[0.0057487487792749455, 0.01166915893550236, 0.008274078369109062, 0.02782440185536261, 0.054828643798618966, 0.04746246337872519, 0.019042968749927357, 0.012363433837843461, 0.8127861022918214]",0,Normal-1763.png
828495,0,99.81965508806259,0.7797650516017387,"[0.004585266113263759, 0.01038360595699164, 0.00937271118160487, 0.038177490234229366, 0.10550689697225377, 0.06975555419895266, 0.021423339843668277, 0.011650085449174308, 0.7291450500460467]",0,Normal-1412.png
412080,0,48.93312744618393,0.8943593847947684,"[0.0036582946777204196, 0.007556915283174297, 0.006313323974585291, 0.019359588622973024, 0.03425979614244743, 0.029426574706918996, 0.014179229736274035, 0.007801055908173366, 0.8774452209439184]",0,Normal-298.png
440895,0,44.04823568982386,0.9090918159093695,"[0.003337860107409142, 0.006523132324193866, 0.0050544738769338435, 0.01524353027337935, 0.03133392333972422, 0.023426055908113762, 0.011672973632767971, 0.006496429443334593, 0.8969116210903285]",0,Normal-2503.png
830280,0,78.08248226516633,0.903650384370616,"[0.0032806396484249853, 0.005603790283181748, 0.005634307861306632, 0.018016815185478145, 0.03853607177719674, 0.023464202880769867, 0.009243011474574115, 0.004783630371075502, 0.8914375305141775]",0,Normal-268.png
996795,0,192.49446168664386,0.84225563815708,"[0.004592895507794979, 0.008316040039030777, 0.007602691650361623, 0.026409149169821133, 0.0659751892087327, 0.050827026366993606, 0.015724182128846267, 0.008384704589811765, 0.8121681213347924]",0,Normal-352.png
1386690,0,192.19912701810176,0.8701513077944478,"[0.0043067932128741954, 0.008838653564419407, 0.005580902099588086, 0.022258758544836964, 0.05939102172828906, 0.03648376464829833, 0.011451721191362564, 0.005973815917945962, 0.8457145690885707]",0,Normal-2217.png
1934430,0,359.8936177531801,0.6935928956176781,"[0.009429931640589027, 0.016662597656186436, 0.013942718505806187, 0.051063537597461454, 0.1347579956049547, 0.09101486206019968, 0.028820037841686935, 0.016212463378844404, 0.6380958557104565]",0,Normal-2053.png
1498890,0,236.86397306139918,0.8089035341914046,"[0.006992340087863951, 0.012733459472607676, 0.010875701904255387, 0.031108856201053203, 0.07043838500949692, 0.050292968749808147, 0.019954681396408252, 0.011127471923785676, 0.7864761352509061]",0,Normal-3131.png
460020,0,58.78375733855187,0.9176838008273696,"[0.003013610839832254, 0.0057640075683373865, 0.004863739013653321, 0.01516342163080153, 0.02767944335926941, 0.0223808288573365, 0.0105514526366785, 0.006008148193336456, 0.9045753478969399]",0,Normal-2592.png
904740,0,152.30387720156557,0.8238104171464039,"[0.005043029785137012, 0.009426116943323418, 0.008903503417934786, 0.03246307373034491, 0.07570648193330495, 0.052734374999798835, 0.01915359497063006, 0.009819030761681294, 0.78675079345403]",0,Normal-429.png
2337585,0,452.0817866316046,0.6970137318735653,"[0.00911331176754336, 0.018184661865165007, 0.013584136962838805, 0.049510955810358005, 0.13617324829049615, 0.08720397949185484, 0.02666854858388264, 0.014957427978458566, 0.6446037292455878]",0,Normal-2570.png
1002660,0,100.02783298679063,0.8596875975303966,"[0.0038642883300633838, 0.007484436035127699, 0.007591247558564791, 0.023315429687411057, 0.05678558349587713, 0.03721237182602992, 0.013832092285103485, 0.006607055664037296, 0.8433074951139705]",0,Normal-2321.png
1259955,0,190.97419275929545,0.8359431064406336,"[0.005035400390605791, 0.009727478027306643, 0.007717132568329936, 0.02664947509755459, 0.06698608398411947, 0.04807662963848847, 0.01641464233392176, 0.009742736816369084, 0.8096504211394895]",0,Normal-979.png
1399950,0,198.84093688845397,0.8617047993057486,"[0.004436492919904951, 0.008953094482387722, 0.0039062499999850987, 0.01796722412102521, 0.057193756103297445, 0.04581069946271587, 0.009773254394493967, 0.007934570312469733, 0.8440246581999052]",0,Normal-1876.png
1140615,0,161.631979268591,0.8562196310162431,"[0.004283905029280533, 0.00783157348629825, 0.006443023681616047, 0.02556991577138683, 0.0665969848630272, 0.03971099853500476, 0.012954711914013081, 0.006660461425755842, 0.8299484252898027]",0,Normal-2658.png
928200,1,203.13890120474557,0.8491892023841281,"[0.004417419433576899, 0.008945465087856501, 0.007907867431610458, 0.02708053588856857, 0.06040954589820705, 0.04817581176739435, 0.016330718994078328, 0.010482788085897511, 0.8162498474089956]",0,Normal-1547.png
835890,0,100.22285118028375,0.8257168448263467,"[0.0033569335937371943, 0.008373260498014934, 0.007141113281222759, 0.0296096801756683, 0.08061218261687998, 0.059665679931413015, 0.0178184509276664, 0.010620117187459487, 0.7828025817841232]",0,Normal-1605.png
1327020,0,214.46417487157532,0.8050722057079935,"[0.005474090576150993, 0.011322021484331809, 0.008621215820279613, 0.031017303466678553, 0.09037780761684273, 0.05254364013651831, 0.017753601074151026, 0.009891510009727891, 0.7729988098115044]",0,Normal-1551.png
968745,0,170.85948966487277,0.8908813199804947,"[0.0036659240722516405, 0.008068084716766098, 0.00571060180661884, 0.018455505371023348, 0.03874206542953971, 0.028572082519422254, 0.011478424072221837, 0.006244659423804303, 0.8790626525845372]",0,Normal-26.png
1631490,0,142.0565680039139,0.8781924118571349,"[0.0045967102050605895, 0.008556365966764234, 0.007232666015597409, 0.023391723632723266, 0.04949951171856117, 0.027667999267472577, 0.009849548339806176, 0.004802703857403554, 0.8644027709927963]",0,Normal-922.png
2308770,0,308.1626903436888,0.7742980088571356,"[0.007568359374971129, 0.014068603515571333, 0.010574340820272162, 0.03877258300766459, 0.10096740722617734, 0.059398651122820285, 0.019184112548754944, 0.009994506835899374, 0.7394714355440541]",0,Normal-2407.png
893010,0,96.28644814090019,0.8746970509477755,"[0.003772735595688733, 0.006504058837865814, 0.007144927978488369, 0.023040771484287105, 0.04837417602520609, 0.032798767089718635, 0.012779235839795, 0.005886077880836922, 0.8596992492642986]",0,Normal-3173.png
1927545,0,229.5649805834149,0.7495770070382695,"[0.008811950683560135, 0.015308380126894727, 0.012813568115185494, 0.04591751098615296, 0.10295486450156038, 0.07055282592746523, 0.02581024169912029, 0.014614105224553626, 0.7032165527316924]",0,Normal-494.png
788205,0,121.35293847847359,0.8675121648225845,"[0.004009246826156581, 0.007568359374971129, 0.0064582824706784885, 0.025348663329981428, 0.05908584594704023, 0.041263580322108216, 0.014354705810492115, 0.008228302001921737, 0.8336830139128354]",0,Normal-2347.png
692580,0,81.0571413282779,0.8711585892498934,"[0.0035591125488145478, 0.00672531127927122, 0.006881713867161248, 0.023273468017489342, 0.05948638915992933, 0.03463745117174287, 0.012821197509716716, 0.006603240966771685, 0.8460121154752883]",0,Normal-1528.png
1426470,0,258.08938509050876,0.9009292664970535,"[0.004184722900374661, 0.007530212402315025, 0.005470275878885382, 0.0178184509276664, 0.037666320800637566, 0.022708892822178996, 0.0076103210448928435, 0.0037689208984231226, 0.8932418823208113]",0,Normal-3328.png
830025,0,129.67607555650682,0.846004078577855,"[0.005088806152324338, 0.009330749511683155, 0.00827026367184345, 0.027217864990130545, 0.0672187805173217, 0.04471588134748567, 0.016536712646421294, 0.008842468261685018, 0.8127784728972901]",0,Normal-1798.png
2077230,0,315.2572124204989,0.6960231827202651,"[0.008483886718717637, 0.015613555908143563, 0.013504028320260986, 0.05242538452128439, 0.1382293701166602, 0.0905151367184047, 0.02844619750965711, 0.01463699340814729, 0.6381454467749094]",0,Normal-2311.png
1072275,0,87.89243670499022,0.7840317064069671,"[0.004581451415998148, 0.010593414306600215, 0.009643554687463212, 0.035293579101427865, 0.10107803344688004, 0.06390380859350622, 0.020187377929610492, 0.011295318603472536, 0.7434234619112265]",0,Normal-1912.png
1178355,0,146.49116698263205,0.8303570265945532,"[0.004989624023418466, 0.009128570556605802, 0.00791549682614168, 0.028648376464734466, 0.0798110961911018, 0.045421600341623604, 0.015560150146425018, 0.007930755615204121, 0.8005943298309304]",0,Normal-1208.png
1484355,0,235.96573813600773,0.738255793075296,"[0.00825881958004662, 0.015953063964782892, 0.013175964355418488, 0.05306625366190694, 0.11569213867143367, 0.0802536010739126, 0.029357910156138006, 0.022510528564367253, 0.6617317199681788]",1,Tuberculosis-291.png
877965,0,75.00821000489236,0.8798731815260804,"[0.0025749206542870526, 0.004837036132794048, 0.004486083984357887, 0.02144241332999633, 0.060398101806410226, 0.0347938537596329, 0.009506225585901236, 0.005329132080057796, 0.8566322326627478]",1,Tuberculosis-409.png
770865,0,175.17824272260276,0.8560276941048939,"[0.002925872802723214, 0.007938385009735342, 0.004550933837873265, 0.024848937988186458, 0.05742263793923407, 0.052333831786909736, 0.015441894531191094, 0.009765624999962747, 0.8247718811003694]",1,Tuberculosis-84.png
2280975,0,249.6969942514676,0.8315809803173695,"[0.005214691162089482, 0.009716033935509811, 0.006252288818335524, 0.030364990234259166, 0.0860557556149061, 0.04016876220687802, 0.010852813720661724, 0.004558563232404485, 0.806816101071141]",1,Tuberculosis-471.png
700740,0,109.30840646404106,0.8017589461488798,"[0.00340652465819013, 0.008731842040982315, 0.005981445312477182, 0.03908538818344465, 0.09966659545860418, 0.07875823974579331, 0.021171569824137985, 0.014328002929632842, 0.7288703918429227]",1,Tuberculosis-332.png
1438710,0,183.37802715264192,0.8466210808873136,"[0.0033950805663932986, 0.006923675537082963, 0.00553512573240076, 0.02573013305654247, 0.07913208007782313, 0.04113769531234307, 0.010669708251912423, 0.004547119140607654, 0.8229293823210795]",1,Tuberculosis-235.png
734400,0,109.2720347663894,0.8080771008189196,"[0.0031204223632693463, 0.007247924804659851, 0.005989074707008404, 0.03520202636705321, 0.0989837646480599, 0.06332015991186783, 0.016143798828063417, 0.011028289794879804, 0.7589645385713235]",1,Tuberculosis-350.png
869805,0,88.80234451443249,0.836780655728102,"[0.0023384094238192046, 0.006027221679664508, 0.005233764648417534, 0.02920532226551359, 0.08617782592740562, 0.053752899169716824, 0.012882232665966482, 0.007347106933565723, 0.7970352172821158]",1,Tuberculosis-586.png
1214565,0,168.55372049290602,0.9035363500531011,"[0.0037002563476421346, 0.0071868896484100836, 0.0030708312988164104, 0.015968322753845337, 0.039649963378754996, 0.024879455566311343, 0.007648468017548948, 0.006423950195287994, 0.891471862789568]",1,Tuberculosis-619.png
596190,0,82.50256084882582,0.890904112788979,"[0.003135681152331788, 0.006118774414039158, 0.003875732421860215, 0.01797103881829082, 0.0470275878904456, 0.03498077392564781, 0.01192474365229826, 0.006088256835914275, 0.8688774108853573]",1,Tuberculosis-25.png
1437435,0,220.6027167930528,0.8472190747447801,"[0.004318237304671027, 0.007122039794894707, 0.004722595214825735, 0.027648925781144525, 0.07379531860323411, 0.04495620727521913, 0.011188507080035444, 0.00570678710935323, 0.8205413818328073]",1,Tuberculosis-386.png
475320,0,78.64877385029354,0.7963619399236789,"[0.0018997192382740032, 0.006820678710911481, 0.004638671874982305, 0.035476684570177164, 0.10050201415977286, 0.08290100097624625, 0.018169403076102562, 0.015815734863220916, 0.7337760925264977]",1,Tuberculosis-373.png
1500420,1,114.84271037182,0.4993017180980738,"[0.007759094238251651, 0.024143218994048525, 0.02033996582023491, 0.10574340820272161, 0.24822616577053747, 0.18559646606374514, 0.05627059936501972, 0.04492568969709425, 0.306995391844532]",1,Tuberculosis-613.png
424830,0,120.9828232020548,0.8931362979058183,"[0.002971649169910539, 0.006744384765599272, 0.004337310790999079, 0.019893646240158488, 0.042259216308432546, 0.034164428710807174, 0.01422882080072697, 0.00859069824215473, 0.8668098449673964]",1,Tuberculosis-215.png
1272195,0,183.79436766144812,0.8939115307976688,"[0.003166198730456672, 0.005825042724587154, 0.002758026123036354, 0.01635360717767199, 0.051792144775193054, 0.028656005859265685, 0.006351470947241396, 0.003143310546863009, 0.88195419311187]",1,Tuberculosis-369.png
2502315,0,477.25394064946175,0.7654400329975006,"[0.006633758544896569, 0.012866973876904041, 0.008129119873015865, 0.04567718505841951, 0.10207366943320437, 0.07248306274386412, 0.016914367675716725, 0.01336669921869901, 0.7218551635714651]",1,Tuberculosis-246.png
917235,0,151.05824211105673,0.8700675899356533,"[0.0021171569824137986, 0.006462097167944099, 0.0036926269531109136, 0.024051666259673875, 0.06756210327122665, 0.04614257812482398, 0.011962890624954365, 0.008392333984342986, 0.8296165466276946]",1,Tuberculosis-404.png
621180,0,71.77071612035225,0.8313812489583836,"[0.001575469970697115, 0.004047393798812685, 0.003158569335925451, 0.024379730224516373, 0.08446502685514654, 0.06672668457005795, 0.010345458984335535, 0.00825881958004662, 0.797042846676647]",1,Tuberculosis-483.png
1504500,2,137.72058463796475,0.5239508027855292,"[0.006362915039038227, 0.023628234863191114, 0.016960144042904052, 0.09775543212853334, 0.20565414428632486, 0.1878128051750648, 0.05291366577128252, 0.04546356201154532, 0.36344909667830105]",1,Tuberculosis-679.png
611235,0,57.06358549412914,0.882502976006677,"[0.0035896301269394315, 0.00664138793942779, 0.005569458007791254, 0.020915985107342085, 0.05015563964824617, 0.03401184082018276, 0.013034820556590901, 0.006847381591770754, 0.8592338561978942]",1,Tuberculosis-642.png
1134240,2,275.94207130626216,0.5832182342482972,"[0.005111694335918, 0.01866531372063192, 0.012821197509716716, 0.08035278320281848, 0.1845359802239054, 0.1596260070794692, 0.04212570190413618, 0.035987854003768964, 0.4607734680158204]",1,Tuberculosis-333.png
528105,0,101.35964637353227,0.8559388104810913,"[0.0025749206542870526, 0.006252288818335524, 0.004531860351545213, 0.026508331298727004, 0.0705375671384028, 0.05285644531229837, 0.01454925537103825, 0.00911331176754336, 0.8130760192840077]",1,Tuberculosis-525.png
949875,0,218.21727464530332,0.7815308961044549,"[0.004970550537090414, 0.010780334472615127, 0.008666992187466938, 0.041175842284999174, 0.09883117675743548, 0.07168960571261715, 0.023292541503817394, 0.012733459472607676, 0.7278594970675359]",1,Tuberculosis-65.png
846600,0,103.99350996819958,0.904613547607197,"[0.002502441406240454, 0.00451278686521716, 0.002986907958972981, 0.016567230224546176, 0.047611236572084, 0.028503417968641268, 0.00681304931638026, 0.0034446716308462345, 0.8870582580532568]",1,Tuberculosis-348.png
1339770,0,185.95523865582194,0.6275218105782439,"[0.005779266357399828, 0.01660537719720228, 0.011466979980425007, 0.0734252929684699, 0.17373657226496225, 0.14308547973578228, 0.037868499755714914, 0.03056335449207091, 0.5074691772441579]",1,Tuberculosis-627.png
1389750,1,229.91296171722112,0.5843002535411564,"[0.004501342773420329, 0.017055511474544312, 0.012481689453077385, 0.08693695068326211, 0.1763420104973742, 0.18188095092704054, 0.04505920410139061, 0.03606033325181556, 0.43968200683426023]",1,Tuberculosis-3.png
797385,0,99.03580601761249,0.9158944716587922,"[0.0025062561035060645, 0.0035934448242050418, 0.003028869628894696, 0.014949798583927346, 0.041450500488123126, 0.022159576415931092, 0.005687713623025178, 0.0020713806152264733, 0.9045524597133463]",1,Tuberculosis-531.png
2307240,1,378.3736698874755,0.6779385213325244,"[0.006706237792943167, 0.017391204833918032, 0.012615203857373752, 0.06466674804662831, 0.14212036132758285, 0.0998611450191503, 0.029666900634652455, 0.021598815917886358, 0.60537338256605]",1,Tuberculosis-298.png
999345,0,162.63567912181992,0.8671373814596997,"[0.0031890869140503344, 0.006568908691381191, 0.004474639892561055, 0.025688171386620755, 0.056232452392363616, 0.04605865478498055, 0.011425018310503292, 0.008460998535123974, 0.8379020690886005]",1,Tuberculosis-507.png
1357365,0,249.9814625122309,0.8765805012859074,"[0.002853393554676615, 0.006790161132786597, 0.0031700134277222822, 0.02333450317373911, 0.0560836791990048, 0.03878021240219581, 0.008529663085904962, 0.005825042724587154, 0.854633331295568]",1,Tuberculosis-273.png
875925,0,134.85742951932488,0.8126736133129845,"[0.004329681396467859, 0.008804321289028914, 0.006580352783178023, 0.03722381591782675, 0.08650588989224813, 0.07081222534152674, 0.01925277709953593, 0.013835906982369094, 0.7526550292940039]",1,Tuberculosis-192.png
895305,0,196.87614282656554,0.8752002965135954,"[0.0034751892089711182, 0.008148193359343917, 0.005050659179668233, 0.02503204345693576, 0.054351806640417666, 0.04154205322249778, 0.014175415039008425, 0.00911712646480897, 0.8391075134245334]",1,Tuberculosis-212.png
2430405,1,357.3317292991683,0.77542358439436,"[0.0056800842284939574, 0.0108070373534744, 0.006465911865209709, 0.037662506103371955, 0.10960006713825378, 0.06396102905249038, 0.013599395751901246, 0.006996154785129561, 0.7452278137178603]",1,Tuberculosis-367.png
326655,0,67.36497829011742,0.8850082398898106,"[0.0024909973144436226, 0.004619598388654253, 0.0037841796874855645, 0.020736694335858397, 0.058292388915793254, 0.042385101318197685, 0.011219024658160328, 0.007297515869112787, 0.8491744995084793]",1,Tuberculosis-632.png
1457835,0,224.56554244129154,0.8265476812830844,"[0.004035949707015854, 0.00843048095699909, 0.006675720214818284, 0.027954101562393363, 0.07818222045868613, 0.047279357909975894, 0.014011383056587175, 0.0063400268554445645, 0.8070907592742649]",1,Tuberculosis-143.png
1010820,0,131.33456534368887,0.827950714223865,"[0.0036888122558453034, 0.007877349853485574, 0.005836486816383986, 0.02896881103504574, 0.08190155029265632, 0.05339431762674944, 0.015098571777286154, 0.00757980346676796, 0.7956542968719648]",1,Tuberculosis-597.png
1002660,0,173.54957344667318,0.8889994422094749,"[0.002536773681630948, 0.005062103271465064, 0.002994537353504202, 0.016403198242124925, 0.056041717529083095, 0.030776977538945094, 0.0061340332031016, 0.0025672912597558316, 0.8774833679165746]",1,Tuberculosis-224.png
1059525,1,116.72166248776907,0.8525661422923247,"[0.0019149780273364449, 0.004959106445293582, 0.0033607482910028045, 0.02111434936515383, 0.07279968261690979, 0.05435943603494888, 0.007942199707000953, 0.0058479309081808165, 0.8277015686003582]",1,Tuberculosis-574.png
465885,0,106.80045254403133,0.8228778424086179,"[0.0032310485839720494, 0.008876800537075513, 0.006435394287084826, 0.03745269775376338, 0.07333755493136086, 0.06809616088841211, 0.0215415954589022, 0.015014648437442723, 0.7660140991181716]",1,Tuberculosis-1.png
2045610,1,505.1846792441292,0.6569055592115409,"[0.007717132568329936, 0.01934814453117619, 0.013175964355418488, 0.06580734252904584, 0.14214324951117652, 0.11763000488236378, 0.037090301513530384, 0.02408599853506437, 0.5730018615700798]",1,Tuberculosis-115.png
1321665,0,219.29999770670256,0.7869445692521951,"[0.00476837158201306, 0.011955261230423144, 0.0074920654296589196, 0.03887557983383608, 0.07701873779267494, 0.0935401916500338, 0.023143768310458588, 0.01813507080071207, 0.7250709533663747]",1,Tuberculosis-689.png
521985,0,103.82209362769078,0.8358110416029529,"[0.002761840820301964, 0.006637573242162179, 0.006023406982398898, 0.03309631347643625, 0.07528305053682219, 0.05978775024391255, 0.01762771606438588, 0.00979232788082202, 0.7889900207489433]",1,Tuberculosis-551.png
1365525,0,242.12199578033267,0.8794442605985235,"[0.0044288635253737305, 0.007221221923800578, 0.0036201477050643153, 0.017364501953058758, 0.05823135375954349, 0.033008575439327205, 0.007637023925752117, 0.0038032531738136166, 0.8646850585904514]",1,Tuberculosis-488.png
945030,0,155.42648452788646,0.8579180927154432,"[0.0034179687499869614, 0.006626129150365348, 0.0049018859863094255, 0.025344848632715817, 0.06354904174780446, 0.0499839782712937, 0.012126922607375613, 0.006454467773412878, 0.8275947570769211]",1,Tuberculosis-418.png
659940,0,68.23933998899216,0.7830639081358768,"[0.0019378662109301075, 0.0064582824706784885, 0.004371643066389573, 0.038173675536963755, 0.11997985839797981, 0.08487319946256686, 0.016536712646421294, 0.014789581298771707, 0.7128791809054836]",1,Tuberculosis-678.png
1736550,0,306.14269661203514,0.8399395257267903,"[0.004112243652328063, 0.007873535156219965, 0.005752563476540556, 0.0312538146971464, 0.07665252685517635, 0.04361724853498986, 0.00961303710933833, 0.004653930664044747, 0.816471099850401]",1,Tuberculosis-440.png
919530,0,221.9308188600783,0.8538853370937594,"[0.002834320068348563, 0.008655548095670106, 0.004402160644514457, 0.02690505981435049, 0.053997039794715894, 0.05564880371072522, 0.016754150390561086, 0.011108398437457624, 0.8196945190398418]",1,Tuberculosis-89.png
1211505,0,101.12920437866929,0.7864347797553958,"[0.0032234191894408284, 0.007228851318331799, 0.006412506103491163, 0.03321456909167017, 0.11005020141559581, 0.06274414062476065, 0.01482009887689659, 0.007923126220672901, 0.7543830871553253]",1,Tuberculosis-663.png
799680,0,113.16003394080235,0.8512161328551039,"[0.0035285949706896644, 0.007087707519504213, 0.00536346435544829, 0.027698516845597463, 0.0705375671384028, 0.04833602905254999, 0.014781951904240486, 0.007549285888643077, 0.8151168823211093]",1,Tuberculosis-57.png
387345,0,90.17877782534248,0.8626819477640932,"[0.0024490356445219076, 0.006439208984350436, 0.005294799804667302, 0.026931762695209763, 0.057678222656029975, 0.047359466552553714, 0.016357421874937602, 0.00843811035153031, 0.8290519714323843]",1,Tuberculosis-151.png
1073295,0,241.76074792074365,0.7991706565469657,"[0.005088806152324338, 0.01158142089839332, 0.007598876953096013, 0.03896713256821072, 0.08212280273406172, 0.07078552246066747, 0.024230957031157567, 0.01430892944330479, 0.7453155517549693]",1,Tuberculosis-170.png
2040765,1,341.2022344361546,0.6631494278885101,"[0.006874084472630027, 0.018638610839772647, 0.012817382812451105, 0.07259750366183243, 0.13903808593696962, 0.1297264099116145, 0.038337707519385, 0.02894973754871769, 0.5530204772928122]",1,Tuberculosis-439.png
951660,1,62.87072682240704,0.4950063574737499,"[0.005741119384743724, 0.020469665527265663, 0.017257690429621667, 0.10406112670858741, 0.24470520019437902, 0.2072448730460844, 0.056518554687284395, 0.04505920410139061, 0.2989425659168284]",1,Tuberculosis-290.png
541875,0,84.48562102495107,0.9285103915153061,"[0.0025405883788965585, 0.0034561157226430657, 0.0021209716796794092, 0.010887145996052219, 0.033496856689325345, 0.021675109863198566, 0.005649566650369074, 0.002513885498037285, 0.9176597595179837]",1,Tuberculosis-477.png
375360,0,58.17421416340507,0.8103372638547408,"[0.002376556396475309, 0.007335662841768891, 0.005500793457010266, 0.03388595581041761, 0.08125305175750254, 0.08344268798796294, 0.019634246826096977, 0.014289855956976738, 0.752281188961974]",1,Tuberculosis-699.png
1480785,0,256.4412648299903,0.6552497035118913,"[0.007957458496063394, 0.016044616699157545, 0.01243209838862445, 0.06251525878882402, 0.16226959228453725, 0.11817550659134607, 0.03283691406237474, 0.022499084472570423, 0.5652694702126874]",1,Tuberculosis-593.png
540345,0,81.86320480675145,0.8541083821408479,"[0.0031051635742069044, 0.00638198852536628, 0.0059509277343522985, 0.026729583740132408, 0.06474685668920613, 0.04409790039045678, 0.014465332031194818, 0.00646972656247532, 0.8280525207487943]",1,Tuberculosis-168.png
923100,0,131.89986316658513,0.860807246617237,"[0.003021240234363475, 0.006885528564426859, 0.003955841064438035, 0.022163391113196703, 0.06631088256810641, 0.047611236572084, 0.01133346557612864, 0.007511138915986972, 0.8312072753874542]",1,Tuberculosis-202.png
568650,0,99.6482693248532,0.8284584153317122,"[0.0036239624023299256, 0.009243011474574115, 0.006427764892553605, 0.03130340576159934, 0.07998657226531987, 0.05953979492164787, 0.020488739013593715, 0.010608673095662656, 0.7787780761689042]",1,Tuberculosis-12.png
985320,0,166.10324425146771,0.904225665517605,"[0.0021591186523355135, 0.004356384277327131, 0.0025520324706933897, 0.01447677612299165, 0.049369812011530415, 0.024288177490141723, 0.0044288635253737305, 0.0017929077148369106, 0.8965759277309548]",1,Tuberculosis-451.png
1452990,0,268.1234099804305,0.7261232597113716,"[0.0057296752929468925, 0.01413345336908671, 0.0109901428222237, 0.050289154052542535, 0.1188087463374374, 0.08796310424771132, 0.028057098388564846, 0.0155906677245499, 0.6684379577611219]",1,Tuberculosis-674.png
1248735,0,188.11028467465752,0.9048131720642347,"[0.0024757385253811807, 0.005149841308574105, 0.002765655517567575, 0.015102386474551763, 0.048675537109189315, 0.020145416259688777, 0.0037841796874855645, 0.001415252685541476, 0.9004859924282055]",1,Tuberculosis-443.png
610980,0,137.97551522749512,0.8756553352161517,"[0.003013610839832254, 0.006946563720676625, 0.004302978515608585, 0.025386810302637532, 0.05240249633769072, 0.04831695556622193, 0.014488220214788482, 0.010883331298786608, 0.8342590331999425]",1,Tuberculosis-603.png
615825,0,73.84387230919766,0.8652571729076434,"[0.002952575683582487, 0.0058784484863057, 0.005432128906229278, 0.023490905761629138, 0.06026458740211386, 0.040130615234221914, 0.013069152831981394, 0.006172180175757705, 0.8426094055143638]",1,Tuberculosis-155.png
1945140,1,322.4669956274462,0.7197685109129562,"[0.00689697265622369, 0.01575851440423676, 0.009216308593714842, 0.048572540283017836, 0.1289634704584924, 0.09590530395471228, 0.02700424194325636, 0.014198303222602087, 0.653484344479929]",1,Tuberculosis-53.png
365925,0,39.32499082681018,0.9120196476695891,"[0.002597808837880715, 0.004703521728497683, 0.004184722900374661, 0.01567459106439333, 0.035297393798693476, 0.02554702758779317, 0.010253906249960884, 0.00451278686521716, 0.8972282409633742]",1,Tuberculosis-255.png
787950,0,217.95570495963793,0.8699798366467201,"[0.0032577514648313224, 0.0076599121093457795, 0.00502777099607457, 0.025871276855370058, 0.0556068420408035, 0.04594421386701224, 0.015472412109315978, 0.009429931640589027, 0.8317298889128428]",1,Tuberculosis-167.png
1809480,0,299.38859160958896,0.7004030007778301,"[0.005310058593729744, 0.013168334960887266, 0.009429931640589027, 0.05838394165016791, 0.12762069702099754, 0.11231231689410281, 0.02793502807606531, 0.01950836181633183, 0.6263313293433138]",1,Tuberculosis-304.png
2254200,0,269.62525226272027,0.6973152527729728,"[0.005088806152324338, 0.012081146240188289, 0.00875854492184159, 0.052333831786909736, 0.15976333618103117, 0.09872817993126401, 0.022712707519444608, 0.013839721679634705, 0.6266937255835469]",1,Tuberculosis-402.png
1437435,0,220.6027167930528,0.8472190747447801,"[0.004318237304671027, 0.007122039794894707, 0.004722595214825735, 0.027648925781144525, 0.07379531860323411, 0.04495620727521913, 0.011188507080035444, 0.00570678710935323, 0.8205413818328073]",1,Tuberculosis-405.png
829260,0,91.60840417074364,0.8916111843583608,"[0.0030441284179571373, 0.005519866943338318, 0.004882812499981373, 0.01839828491203919, 0.05152130126933471, 0.029338836669809954, 0.010150909423789403, 0.0047645568847474494, 0.8723793029751877]",1,Tuberculosis-110.png
2110380,0,263.76363365337573,0.7175001980237036,"[0.005741119384743724, 0.012203216552687824, 0.008312225341765166, 0.048484802245908794, 0.13853454589790903, 0.088504791259428, 0.019561767578050376, 0.010509490966756784, 0.6681480407689355]",1,Tuberculosis-657.png
2253945,0,270.2839484466732,0.6524145124273979,"[0.007297515869112787, 0.018013000488212534, 0.012992858886669185, 0.06504058837865814, 0.2014999389640751, 0.11068725585895275, 0.033439636230341185, 0.020561218261640316, 0.5304679870585233]",1,Tuberculosis-385.png
552840,0,144.2393896771037,0.7912136389650719,"[0.004924774169903088, 0.010269165039023326, 0.009464263915979522, 0.03903961181625733, 0.10040283203086699, 0.06974792480442144, 0.02324676513663007, 0.014961242675724178, 0.7279434204073794]",1,Tuberculosis-256.png
517140,0,83.1315053204501,0.7999004292989167,"[0.00272369384764586, 0.00825881958004662, 0.005832672119118375, 0.036827087402203265, 0.085655212402017, 0.08294296264616798, 0.02256011962882019, 0.016868591308529402, 0.7383308410616366]",1,Tuberculosis-363.png
1601910,1,214.7244564885029,0.6269256616125597,"[0.0072364807128630195, 0.01729202270501216, 0.012069702148391457, 0.07089233398410456, 0.17944335937431546, 0.13064575195262662, 0.03789138793930858, 0.02621078491200939, 0.518318176267554]",1,Tuberculosis-234.png
969765,0,142.2401923312133,0.882674849326443,"[0.0027465820312395227, 0.005641937255837852, 0.003959655761703645, 0.022022247314369116, 0.06266021728491722, 0.03684234619126571, 0.009124755859340191, 0.004844665527325269, 0.8521575927701868]",1,Tuberculosis-296.png
1110270,3,105.60317927470646,0.9175552370665602,"[0.002708435058583418, 0.006149291992164042, 0.0021972656249916182, 0.011161804199176171, 0.043811798095535995, 0.0373497009275919, 0.0056304931640410215, 0.0034942626952991704, 0.887496948238802]",1,Tuberculosis-605.png
475575,0,69.04970340019567,0.8892201110000963,"[0.002529144287099727, 0.004909515380840647, 0.0048332214355284375, 0.019996643066329967, 0.050937652587696315, 0.033252716064326275, 0.010723114013630968, 0.004974365234356024, 0.8678436279263769]",1,Tuberculosis-173.png
1150815,0,129.6081251528865,0.8394648775848444,"[0.004024505615219023, 0.008712768554654263, 0.005504608154275876, 0.028934478759655248, 0.07699203491181567, 0.056087493896270414, 0.014823913574162201, 0.010341644287069924, 0.7945785522430626]",1,Tuberculosis-548.png
931770,0,138.72804932118396,0.9084825978874943,"[0.0020141601562423165, 0.0042915344238117535, 0.0016670227050717657, 0.0159187316893924, 0.04439544677717439, 0.03040695190418088, 0.00553894042966637, 0.004142761230452947, 0.8916244506801925]",1,Tuberculosis-434.png
799680,0,175.54988686399216,0.8753495227036758,"[0.002769470214833185, 0.0070838928222386015, 0.004810333251934775, 0.024135589599517303, 0.05467605590799455, 0.03995513916000383, 0.012619018554639361, 0.007225036621066189, 0.8467254638639575]",1,Tuberculosis-68.png
505410,0,86.57859130381603,0.8677581810425382,"[0.002674102783192924, 0.006435394287084826, 0.00485229492185649, 0.022800445556553646, 0.05599212646463016, 0.042850494384602165, 0.014465332031194818, 0.007415771484346711, 0.8425140380827235]",1,Tuberculosis-157.png
748680,0,85.90483579990214,0.8855056920209983,"[0.002758026123036354, 0.0054435729980261095, 0.004451751708967393, 0.01950073242180061, 0.05084228515605605, 0.034217834472525716, 0.011043548583942247, 0.005294799804667302, 0.8664474487271635]",1,Tuberculosis-95.png
812940,0,67.33040300880624,0.8796218592602035,"[0.004016876220687801, 0.006534576415990697, 0.006404876708959942, 0.02094650268546697, 0.04708480834942976, 0.03226089477526756, 0.01259994506831131, 0.005661010742165904, 0.8644905090299053]",1,Tuberculosis-230.png
1183200,0,170.61970630503916,0.898803010408331,"[0.0026435852050680406, 0.005062103271465064, 0.003028869628894696, 0.01567840576165894, 0.05400466918924711, 0.02503585815420137, 0.004688262939435241, 0.0018920898437427822, 0.887966156002472]",1,Tuberculosis-448.png
851955,0,128.23400042808217,0.8623369187352005,"[0.0035934448242050418, 0.0065612792968499705, 0.005302429199198522, 0.022960662841709285, 0.06740188598607101, 0.040237426757659005, 0.011386871337847188, 0.00570678710935323, 0.836849212643292]",1,Tuberculosis-120.png
1072020,0,204.91932561766143,0.8756987942495621,"[0.002696990966786587, 0.005908966064430584, 0.0030517578124883583, 0.019786834716721394, 0.07137298583957148, 0.0396156311033645, 0.008239746093718567, 0.004302978515608585, 0.8450241088834952]",1,Tuberculosis-268.png
1193910,4,70.96639554794518,0.5874960867782665,"[0.004570007324201317, 0.023696899413972104, 0.01259994506831131, 0.10430145263632087, 0.15237808227480934, 0.20309066772383463, 0.057003021240016924, 0.058559417724385984, 0.38380050659033277]",1,Tuberculosis-289.png
867510,0,79.59301232265167,0.7855157418517055,"[0.002708435058583418, 0.006061553955055002, 0.00578689575193105, 0.03517150878892833, 0.1213264465327403, 0.07143402099582125, 0.015911102294861177, 0.010181427001914286, 0.7314186096163504]",1,Tuberculosis-541.png
352665,0,97.5283910225049,0.9079340987635303,"[0.001907348632805224, 0.005268096923808028, 0.002849578857411005, 0.015975952148376556, 0.03487777709947633, 0.035270690917834205, 0.011798858642533116, 0.0063743591308350585, 0.8856773376431057]",1,Tuberculosis-44.png
798915,0,140.57048067514677,0.8651587567129728,"[0.003173828124987893, 0.006637573242162179, 0.004592895507794979, 0.020301818847578805, 0.06150436401343725, 0.04454803466779881, 0.011455535888628176, 0.006443023681616047, 0.8413429260221811]",1,Tuberculosis-238.png
1600125,0,333.6841059197651,0.7136624134538123,"[0.007511138915986972, 0.016490936279233967, 0.011344909667925472, 0.05534744262674199, 0.12493133544874217, 0.10224151611289123, 0.032070159911987035, 0.021400451660074614, 0.6286621093726018]",1,Tuberculosis-536.png
866490,0,86.29614878913895,0.9257668084748346,"[0.0020484924316328105, 0.0031700134277222822, 0.002273559570303827, 0.012310028076124916, 0.03710937499985844, 0.019207000732348607, 0.004322052001936637, 0.0018730163574147299, 0.917686462398843]",1,Tuberculosis-430.png
527085,0,82.23536876223092,0.9099336580073397,"[0.0029335021972544343, 0.004440307617170561, 0.0032806396484249853, 0.015422821044863042, 0.03823471069321352, 0.027561187744035487, 0.009178161621058738, 0.004024505615219023, 0.8949241638149454]",1,Tuberculosis-35.png
2666790,1,348.30671324608613,0.7478736457825161,"[0.007278442382784735, 0.015064239501895659, 0.009597778320275887, 0.047733306884583535, 0.1177139282222072, 0.07571411132783618, 0.02054595947257787, 0.013980865478462293, 0.6923713684055619]",1,Tuberculosis-307.png
1158465,1,190.9236026174168,0.8922354888858552,"[0.002460479736318739, 0.00519561767576143, 0.002052307128898421, 0.015438079833925483, 0.05803680419899736, 0.02999114990222934, 0.004035949707015854, 0.0017852783203056897, 0.881004333492733]",1,Tuberculosis-383.png
643365,0,68.64969499143835,0.7457563586443436,"[0.002887725830067109, 0.00740814208981549, 0.0071029663085666545, 0.04141616821273263, 0.13423919677683166, 0.08844375610317824, 0.020980834960857463, 0.012317657470656137, 0.6852035522434798]",1,Tuberculosis-682.png
380715,0,57.48077452299413,0.9245373593857281,"[0.0021057128906169674, 0.003288269042956206, 0.0030021667480354224, 0.01293945312495064, 0.035320281982287136, 0.021915435790932025, 0.006942749023411015, 0.0032920837402218165, 0.911193847652774]",1,Tuberculosis-172.png
694875,0,74.29933647260275,0.8145625418947237,"[0.002681732177724145, 0.006324768066382123, 0.004692077636700851, 0.03038787841785283, 0.09517669677698068, 0.06845092773411388, 0.015357971191347663, 0.009971618652305711, 0.7669563293427774]",1,Tuberculosis-598.png
493425,0,70.984115092955,0.8717811417656015,"[0.0033760070800652464, 0.006843566894505143, 0.005073547363261896, 0.023181915283114692, 0.057250976562281605, 0.04121780395492089, 0.014869689941349526, 0.008552551269498625, 0.8396339416471876]",1,Tuberculosis-673.png
785910,0,117.52092251712331,0.9081526360330553,"[0.0018272399902274047, 0.003269195556628154, 0.0030364990234259164, 0.016975402831966493, 0.04479217529279788, 0.026180267333884504, 0.005352020263651458, 0.002376556396475309, 0.8961906433071282]",1,Tuberculosis-429.png
484755,0,94.10208231409001,0.8645739299406889,"[0.002624511718739988, 0.006031036376930118, 0.004455566406233003, 0.025096893310451136, 0.060413360595472664, 0.049430847167780186, 0.01533126831048839, 0.008731842040982315, 0.8278846740691075]",1,Tuberculosis-510.png
754035,0,113.98281937989236,0.7944174843069904,"[0.0024147033691314136, 0.008541107177701793, 0.005462646484354162, 0.03687286376939059, 0.09877777099571694, 0.08354568481413442, 0.019783020019455783, 0.01549148559564403, 0.7291107177706562]",1,Tuberculosis-562.png
473280,0,103.25105491682973,0.9185851757182703,"[0.0020103454589767062, 0.00468444824216963, 0.0034446716308462345, 0.017070770263606753, 0.031936645507690674, 0.025413513183496803, 0.009407043456995366, 0.005588531494119306, 0.9004440307582838]",1,Tuberculosis-628.png
550800,0,146.47270976027397,0.8853206924973853,"[0.002883911132801499, 0.006336212158178954, 0.004531860351545213, 0.021160125732341155, 0.04555130004865436, 0.037311553954935794, 0.013439178466745609, 0.0071182250976290955, 0.8616676330533536]",1,Tuberculosis-213.png
691050,0,129.5986882338552,0.8906829791775702,"[0.0027885437011612377, 0.006595611572240465, 0.002944946289051266, 0.018272399902274045, 0.0457839965818566, 0.040615081786954436, 0.012512207031202269, 0.007499694824190141, 0.8629875183072548]",1,Tuberculosis-14.png
373830,0,66.92547547700586,0.8959432493477006,"[0.0021743774413979554, 0.0044937133788891075, 0.004104614257796842, 0.01882553100578756, 0.04561996459943535, 0.03284072875964034, 0.010395050048788471, 0.004878997802715763, 0.8766670227017339]",1,Tuberculosis-124.png
461805,0,123.17215784001955,0.8569189597415391,"[0.003116607666003736, 0.007411956787081101, 0.005805969238259102, 0.027198791503802493, 0.058914184570087756, 0.04734420776349127, 0.017498016357355126, 0.009635925292931991, 0.8230743408171727]",1,Tuberculosis-51.png
1222980,0,183.48211610200585,0.8411346888281087,"[0.0035095214843616123, 0.007629394531220896, 0.005035400390605791, 0.030815124511601198, 0.08252716064421643, 0.049289703368952595, 0.013477325439401713, 0.008281707763640282, 0.7994346618621847]",1,Tuberculosis-210.png
1506795,2,212.6351669520547,0.8371637783737904,"[0.003288269042956206, 0.011051177978473468, 0.004776000976544281, 0.03598403930650335, 0.058704376220479186, 0.06503295898412692, 0.015724182128846267, 0.01879501342766268, 0.7866439819305929]",1,Tuberculosis-338.png
925905,0,214.60531586350294,0.8527501447683946,"[0.0024299621581938555, 0.007843017578095081, 0.002990722656238591, 0.024738311767483756, 0.05614089965798896, 0.05950927734352299, 0.014068603515571333, 0.010967254638630039, 0.8213119506804607]",1,Tuberculosis-88.png
1077375,0,185.16380641511742,0.8368497002479987,"[0.003337860107409142, 0.006607055664037296, 0.004238128662093207, 0.02443695068350053, 0.08457946777311486, 0.04938888549785847, 0.010623931884725098, 0.005413055419901226, 0.8113746643035454]",1,Tuberculosis-352.png
474045,0,115.28150990704499,0.8848967930765104,"[0.0027122497558490287, 0.0057487487792749455, 0.0038108825683448376, 0.019802093505783835, 0.04796981811505138, 0.04076004028304764, 0.013759613037056886, 0.006923675537082963, 0.8585128784146937]",1,Tuberculosis-64.png
883830,0,65.38237677348337,0.898517473938624,"[0.002452850341787518, 0.005035400390605791, 0.003738403320298239, 0.016471862792905915, 0.056171417236113845, 0.03092956542956951, 0.00851821899410813, 0.005130767822246052, 0.8715515136685502]",1,Tuberculosis-408.png
484755,0,94.10208231409001,0.8645739299406889,"[0.002624511718739988, 0.006031036376930118, 0.004455566406233003, 0.025096893310451136, 0.060413360595472664, 0.049430847167780186, 0.01533126831048839, 0.008731842040982315, 0.8278846740691075]",1,Tuberculosis-509.png
393210,0,88.10079806751466,0.8784026753521972,"[0.002460479736318739, 0.00655746459958436, 0.004405975341780067, 0.02136230468741851, 0.047897338867004785, 0.04129791259749871, 0.014064788818305722, 0.00816726684567197, 0.8537864685026024]",1,Tuberculosis-73.png
1807185,0,236.91913450954007,0.7346996208040782,"[0.0040893554687344005, 0.011619567871049424, 0.008792877197232082, 0.05510711669900853, 0.1143913269038605, 0.10604476928670484, 0.024799346923733524, 0.01855468749992922, 0.6566009521459327]",1,Tuberculosis-577.png
798150,0,181.1066077544031,0.865078777581859,"[0.0032806396484249853, 0.008247375488249789, 0.004802703857403554, 0.023475646972566697, 0.05250549316386221, 0.046874999999821185, 0.014465332031194818, 0.009860992431603008, 0.836486816403059]",1,Tuberculosis-86.png
976140,0,138.22994893591,0.8660245167108941,"[0.0025596618652246107, 0.005668640136697126, 0.0035705566406113794, 0.01933670043937936, 0.07009124755832637, 0.038543701171727965, 0.009296417236292662, 0.004535675048810823, 0.846397399899115]",1,Tuberculosis-370.png
601035,0,95.22173128669274,0.8776425684814189,"[0.0034599304199086764, 0.007244110107394241, 0.004169464111312219, 0.02207565307608766, 0.053920745849403685, 0.04277420043928995, 0.015087127685489322, 0.007991790771453889, 0.8432769775358456]",1,Tuberculosis-9.png
660195,0,125.1472144080235,0.8727666128785861,"[0.002910614013660772, 0.007484436035127699, 0.004787445068341112, 0.024475097656156634, 0.056980133056423264, 0.04188919067366833, 0.014472961425726039, 0.008152008056609527, 0.8388481140104719]",1,Tuberculosis-60.png
1409385,2,74.25519049657534,0.4774018050130316,"[0.005065917968730675, 0.02331924438467667, 0.015865325927673854, 0.11458969116167225, 0.23587036132722522, 0.2260055541983566, 0.06049346923805048, 0.05390930175760685, 0.26488113403219266]",1,Tuberculosis-218.png
851700,0,150.86628546966725,0.8858613698029869,"[0.0026779174804585346, 0.006309509277319681, 0.004371643066389573, 0.022857666015537806, 0.05303192138651645, 0.039810180663910635, 0.011791229248001895, 0.006889343261692469, 0.8522605895963582]",1,Tuberculosis-81.png
1202070,0,238.91294642857136,0.8871532907060872,"[0.0037422180175638495, 0.008632659912076443, 0.004554748535138875, 0.02075576782218645, 0.04104995727523403, 0.04022598266586217, 0.012023925781204132, 0.00988388061519667, 0.8591308593717226]",1,Tuberculosis-521.png
337365,0,91.90951412671232,0.8925644792616306,"[0.0023574829101472568, 0.006271362304663576, 0.0037345886230326286, 0.018493652343679452, 0.04202651977523031, 0.03557205200181743, 0.012462615966749333, 0.007980346679657057, 0.8711013793912082]",1,Tuberculosis-75.png
886635,0,145.6357135212818,0.8974396937873907,"[0.0022201538085852806, 0.005092620849589948, 0.002964019775379318, 0.017566680908136113, 0.05092620849589948, 0.03332519531237287, 0.007617950439424065, 0.004165649414046609, 0.8761215209927515]",1,Tuberculosis-511.png
669885,0,97.08558203889433,0.8919426235079451,"[0.0034370422363150135, 0.006011962890602066, 0.0053253173827921855, 0.018657684326100703, 0.045154571533030874, 0.029106140136607717, 0.0104789733886319, 0.00493621826169992, 0.8768920898404049]",1,Tuberculosis-493.png
1625370,4,199.0508615154109,0.5826917014088213,"[0.00579071044919666, 0.018280029296805268, 0.015174865722598362, 0.08945846557583062, 0.19454956054613284, 0.15526580810487645, 0.042091369628745684, 0.032661437988156655, 0.44672775268384274]",1,Tuberculosis-184.png
1616700,0,298.7280646098337,0.6285548355844985,"[0.006195068359351368, 0.016613006591733502, 0.011642456054643088, 0.07496643066377652, 0.1713523864739557, 0.1587219238275195, 0.03697586059556207, 0.029743194579964664, 0.49378967284967884]",1,Tuberculosis-351.png
467160,0,71.1548854880137,0.7446925146996419,"[0.003856658935532163, 0.010253906249960884, 0.009513854980432458, 0.04828262329083144, 0.10909652709919321, 0.0998954772945408, 0.027725219726456737, 0.01823043823235233, 0.6731452941868853]",1,Tuberculosis-594.png
619650,0,93.14148116438356,0.8306282019424064,"[0.003974914550766087, 0.008632659912076443, 0.006732940673802441, 0.03215789794909608, 0.07770538330048482, 0.05470275878885383, 0.019302368163988868, 0.009952545165977659, 0.786838531491139]",1,Tuberculosis-11.png
1238790,1,227.04901541095887,0.8188473673790271,"[0.0036621093749860303, 0.008640289306607665, 0.00545120239255733, 0.03057098388660213, 0.08858489990200583, 0.061111450195079374, 0.014869689941349526, 0.009571075439416614, 0.7775382995575808]",1,Tuberculosis-377.png
396015,0,84.64278069960861,0.8943987401437278,"[0.0021781921386635657, 0.004978179931621635, 0.004009246826156581, 0.019599914550706483, 0.04307937622053879, 0.03356170654284072, 0.010765075683552684, 0.005317687988260964, 0.8765106201138438]",1,Tuberculosis-140.png
659430,0,89.05643040606654,0.7943023957097899,"[0.0024719238281155705, 0.006507873535131424, 0.005466461181619772, 0.031856536865112854, 0.1081466674800562, 0.07189941406222572, 0.017028808593685038, 0.009841918945274955, 0.7467803955049638]",1,Tuberculosis-490.png
2162145,0,450.78499571917797,0.7621709734506814,"[0.006065368652320612, 0.014930725097599294, 0.008289337158171503, 0.044460296630689775, 0.09731674194298814, 0.08831024169888187, 0.025768280029198575, 0.018115997314384017, 0.6967430114719515]",1,Tuberculosis-45.png
1225020,1,153.87093321917808,0.600764036795182,"[0.004589080810529369, 0.016712188720639374, 0.01328277587885558, 0.08234405517546713, 0.1890869140617787, 0.15399551391542818, 0.039810180663910635, 0.03332519531237287, 0.46685409545720347]",1,Tuberculosis-295.png
1381845,0,222.04207436399216,0.5819158450879157,"[0.004928588867168699, 0.015201568603457635, 0.01277160644526378, 0.08002471923797598, 0.2200469970694731, 0.1591567993157991, 0.039115905761569536, 0.025096893310451136, 0.4436569213850263]",1,Tuberculosis-629.png
1315800,0,128.2427646465264,0.5891951677654375,"[0.00545501708982294, 0.013584136962838805, 0.012210845947219044, 0.07041549682590326, 0.20677185058514871, 0.14388275146429488, 0.03279113769518741, 0.021335601806559235, 0.493553161619211]",1,Tuberculosis-676.png
385560,0,100.42788343933464,0.8953704680408534,"[0.0022506713867101644, 0.006336212158178954, 0.003288269042956206, 0.019802093505783835, 0.03798294067368323, 0.038005828857276894, 0.013668060302682234, 0.009151458740199465, 0.8695144653287142]",1,Tuberculosis-21.png
1021275,0,105.94608457681018,0.8288137284816955,"[0.002674102783192924, 0.005546569824197592, 0.005249023437479976, 0.029964447021370067, 0.08843612670864702, 0.05220413207987898, 0.013320922851511685, 0.0062217712402106405, 0.7963829040496964]",1,Tuberculosis-232.png
1174530,0,139.6959622676125,0.8586666573543076,"[0.0041580200195153886, 0.00740814208981549, 0.0066795349120838945, 0.024055480956939487, 0.06159210205054629, 0.03680801391587521, 0.012695312499951572, 0.005737304687478114, 0.8408660888639798]",1,Tuberculosis-250.png
1128885,0,189.54324012353226,0.8375515858416165,"[0.003047943115222748, 0.006496429443334593, 0.004981994628887245, 0.02655792236317994, 0.07748413085907942, 0.05175781249980256, 0.011016845703082975, 0.005187988281230209, 0.8134689331023656]",1,Tuberculosis-547.png
1466505,0,176.89195129036204,0.7324460101987198,"[0.005031585693340181, 0.012443542480421281, 0.010169982910117455, 0.05577087402322475, 0.128810882567868, 0.09757995605431526, 0.02648544311513334, 0.018833160400318783, 0.6448745727514462]",1,Tuberculosis-247.png
859350,0,240.99467190557732,0.8322654715606335,"[0.0034751892089711182, 0.010089874267539635, 0.005390167236307563, 0.03148651123034864, 0.06583786010717071, 0.06076049804664321, 0.02035903930656296, 0.014461517333929209, 0.7881393432587123]",1,Tuberculosis-181.png
785145,0,113.55582650440316,0.8609394349634252,"[0.0036621093749860303, 0.006637573242162179, 0.00493621826169992, 0.023357391357332773, 0.060390472411879004, 0.041259765624842605, 0.013576507568307585, 0.006195068359351368, 0.8399848937956238]",1,Tuberculosis-52.png
465630,0,125.34677715264188,0.913003946913138,"[0.0026359558105368197, 0.0058822631835713105, 0.00272369384764586, 0.01583480834954897, 0.030277252197150127, 0.03269958496081276, 0.01199722290034486, 0.007934570312469733, 0.8900146484341048]",1,Tuberculosis-41.png
715785,0,106.78446061643832,0.9155170572636209,"[0.0022163391113196704, 0.0034599304199086764, 0.0025863647460838838, 0.012588500976514478, 0.043540954589677654, 0.02129364013663752, 0.005161285400370936, 0.0021934509277260076, 0.9069595336879465]",1,Tuberculosis-393.png
1343595,0,271.5955005503913,0.8035372930031947,"[0.0042228698730307655, 0.010753631591755852, 0.007442474365205984, 0.03718948364243626, 0.07917022705047924, 0.06734848022435246, 0.01958847045890965, 0.012062072753860236, 0.7622222900361548]",1,Tuberculosis-473.png
515355,0,63.658359833659475,0.8922680260622144,"[0.0023345947265535944, 0.0046806335449040195, 0.004810333251934775, 0.01901245117180247, 0.04893112182598522, 0.03253936767565712, 0.010318756103476262, 0.0044937133788891075, 0.8728790283169827]",1,Tuberculosis-147.png
800190,0,56.435673006360055,0.9020812192976041,"[0.0026016235351463256, 0.0042228698730307655, 0.0039062499999850987, 0.017177581787043848, 0.04878616332989202, 0.026283264160055986, 0.007736206054657989, 0.003200531005847166, 0.8860855102505261]",1,Tuberculosis-136.png
2013225,1,330.5167181384541,0.576296609036848,"[0.006748199462864883, 0.01610946655267292, 0.013488769531198545, 0.07485961914033944, 0.21539306640542832, 0.1387481689447832, 0.03542709350572423, 0.02171707153312028, 0.47750854492005346]",1,Tuberculosis-356.png
514590,0,51.78663160469667,0.8907001401335152,"[0.003059387207019579, 0.005905151367164974, 0.004756927490216229, 0.018760681152272182, 0.04552459716779508, 0.033306121826044824, 0.012229919433547096, 0.005638122558572242, 0.8708190917935531]",1,Tuberculosis-252.png
607665,0,118.36659124266141,0.8656374134004079,"[0.003032684326160306, 0.007164001464816421, 0.004608154296857421, 0.02477645874013986, 0.055450439452913475, 0.04474258422834494, 0.015110015869082984, 0.009273529052698999, 0.8358421325651708]",1,Tuberculosis-130.png
1166370,0,201.92726424902145,0.867141205953534,"[0.0038948059081882675, 0.008316040039030777, 0.00528335571287047, 0.025665283203027096, 0.05677032470681469, 0.045829772949043925, 0.014438629150335546, 0.007450103759737205, 0.8323516845671373]",1,Tuberculosis-174.png
520455,0,89.03332925636006,0.9448592822333294,"[0.0016784667968685971, 0.003143310546863009, 0.0021095275878825776, 0.00995635986324327, 0.026695251464741915, 0.01439666748041383, 0.003982543945297307, 0.002731323242177081, 0.9353065490686977]",1,Tuberculosis-506.png
1556010,1,178.62170911815068,0.8754399875917958,"[0.0037498474120950705, 0.007160186767550811, 0.0037117004394389658, 0.02104187011710723, 0.0616683959958585, 0.033882141113152, 0.0074577331542684255, 0.003952026367172424, 0.8573760986295419]",1,Tuberculosis-341.png
1087065,0,156.25940251956942,0.8589371564766738,"[0.0028114318847549, 0.005466461181619772, 0.0035667419433457687, 0.021335601806559235, 0.07271957397433197, 0.04142761230452947, 0.009315490722620714, 0.004211425781233935, 0.8391456603971895]",1,Tuberculosis-416.png
835890,0,191.55500856164383,0.8945412878848279,"[0.0019874572753830434, 0.0047492980956850075, 0.002944946289051266, 0.01704025268548187, 0.05443572998026109, 0.02911758422840455, 0.007228851318331799, 0.004039764404281465, 0.8784561157193052]",1,Tuberculosis-554.png
552075,0,124.916302287182,0.9356068779294204,"[0.0009384155273401702, 0.0022697448730382166, 0.0011940002441360703, 0.010440826415975796, 0.036586761474469806, 0.017353057861261928, 0.0025100708007716748, 0.0010375976562460418, 0.9276695251429455]",1,Tuberculosis-570.png
1360425,0,138.1653161692759,0.7417660730855183,"[0.004165649414046609, 0.010318756103476262, 0.008010864257781941, 0.04108810424789013, 0.12568664550733305, 0.08166122436492286, 0.020080566406173398, 0.012130737304641225, 0.6968574523899198]",1,Tuberculosis-539.png
1138320,0,126.71112478595893,0.8240190611421548,"[0.0030670166015508, 0.006263732910132356, 0.005935668945289857, 0.03150177001941108, 0.08806228637661719, 0.05269241332987712, 0.013053894042918953, 0.005268096923808028, 0.7941551208465799]",1,Tuberculosis-455.png
1437945,0,156.08783711472597,0.527814297322825,"[0.005550384521463202, 0.019371032714769854, 0.015335083007754002, 0.09511947631799653, 0.21836471557533887, 0.18840408325123442, 0.04769515991192743, 0.037357330322123114, 0.37280273437357786]",1,Tuberculosis-327.png
896325,0,94.04813631360079,0.5841831240763249,"[0.004722595214825735, 0.02103424072257601, 0.01430130004877357, 0.10391616821249422, 0.15883636474548785, 0.19388961791918224, 0.05523681640603929, 0.05518722534158635, 0.39287567138522006]",1,Tuberculosis-420.png
1821975,1,181.66577865092958,0.5563192781517222,"[0.007179260253878863, 0.022438049316320655, 0.01678085327142036, 0.09568405151330686, 0.23058700561435475, 0.17191314697200044, 0.05091476440410265, 0.04135513305648287, 0.3631477355943178]",1,Tuberculosis-411.png
507960,0,127.85009478962817,0.8667446007628989,"[0.0029335021972544343, 0.007072448730441771, 0.005096435546855558, 0.024726867675686923, 0.05416488647440275, 0.044059753417800676, 0.01600265502923583, 0.008945465087856501, 0.8369979858366509]",1,Tuberculosis-312.png
1232160,0,183.38419612279841,0.8092581215619123,"[0.005237579345683145, 0.009845733642540567, 0.00970458984371298, 0.03168869018542599, 0.08122634887664328, 0.05760955810524899, 0.01712036132805969, 0.00878143310543525, 0.7787857055634354]",1,Tuberculosis-486.png
1951515,0,295.304893896771,0.81082283883189,"[0.004657745361310357, 0.012416839599562008, 0.005588531494119306, 0.039134979247897585, 0.08555984497037673, 0.05573654174783425, 0.013744354247994445, 0.015434265136659872, 0.7677268981904307]",1,Tuberculosis-495.png
755310,0,60.32264401908021,0.9117153924670797,"[0.0031967163085815553, 0.005718231201150062, 0.004215240478499545, 0.015110015869082984, 0.03646850585923588, 0.02571868896474564, 0.008968353271450163, 0.004760742187481839, 0.8958435058559576]",1,Tuberculosis-253.png
421005,0,77.29040025684931,0.9033576573347313,"[0.0020027160644454853, 0.005004882812480908, 0.0023193359374911525, 0.016532897949155682, 0.03958892822250523, 0.036212921142439986, 0.010608673095662656, 0.005889892578102532, 0.8818397521939016]",1,Tuberculosis-24.png
1098030,0,186.29800636007823,0.9249045796574009,"[0.0027465820312395227, 0.0049171447753718674, 0.0019874572753830434, 0.010185241699179896, 0.038253784179541575, 0.014926910400333683, 0.003101348876941294, 0.0013427734374948778, 0.9225387573206996]",1,Tuberculosis-266.png
547485,0,97.6987295132094,0.8739105642198054,"[0.0030937194824100732, 0.0071372985839571485, 0.0044288635253737305, 0.023109436035068095, 0.05287933349589203, 0.045181274413890145, 0.015640258789002836, 0.008796691894497694, 0.8397331237760935]",1,Tuberculosis-8.png
1319880,0,182.61609818370843,0.8870056610793328,"[0.0035018920898303913, 0.00672912597653683, 0.0036315917968611465, 0.017982482910087652, 0.05774688720681096, 0.031055450439334657, 0.006740570068333661, 0.003192901611315945, 0.8694190978970741]",1,Tuberculosis-353.png
639030,0,104.14818523727985,0.8482035271840553,"[0.0031967163085815553, 0.007064819335910549, 0.005065917968730675, 0.02705764770497491, 0.06953430175754724, 0.0555343627927569, 0.015701293945252603, 0.008552551269498625, 0.8082923889129322]",1,Tuberculosis-188.png
634695,0,91.46677776418787,0.8886969356231907,"[0.0026283264160055987, 0.005287170410136081, 0.004287719726546143, 0.01848983764641384, 0.04922485351543722, 0.032928466796749385, 0.010372161865194808, 0.004783630371075502, 0.8719978332486267]",1,Tuberculosis-108.png
950130,0,178.36998914505864,0.8223150602071823,"[0.002971649169910539, 0.007530212402315025, 0.004425048828108119, 0.028736114501843504, 0.08546829223600208, 0.058105468749778344, 0.013496398925729765, 0.008892059326137954, 0.79037475585636]",1,Tuberculosis-293.png
1047285,0,141.9601692453522,0.8797773651375906,"[0.00246810913084996, 0.005405426025370005, 0.0038108825683448376, 0.025024414062404538, 0.057193756103297445, 0.041793823242028065, 0.009716033935509811, 0.005508422851541487, 0.8490791320768392]",1,Tuberculosis-508.png
883065,0,168.63335524706457,0.9050575866317844,"[0.0027046203613178077, 0.0044631958007642246, 0.002922058105457603, 0.016033172607360712, 0.047145843505679526, 0.024311065673735383, 0.005992889404274014, 0.002578735351552663, 0.8938484191860433]",1,Tuberculosis-208.png
2277660,4,318.61762322651657,0.7109544366240326,"[0.007091522216769823, 0.01583099365228336, 0.010665893554646812, 0.053245544433390635, 0.14672851562444028, 0.08750152587857246, 0.024906158447170614, 0.01406097412104011, 0.6399688720678712]",1,Tuberculosis-684.png
1161525,0,160.39087726272018,0.9102155941754276,"[0.002445220947256297, 0.004356384277327131, 0.002502441406240454, 0.013751983642525665, 0.04504013061506256, 0.020832061767498657, 0.0036735534667828615, 0.0012550354003858374, 0.9061431884731058]",1,Tuberculosis-441.png
1605735,0,181.92133989726022,0.5925574707400831,"[0.00689697265622369, 0.020278930663985142, 0.01506805419916127, 0.09046554565395178, 0.20061111450118785, 0.15834426879822408, 0.04624938964826107, 0.03657150268540736, 0.42551422118978305]",1,Tuberculosis-423.png
886635,0,177.2435176125245,0.8545489037015797,"[0.002956390380848097, 0.007282257080050345, 0.004848480224590879, 0.02521514892568506, 0.05847167968727695, 0.04718780517560124, 0.013854980468697146, 0.007427215576143543, 0.8327560424772921]",1,Tuberculosis-138.png
2147865,0,374.8081618456458,0.7313874169333393,"[0.006343841552710175, 0.01557922363275307, 0.00833511352535883, 0.05215072631816044, 0.11886215209915595, 0.10114288330039542, 0.02442169189443809, 0.022521972656164086, 0.6506423950170492]",1,Tuberculosis-207.png
403155,0,82.47050819471625,0.9035719152685809,"[0.0020904541015545255, 0.005134582519511663, 0.002922058105457603, 0.01670455932610815, 0.03976821899398892, 0.034297943115103535, 0.010536193847616056, 0.0057983398437278805, 0.882747650143117]",1,Tuberculosis-43.png
369240,0,75.43729360322897,0.8991445990843953,"[0.002742767333973912, 0.005905151367164974, 0.0034294128417837926, 0.018363952636648695, 0.04302215576155463, 0.03407287597643252, 0.01166152954097114, 0.0074234008788779315, 0.8733787536587777]",1,Tuberculosis-78.png
921825,1,99.07310650073384,0.7598105610997701,"[0.0015716552734315046, 0.009895324706993502, 0.0058784484863057, 0.04455947875959564, 0.10481262206991267, 0.09599685668908692, 0.02281188964835048, 0.0207748413085145, 0.6936988830539944]",1,Tuberculosis-555.png
389640,0,80.52785591976516,0.906678620048772,"[0.002826690673817342, 0.00570297241208762, 0.0031547546386598404, 0.01728057861321533, 0.03853607177719674, 0.03340148925768508, 0.011875152587845324, 0.007858276367157522, 0.8793640136685205]",1,Tuberculosis-76.png
850680,0,116.48229192147745,0.8252491292939069,"[0.002960205078113708, 0.00664138793942779, 0.006626129150365348, 0.03458404541002432, 0.08468627929655194, 0.054431915282995486, 0.015094757080020543, 0.008186340332000022, 0.7867889404266861]",1,Tuberculosis-229.png
1180395,2,150.64932424168296,0.6664700850375419,"[0.0036506652831891986, 0.019474029540941337, 0.010513305664022395, 0.08807754516567963, 0.12861633300732186, 0.15985488891540584, 0.04688644409161802, 0.04788589477520795, 0.49504089355279907]",1,Tuberculosis-453.png
1148010,0,165.31387597847356,0.8427137329389758,"[0.002666473388661703, 0.006275177001929187, 0.004325866699202248, 0.02478027343740547, 0.079231262206729, 0.0430107116697578, 0.010955810546833207, 0.005012512207012129, 0.8237419128386545]",1,Tuberculosis-360.png
962370,0,115.10384050880626,0.8572292920316341,"[0.003627777099595536, 0.007553100585908687, 0.005485534667947824, 0.02357482910147257, 0.06657791137669915, 0.041767120361168794, 0.01395797729486863, 0.0067138671874743885, 0.8307418823210497]",1,Tuberculosis-103.png
359805,0,93.23522352005871,0.8904015991674405,"[0.0023307800292879837, 0.0063056945800540705, 0.0038032531738136166, 0.018672943115163144, 0.04394531249983236, 0.035400390624864955, 0.012615203857373752, 0.007778167724579703, 0.8691482543912157]",1,Tuberculosis-77.png
634950,0,132.67390456824853,0.894064915821131,"[0.0032577514648313224, 0.00638198852536628, 0.003990173339828529, 0.018711090087819248, 0.047874450683411125, 0.03347015380846607, 0.012107849121047561, 0.006744384765599272, 0.8674621581998159]",1,Tuberculosis-214.png
484755,0,79.26300299657537,0.8584429234310434,"[0.003269195556628154, 0.0067977905273178185, 0.005676269531228346, 0.02605056762685375, 0.061332702636484784, 0.04502487182600012, 0.016151428222594636, 0.008197784423796853, 0.8274993896452808]",1,Tuberculosis-49.png
566865,0,93.93715600538161,0.8987146253667642,"[0.002513885498037285, 0.006355285644507006, 0.004230499267561987, 0.02350997924795719, 0.04341888427717812, 0.04365539550764597, 0.01311111450190311, 0.01063919067378754, 0.8525657653776071]",1,Tuberculosis-428.png
846600,0,103.99350996819958,0.904613547607197,"[0.002502441406240454, 0.00451278686521716, 0.002986907958972981, 0.016567230224546176, 0.047611236572084, 0.028503417968641268, 0.00681304931638026, 0.0034446716308462345, 0.8870582580532568]",1,Tuberculosis-346.png
420750,0,138.3703293175147,0.9010677090067503,"[0.0022125244140540597, 0.00578689575193105, 0.0034103393554557404, 0.019962310790939474, 0.03840637207016599, 0.0377540588377466, 0.013271331787058749, 0.008308410644499555, 0.870887756344334]",1,Tuberculosis-4.png
599505,0,119.9319158206947,0.7914683195214954,"[0.002918243408191993, 0.006584167480443633, 0.006114959716773548, 0.0385551452635248, 0.1067199707027179, 0.07600402832002257, 0.018318176269461372, 0.010112762451133298, 0.7346725463839162]",1,Tuberculosis-469.png
589815,0,122.64375917318978,0.9162314541628588,"[0.002052307128898421, 0.0037269592285014076, 0.0018959045410083927, 0.010017395019493036, 0.040988922118984264, 0.025897979736229332, 0.004928588867168699, 0.0019798278808518224, 0.90851211547505]",1,Tuberculosis-398.png
434010,0,80.29030852495109,0.8842072685312724,"[0.0027389526367083018, 0.006080627441383054, 0.004074096679671959, 0.02130889892569996, 0.05223083496073826, 0.03896713256821072, 0.014167785644477203, 0.007465362548799647, 0.8529663085904962]",1,Tuberculosis-158.png
2562495,1,328.97767474926604,0.759455093987534,"[0.007698059082001884, 0.013214111328074592, 0.008945465087856501, 0.040290832519377554, 0.11381912231401893, 0.061119079589610596, 0.01576232910150237, 0.010715484619099748, 0.7284355163546431]",1,Tuberculosis-472.png
1543515,0,181.8782526602251,0.8411662927326716,"[0.004520416259748381, 0.010650634765584371, 0.0064086914062255525, 0.03066253662097678, 0.06282806396460408, 0.05030059814433937, 0.01515960693353592, 0.012817382812451105, 0.8066520690887197]",1,Tuberculosis-614.png
1065135,0,164.82471563111542,0.9004995365782295,"[0.0021743774413979554, 0.004817962646465996, 0.002693176269520976, 0.014873504638615137, 0.05028152465801131, 0.025821685790917124, 0.004451751708967393, 0.0017166137695247016, 0.8931694030727647]",1,Tuberculosis-447.png
820845,0,181.93324211105676,0.7981177847229511,"[0.004146575927718557, 0.010688781738240475, 0.007293701171847177, 0.04033660888656488, 0.08412933349577283, 0.07826614379852956, 0.024154663085845355, 0.01875686645500657, 0.7322273254366599]",1,Tuberculosis-499.png
1110525,0,182.38842725660467,0.8592713225034927,"[0.0030364990234259164, 0.006401062011694332, 0.004535675048810823, 0.025993347167869593, 0.06529617309545403, 0.04421234130842509, 0.011436462402300123, 0.005397796630838784, 0.8336906433073665]",1,Tuberculosis-191.png
604605,0,139.06868425880626,0.8791901317281201,"[0.002929687499988824, 0.007194519042941305, 0.004379272460920795, 0.022354125976477224, 0.04925918579082771, 0.04189300537093394, 0.014526367187444586, 0.00835800170895249, 0.8491058349576984]",1,Tuberculosis-99.png
541110,0,128.8494985322896,0.8137177345583975,"[0.003242492675768881, 0.007377624511690607, 0.0063896179198975, 0.033763885497918075, 0.09582901000940007, 0.0650253295895957, 0.018062591552665472, 0.00851821899410813, 0.7617912292451409]",1,Tuberculosis-317.png
1214820,0,158.8664727556262,0.8513844348077456,"[0.004577636718732537, 0.008552551269498625, 0.00595855712888352, 0.02307128906241199, 0.06522750854467305, 0.04273223876936824, 0.013149261474559214, 0.006687164306615115, 0.830043792721443]",1,Tuberculosis-528.png
967725,0,118.30894538894323,0.8569338845834392,"[0.0038871765136570466, 0.006900787353489301, 0.003627777099595536, 0.02206420898429083, 0.06901550292942422, 0.04656600952130674, 0.011180877685504223, 0.006851196289036365, 0.829906463619881]",1,Tuberculosis-659.png
754800,0,126.17976394324855,0.7906421122660158,"[0.002796173095692458, 0.007587432861299181, 0.005825042724587154, 0.04109191894515574, 0.10707855224568527, 0.07625961303681847, 0.018013000488212534, 0.014862060546818306, 0.7264862060519162]",1,Tuberculosis-271.png
1066920,0,219.20709622676117,0.862350792470168,"[0.004253387451155649, 0.008361816406218102, 0.005298614501932912, 0.024642944335843495, 0.06414794921850529, 0.04592895507794979, 0.014183044433539646, 0.008655548095670106, 0.8245277404753703]",1,Tuberculosis-392.png
729045,0,82.56852372798434,0.8900545840434438,"[0.0018577575683522882, 0.004467010498029835, 0.003192901611315945, 0.019287109374926423, 0.052490234374799764, 0.03744888305649777, 0.00876617431637281, 0.004981994628887245, 0.8675079345670031]",1,Tuberculosis-540.png
1087065,0,166.62294367661448,0.834385962752344,"[0.0038795471191258256, 0.008163452148406358, 0.0061531066894296525, 0.02937316894520045, 0.07638931274384922, 0.054023742675575165, 0.015880584716736295, 0.00827026367184345, 0.7978668212860188]",1,Tuberculosis-489.png
335070,0,72.15916248776908,0.8778368526639085,"[0.0024375915527250764, 0.005931854248024246, 0.005165100097636546, 0.02264785766592923, 0.048995971679500594, 0.03937149047836543, 0.013984680175727902, 0.006877899169895637, 0.8545875549283806]",1,Tuberculosis-28.png
502860,0,103.50483503546965,0.9545667426614449,"[0.0010414123535116523, 0.0036163330077987046, 0.0007553100585908687, 0.010681152343709255, 0.01514816284173909, 0.023471832275301086, 0.005329132080057796, 0.006031036376930118, 0.9339256286585467]",1,Tuberculosis-211.png
2326620,1,337.3523804427593,0.7126465111291722,"[0.0069160461425517425, 0.014770507812443654, 0.010356903076132367, 0.05825805664040276, 0.13416671752878506, 0.09152603149379147, 0.02272796630850705, 0.019393920898363518, 0.6418838500952077]",1,Tuberculosis-680.png
1248735,4,82.82054947407043,0.5692657568783724,"[0.004875183105450153, 0.022037506103431557, 0.014026641845649617, 0.0946769714351857, 0.20638656616132206, 0.1965484619133127, 0.05397415161112223, 0.04806518554669165, 0.35940933227401956]",1,Tuberculosis-389.png
679320,0,152.37108610567515,0.8638878827735199,"[0.002883911132801499, 0.007770538330048483, 0.005226135253886314, 0.02674865722646046, 0.05747222900368701, 0.047409057617006645, 0.01652908325189007, 0.010169982910117455, 0.8257904052702874]",1,Tuberculosis-61.png
1394085,0,316.349349467955,0.5633248827947421,"[0.008625030517545222, 0.021331787109293624, 0.017509460449151956, 0.08414077758756965, 0.20149230956954386, 0.15803909301697525, 0.049510955810358005, 0.03189849853503456, 0.4274520874007131]",1,Tuberculosis-245.png
466395,0,87.0809839774951,0.8484084095479859,"[0.002544403076162169, 0.006347656249975786, 0.004131317138656115, 0.029026031494029898, 0.07027053832981006, 0.05875778198219773, 0.014663696289006562, 0.013317108154246074, 0.8009414672821009]",1,Tuberculosis-2.png
875925,0,140.6153528620352,0.6425346469782379,"[0.0034217834472525716, 0.01532745361322278, 0.011825561523392389, 0.0787200927731372, 0.15046691894473851, 0.1603126525872791, 0.04363250732405231, 0.033256530761591886, 0.5030364990215186]",1,Tuberculosis-287.png
1044225,0,171.93839438600784,0.895005259127546,"[0.0022926330566318794, 0.005142211914042884, 0.002830505371082952, 0.01907348632805224, 0.04920959472637478, 0.03263092041003177, 0.007858276367157522, 0.003955841064438035, 0.8770065307583732]",1,Tuberculosis-274.png
2018580,2,234.88663466242662,0.8723550265632243,"[0.004669189453107189, 0.009223937988246063, 0.004726409912091345, 0.021770477294838827, 0.05970764160133473, 0.03065109252917995, 0.007278442382784735, 0.0035324096679552747, 0.8584403991666472]",1,Tuberculosis-379.png
2043315,4,272.9686888454011,0.8101081665585397,"[0.004440307617170561, 0.010437011718710186, 0.00519180297849582, 0.030090332031135213, 0.09777069091759578, 0.05600357055642698, 0.010761260986287075, 0.006370544433569448, 0.7789344787567942]",1,Tuberculosis-186.png
996795,0,159.94651265900194,0.8846615315461662,"[0.0024375915527250764, 0.006195068359351368, 0.0036582946777204196, 0.022499084472570423, 0.051902770995895756, 0.03942871093734959, 0.00995635986324327, 0.006851196289036365, 0.857070922848293]",1,Tuberculosis-607.png
681360,0,78.3911295254403,0.8713950202107802,"[0.002918243408191993, 0.0053672790527139, 0.005546569824197592, 0.02308654785147443, 0.06073379516578394, 0.03737258911118556, 0.01165390014643992, 0.00494003295896553, 0.8483810424772324]",1,Tuberculosis-178.png
845325,0,128.0409315374266,0.9072131746296729,"[0.0020904541015545255, 0.004035949707015854, 0.002841949462879784, 0.016506195068296408, 0.04818725585919118, 0.026592254638570432, 0.006259918212866745, 0.0024833679199124017, 0.8910026550258979]",1,Tuberculosis-233.png
778515,0,97.44787334882582,0.9215625408353462,"[0.0021514892578042926, 0.005115509033183611, 0.002307891845694321, 0.011863708496048493, 0.0472068786619293, 0.029502868652231205, 0.006191253662085757, 0.0032157897949096075, 0.8924446105922987]",1,Tuberculosis-558.png
1889805,0,342.73198997064566,0.773000709336938,"[0.00519180297849582, 0.011631011962846256, 0.007583618164033571, 0.04291915893538315, 0.10979080200153431, 0.07422256469698249, 0.01973342895500285, 0.012191772460890992, 0.7167358398410159]",1,Tuberculosis-466.png
835635,0,82.02957589285712,0.8435221801714808,"[0.004108428955062453, 0.008922576904262838, 0.007648468017548948, 0.027397155761614236, 0.07106018066379143, 0.045879364013496855, 0.017353057861261928, 0.00902175903316871, 0.8086090087859779]",1,Tuberculosis-519.png
503880,0,54.89153467465754,0.8811629767472462,"[0.0032844543456905955, 0.0067634582519273245, 0.00510787963865239, 0.021865844726479088, 0.05175399780253695, 0.037933349609230296, 0.013996124267524734, 0.007442474365205984, 0.8518524169889379]",1,Tuberculosis-641.png
673200,2,77.37297043175148,0.9414574914948064,"[0.0008583068847623508, 0.003932952880844372, 0.0010986328124958091, 0.012504577636671049, 0.018856048583912443, 0.039295196533053224, 0.005519866943338318, 0.007766723632782872, 0.9101676940883249]",1,Tuberculosis-372.png
1467270,1,183.61199700342468,0.8008033096501126,"[0.006263732910132356, 0.012680053710889129, 0.009304046630823883, 0.039539337158052294, 0.09292984008753612, 0.06184005737281097, 0.02113342285148188, 0.014858245849552695, 0.741451263424906]",1,Tuberculosis-349.png
824925,0,144.045414933953,0.8502633866669796,"[0.003364562988268415, 0.00596237182614913, 0.004299163818342975, 0.024288177490141723, 0.08280181884734038, 0.04809570312481653, 0.012199401855422213, 0.006790161132786597, 0.8121986389129173]",1,Tuberculosis-376.png
585480,0,58.63136772260276,0.9453501978955582,"[0.0019149780273364449, 0.003124237060534957, 0.002765655517567575, 0.010189056396445507, 0.02520370483388823, 0.014873504638615137, 0.004398345947248847, 0.0018997192382740032, 0.9356307983362746]",1,Tuberculosis-236.png
664275,0,163.30828797700585,0.8706454123043138,"[0.002689361572255366, 0.006942749023411015, 0.005332946777323406, 0.024620056152249832, 0.05463409423807283, 0.041530609130700946, 0.013492584228464154, 0.007213592529269357, 0.8435440063444384]",1,Tuberculosis-503.png
753525,1,72.40777886497064,0.8895524815695577,"[0.0015525817871034522, 0.004539489746076433, 0.002849578857411005, 0.017204284667903122, 0.07154846191378957, 0.03693771362290597, 0.0074920654296589196, 0.004131317138656115, 0.8537445068326807]",1,Tuberculosis-557.png
670905,0,83.54057607632096,0.8735776335233129,"[0.0031051635742069044, 0.005722045898415672, 0.004821777343731606, 0.021911621093666414, 0.057682037353295586, 0.03781509399399637, 0.012638092040967414, 0.0058479309081808165, 0.8504562377897245]",1,Tuberculosis-122.png
770610,0,124.95425636007826,0.9104432404837788,"[0.002376556396475309, 0.0037956237792823957, 0.0021209716796794092, 0.012916564941356977, 0.04729843139630394, 0.023567199706941346, 0.00544738769529172, 0.0021972656249916182, 0.9002799987758625]",1,Tuberculosis-394.png
342720,0,83.78491545376711,0.8533366120253889,"[0.002487182617178012, 0.005577087402322475, 0.004333496093733469, 0.026138305663962788, 0.07392501831026486, 0.053375244140421385, 0.014728546142521939, 0.009082794189418477, 0.8103523254363618]",1,Tuberculosis-316.png
644895,0,45.64399614726027,0.47644407205512224,"[0.0049018859863094255, 0.023475646972566697, 0.015571594238221848, 0.10542678832967595, 0.2219505310050127, 0.2355346679678515, 0.05892181396461898, 0.05397796630838784, 0.28023910522354034]",1,Tuberculosis-698.png
494700,0,92.51834637964772,0.8675967402658749,"[0.002502441406240454, 0.0057487487792749455, 0.004905700683575036, 0.024662017822171547, 0.06134796142554722, 0.04368209838850524, 0.013732910156197613, 0.006500244140600203, 0.8369178771940731]",1,Tuberculosis-146.png
1242105,0,180.7317453522505,0.8787229692344565,"[0.002582550048818273, 0.005638122558572242, 0.0020103454589767062, 0.016494750976499578, 0.0628013610837448, 0.035720825195176234, 0.005287170410136081, 0.00297927856444176, 0.8664855956998196]",1,Tuberculosis-201.png
1256895,0,219.003673098092,0.8877736338578229,"[0.0030670166015508, 0.0057830810546654395, 0.0040206909179534124, 0.021484374999918045, 0.052841186523235925, 0.03082275390613242, 0.007503509521455751, 0.004177093505843441, 0.87030029296543]",1,Tuberculosis-445.png
668355,0,110.43921232876711,0.9057477095529137,"[0.0034255981445181823, 0.005737304687478114, 0.0034179687499869614, 0.01507186889642688, 0.03966140747055183, 0.029388427734262892, 0.010585784912068992, 0.005084991455058727, 0.8876266479458327]",1,Tuberculosis-162.png
868785,0,115.80018499266143,0.9074871404677511,"[0.0019645690917893806, 0.0035285949706896644, 0.0034866333007679494, 0.019134521484302006, 0.045639038085763396, 0.024303436279204164, 0.0055961608886505275, 0.0020217895507735374, 0.8943252563442446]",1,Tuberculosis-456.png
402135,0,63.29274706457927,0.8911429157361829,"[0.0025863647460838838, 0.0054435729980261095, 0.0041885375976402715, 0.020156860351485607, 0.04935836791973359, 0.03445053100572795, 0.013099670410106278, 0.006626129150365348, 0.8640899658170162]",1,Tuberculosis-48.png
1353285,2,198.8744878302349,0.7508195583119951,"[0.005039215087871402, 0.02018356323234488, 0.00818252563473441, 0.05323028564432819, 0.08286666870085577, 0.1001853942867272, 0.032924652099483774, 0.03335189819323214, 0.6640357971166075]",1,Tuberculosis-362.png
614550,0,75.35709699119374,0.8762949268461083,"[0.002830505371082952, 0.006015777587867676, 0.004600524902326201, 0.021759033203041997, 0.059936523437271357, 0.03651809692368882, 0.012256622314406369, 0.005889892578102532, 0.8501930236783973]",1,Tuberculosis-111.png
1471095,1,235.82471180895303,0.5572309299592123,"[0.00519180297849582, 0.021907806396400803, 0.015140533447207867, 0.1040573120113218, 0.16991424560482057, 0.18675994872975632, 0.054210662841590075, 0.046451568603338426, 0.3963661193832536]",1,Tuberculosis-284.png
2661690,1,460.02521862769066,0.5933844100426449,"[0.007022857665988835, 0.020137786865157555, 0.013969421386665461, 0.06778335571263205, 0.1734695434563695, 0.13521957397409354, 0.036476135253767104, 0.022689819335850944, 0.5232315063456603]",1,Tuberculosis-670.png
414120,0,79.36473367172212,0.9046259701694143,"[0.0021858215331947866, 0.004871368408184542, 0.0028991699218639403, 0.01677703857415475, 0.04076004028304764, 0.031959533691284334, 0.01055908203120972, 0.005470275878885382, 0.8845176696743602]",1,Tuberculosis-113.png
2664240,1,581.785721930039,0.763729291400366,"[0.00613021850583599, 0.013355255126902178, 0.006454467773412878, 0.04546737670881093, 0.10345458984335534, 0.0730209350583152, 0.01592254638665801, 0.011657714843705529, 0.7245368957491892]",1,Tuberculosis-226.png
1476960,2,403.5810833537181,0.7624582070811388,"[0.0053672790527139, 0.015373229980410106, 0.007591247558564791, 0.04614639282208959, 0.08456420898405241, 0.09477233886682597, 0.029647827148324403, 0.022773742675694375, 0.6937637329075097]",1,Tuberculosis-169.png
815490,0,82.83570052592955,0.8319379722802125,"[0.0017433166503839747, 0.004737854003888177, 0.004268646240218091, 0.026348114013571365, 0.08732986450161999, 0.05419540405252764, 0.010993957519489311, 0.005302429199198522, 0.8050804138152882]",1,Tuberculosis-580.png
730575,0,129.64559381115455,0.8979622556836183,"[0.002761840820301964, 0.004295349121077365, 0.003227233886706439, 0.01582717895501775, 0.05303955078104767, 0.02947998046863754, 0.0066452026366934005, 0.0026855468749897556, 0.8820381164517134]",1,Tuberculosis-463.png
912135,1,156.19019844667324,0.853170279490961,"[0.003986358642562918, 0.007736206054657989, 0.004131317138656115, 0.022171020507727925, 0.06307220458960315, 0.05027008056621449, 0.012416839599562008, 0.007957458496063394, 0.8282585144011373]",1,Tuberculosis-658.png
984045,0,64.4776097725049,0.9093198756293877,"[0.003288269042956206, 0.005329132080057796, 0.004795074462872333, 0.016387939453062484, 0.03606414794908117, 0.021652221679604903, 0.00808715820309415, 0.0037612915038919017, 0.9006347656215643]",1,Tuberculosis-667.png
810900,0,144.2508102984345,0.5400888262669684,"[0.005050659179668233, 0.020030975341720464, 0.011848449706986052, 0.09823989868126587, 0.20279693603438265, 0.20126342773360723, 0.048816680908016906, 0.05059432983379137, 0.3613586425767465]",1,Tuberculosis-279.png
511530,0,63.32118395303325,0.801797767846112,"[0.0020599365234296417, 0.006828308105442702, 0.004997253417949687, 0.03454971313463383, 0.09553527831994806, 0.07806396484345221, 0.01761245727532344, 0.012615203857373752, 0.747737884518632]",1,Tuberculosis-686.png
843285,0,86.47536234099803,0.8536247356274845,"[0.003414154052721351, 0.006572723388646802, 0.006008148193336456, 0.02495956420888916, 0.06869506835911295, 0.04227447509749498, 0.01380538940424421, 0.0063056945800540705, 0.8279647827116853]",1,Tuberculosis-645.png
633675,0,88.27360567514678,0.8935826428579812,"[0.003364562988268415, 0.00561523437497858, 0.0042076110839683245, 0.017223358154231174, 0.04658126831036918, 0.032073974609252646, 0.011444091796831344, 0.00579452514646227, 0.8736953735318234]",1,Tuberculosis-46.png
864195,0,158.8056889065558,0.8355266346240389,"[0.0033531188964715836, 0.006908416748020521, 0.004947662353496751, 0.02539443969716875, 0.0822982788082798, 0.05361175537088923, 0.01388168334955642, 0.007411956787081101, 0.8021926879852211]",1,Tuberculosis-491.png
423555,0,52.92967985567514,0.9245211127338167,"[0.0020217895507735374, 0.004573822021466927, 0.0033912658691276883, 0.014232635497992582, 0.034679412841664585, 0.02520370483388823, 0.00809478759762537, 0.004398345947248847, 0.9034042358363975]",1,Tuberculosis-240.png
1811010,0,133.16627553204498,0.5269265382273445,"[0.006401062011694332, 0.019016265869068082, 0.016815185546810853, 0.0914955139156666, 0.230094909667091, 0.1660537719720228, 0.046977996825992664, 0.03082656860339803, 0.3923187255844409]",1,Tuberculosis-564.png
1083495,0,106.54595003669276,0.8180646848999485,"[0.0023612976074128674, 0.006092071533179886, 0.005863189697243258, 0.03080749511706998, 0.09288787841761441, 0.058269500732199594, 0.011806488037064336, 0.006721496582005609, 0.7851905822723954]",1,Tuberculosis-546.png
1187535,0,105.87763729207437,0.4779898934795307,"[0.005081176757793117, 0.020900726318279644, 0.015613555908143563, 0.11051559448200028, 0.2313346862784144, 0.2264099121085113, 0.05628204345681655, 0.04581832885724709, 0.28804397582897934]",1,Tuberculosis-281.png
872355,0,151.71669367661445,0.8379926885652534,"[0.003135681152331788, 0.006397247314428721, 0.005928039550758636, 0.029869079589729806, 0.07913970947235435, 0.04872131347637664, 0.012695312499951572, 0.005611419677712969, 0.8085021972625408]",1,Tuberculosis-313.png
531420,0,54.92320893468687,0.7732313893181967,"[0.002460479736318739, 0.007465362548799647, 0.006309509277319681, 0.0411491394041399, 0.11337280273394251, 0.08650970458951374, 0.018444061279226515, 0.01431655883783601, 0.7099723815890885]",1,Tuberculosis-690.png
1638885,1,260.7511848703522,0.8649951043181399,"[0.0036201477050643153, 0.00757980346676796, 0.004520416259748381, 0.024757385253811808, 0.06292724609350996, 0.040321350097502436, 0.009059906005824814, 0.006011962890602066, 0.8412017822233535]",1,Tuberculosis-414.png
844305,0,110.83674015410958,0.8859673004063123,"[0.0028152465820205108, 0.004592895507794979, 0.004081726074203179, 0.020225524902266596, 0.05941772460914834, 0.031116485595584425, 0.00825500488278101, 0.0039024353027194885, 0.8655929565396667]",1,Tuberculosis-190.png
1085280,2,132.47402840631113,0.5501977831424046,"[0.005920410156227416, 0.022941589355381233, 0.014759063720646823, 0.09338378906214377, 0.19089508056567803, 0.2023468017570406, 0.05274963378886127, 0.048168182372863126, 0.368835449217343]",1,Tuberculosis-395.png
736440,0,84.54096211472603,0.8172231650599057,"[0.001609802246087609, 0.008022308349578773, 0.004566192626935707, 0.03747940063462265, 0.09154891967738514, 0.0733489990231577, 0.01692581176751356, 0.017066955566341146, 0.749431610104563]",1,Tuberculosis-567.png
1934430,1,234.47188417318978,0.6667529832478107,"[0.004093170166000011, 0.011737823486283348, 0.008899688720669175, 0.05452728271463574, 0.17289352416926235, 0.11140823364215313, 0.0227470397948351, 0.012722015380810844, 0.6009712219215356]",1,Tuberculosis-660.png
1383120,0,188.9231324914383,0.9013688440114695,"[0.0027885437011612377, 0.005352020263651458, 0.003047943115222748, 0.015449523925722315, 0.048732757568173475, 0.021930694579994466, 0.004085540771468789, 0.0015258789062441791, 0.8970870971645466]",1,Tuberculosis-450.png
745110,0,81.1675788894325,0.7948710393522224,"[0.002563476562490221, 0.006752014160130493, 0.00545501708982294, 0.033660888671746596, 0.10942077636677008, 0.07556915283174298, 0.015342712402285222, 0.012210845947219044, 0.7390251159639777]",1,Tuberculosis-424.png
2045610,1,226.2036906800391,0.6745446992608997,"[0.006137847900367211, 0.017578124999932946, 0.010967254638630039, 0.06665420532201136, 0.13570022582956046, 0.11973953247024635, 0.03297805786120232, 0.026420593261617963, 0.5838241577126166]",1,Tuberculosis-575.png
454920,0,56.501291890900184,0.788882019674896,"[0.0024375915527250764, 0.007583618164033571, 0.007015228271457613, 0.03840637207016599, 0.09869384765587351, 0.07914733886688557, 0.020591735839765198, 0.01345443725580805, 0.7326698303194706]",1,Tuberculosis-596.png
958035,1,203.8201366805284,0.8543923143506276,"[0.0031471252441286194, 0.008178710937468801, 0.004959106445293582, 0.023601531982331843, 0.05791473388649782, 0.04988861083965344, 0.014625549316350458, 0.008739471435513537, 0.8289451599089471]",1,Tuberculosis-39.png
623985,0,57.93735857999022,0.8178619534040514,"[0.002487182617178012, 0.006324768066382123, 0.006332397460913344, 0.03126144409167762, 0.08621597290006174, 0.0657615661618585, 0.015647888183534058, 0.00970458984371298, 0.7762641906708669]",1,Tuberculosis-550.png
658155,0,129.24279522382585,0.813915798813093,"[0.003856658935532163, 0.008228302001921737, 0.006507873535131424, 0.035728454589707456, 0.10258483886679616, 0.06351470947241396, 0.01704025268548187, 0.011173248290973003, 0.7513656616182275]",1,Tuberculosis-485.png
1060290,0,170.76991346624268,0.88830570537458,"[0.0038375854492041107, 0.006248474121069914, 0.004402160644514457, 0.018787384033131457, 0.045532226562326306, 0.030456542968633815, 0.010097503662070855, 0.004650115966779136, 0.8759880065884552]",1,Tuberculosis-315.png
990420,0,221.24772963551862,0.8832498513110068,"[0.0026855468749897556, 0.006828308105442702, 0.004028320312484633, 0.023029327392490275, 0.04481506347639154, 0.03712463378892088, 0.011627197265580645, 0.007122039794894707, 0.8627395629849901]",1,Tuberculosis-142.png
1442280,1,247.94628332925637,0.5371492613851051,"[0.006847381591770754, 0.017585754394464165, 0.014663696289006562, 0.088504791259428, 0.23803329467682635, 0.16151809692321198, 0.04500579833967207, 0.026767730712788512, 0.4010734558090169]",1,Tuberculosis-465.png
1880625,0,434.9470936276908,0.8306294505088225,"[0.00485229492185649, 0.012187957763625381, 0.005424499511698057, 0.03194427490222189, 0.05997467040992746, 0.057544708251733606, 0.017028808593685038, 0.012889862060497704, 0.7981529235809396]",1,Tuberculosis-117.png
808350,0,102.77267306751466,0.9046979573683668,"[0.002998352050769812, 0.0043754577636551835, 0.004043579101547075, 0.01738357543938681, 0.04578018188459099, 0.02552413940419951, 0.0071868896484100836, 0.0033493041992059733, 0.8893585205044199]",1,Tuberculosis-198.png
1365780,0,258.4309946795498,0.8703002158363147,"[0.0033493041992059733, 0.0078124999999701975, 0.004329681396467859, 0.024204254150298293, 0.050556182861135265, 0.04226684570296376, 0.010547637939412888, 0.007133483886691537, 0.8498001098600395]",1,Tuberculosis-93.png
959820,0,133.40950266022503,0.8435031087028809,"[0.0037651062011575124, 0.007862091064423133, 0.004287719726546143, 0.027118682861224673, 0.07007598876926394, 0.05519485473611757, 0.013614654540963689, 0.00859832763668595, 0.8094825744598027]",1,Tuberculosis-552.png
482460,0,50.223550636007836,0.9077606378751353,"[0.003082275390613242, 0.005306243896464133, 0.0047645568847474494, 0.01583099365228336, 0.03944015502914642, 0.025333404540918984, 0.010013580322227426, 0.004821777343731606, 0.8914070129360526]",1,Tuberculosis-649.png
822375,1,149.26203216731895,0.8501301392607106,"[0.0029335021972544343, 0.006870269775364417, 0.0059509277343522985, 0.0235862731932694, 0.06833267211887996, 0.04508972167951549, 0.012638092040967414, 0.005973815917945962, 0.8286247253386358]",1,Tuberculosis-145.png
1341555,1,95.95178342098826,0.7686306411083741,"[0.004447937011701783, 0.008403778076139817, 0.006168365478492094, 0.03620147705064315, 0.11946487426712239, 0.07512664794893216, 0.01694488525384161, 0.011066436767535909, 0.7221755981417763]",1,Tuberculosis-637.png
651015,1,107.48856791218199,0.8823396118406897,"[0.0023117065429599315, 0.006870269775364417, 0.004096984863265621, 0.024234771728423175, 0.052818298339642265, 0.040641784667813714, 0.011180877685504223, 0.011066436767535909, 0.8467788696256761]",1,Tuberculosis-571.png
1350225,1,196.15643728595884,0.768729214914992,"[0.003097534179675684, 0.010635375976521928, 0.006248474121069914, 0.046928405761539733, 0.11302566528277197, 0.09099197387660601, 0.02060699462882764, 0.017925262451103496, 0.6905403137180689]",1,Tuberculosis-608.png
426870,0,115.68870780332678,0.8894036209442084,"[0.0021820068359291764, 0.006168365478492094, 0.0036964416503765243, 0.02050018310539055, 0.04256439208968138, 0.03969573974594232, 0.01344680786127683, 0.008720397949185483, 0.8630256652799109]",1,Tuberculosis-328.png
475830,0,50.88960830479452,0.7623548712177787,"[0.0033760070800652464, 0.008918762206997227, 0.008029937744109993, 0.04041290283187709, 0.1132621765132398, 0.08803558349575792, 0.021842956542885424, 0.015289306640566675, 0.7008323669406858]",1,Tuberculosis-656.png
651525,0,85.48814365215263,0.782878825363597,"[0.003025054931629085, 0.007778167724579703, 0.007247924804659851, 0.03944015502914642, 0.09889984130821647, 0.08148956298797039, 0.02042007446281273, 0.014961242675724178, 0.7267379760714464]",1,Tuberculosis-518.png
433755,0,76.89532625978475,0.7895518038947599,"[0.002410888671865803, 0.008377075195280543, 0.0070686340331761605, 0.041717529296715856, 0.09632873535119503, 0.08177566528289118, 0.02163314819327685, 0.017253875732356056, 0.7234344482394278]",1,Tuberculosis-626.png
1419330,0,253.14978290117415,0.8262077782684781,"[0.004211425781233935, 0.009849548339806176, 0.007564544677705519, 0.03628158569322097, 0.07336807250948575, 0.054023742675575165, 0.017444610595636578, 0.00979614257808763, 0.7874603271454336]",1,Tuberculosis-175.png
1868640,1,335.9255519202544,0.7551832992288258,"[0.004695892333966461, 0.011985778808548028, 0.007263183593722293, 0.044570922851392476, 0.11940002441360702, 0.08241653442351372, 0.01976394653312773, 0.012718200683545233, 0.6971855163547623]",1,Tuberculosis-337.png
2338350,2,428.0220729880137,0.6122777911414249,"[0.006904602050754911, 0.01787948608391617, 0.013660430908151014, 0.0747375488278399, 0.19682312011643668, 0.13163757324168535, 0.03589630126939432, 0.025562286376855613, 0.49689865112115134]",1,Tuberculosis-669.png
406470,0,85.37579500978472,0.9444553338893363,"[0.0012359619140577852, 0.0033874511718620776, 0.0018310546874930151, 0.009666442871056875, 0.0228919982909283, 0.019405364990160347, 0.0050201416015433495, 0.004047393798812685, 0.9325141906702709]",1,Tuberculosis-431.png
963645,0,144.78586335004888,0.8983677952715861,"[0.0024757385253811807, 0.005420684814432446, 0.003288269042956206, 0.017074584960872365, 0.0476837158201306, 0.03050231933582114, 0.007122039794894707, 0.004859924316387711, 0.8815727233853089]",1,Tuberculosis-517.png
481440,0,65.66743364726025,0.888396880685454,"[0.0023956298828033615, 0.004398345947248847, 0.00502395629880896, 0.02009963989250145, 0.052196502685347757, 0.03292083740221816, 0.009983062744102543, 0.004360198974592742, 0.8686218261685614]",1,Tuberculosis-177.png
424320,0,79.9989680161448,0.7681646404940182,"[0.003028869628894696, 0.00835037231442127, 0.007614135742158454, 0.041549682617029, 0.10934066772419226, 0.09193038940394618, 0.02292251586905318, 0.016075134277282428, 0.6991882324192078]",1,Tuberculosis-241.png
1558560,1,276.4696558524952,0.5264761251963107,"[0.005691528320290788, 0.022079467773353272, 0.014415740966741883, 0.10573196411092478, 0.20178604125899588, 0.198249816893775, 0.05592346191384917, 0.04518890380842137, 0.35093307494983317]",1,Tuberculosis-460.png
1011330,0,169.73542609466733,0.8316713756753321,"[0.003925323486313151, 0.009674072265588095, 0.00562667846677541, 0.03661727905259469, 0.06771850585911668, 0.062652587890386, 0.017135620117122132, 0.014694213867131446, 0.7819557189911577]",1,Tuberculosis-419.png
449565,0,83.7199272260274,0.8714742673990651,"[0.002658843994130482, 0.005947113037086688, 0.0045623779296700955, 0.023368835449129603, 0.054855346679478244, 0.0433387756346003, 0.014976501464786619, 0.007164001464816421, 0.8431282043424868]",1,Tuberculosis-15.png
731595,0,102.73095034246572,0.9342446074796343,"[0.0018577575683522882, 0.003005981445301033, 0.0021858215331947866, 0.010879516601520998, 0.034030914306510805, 0.015617370605409174, 0.003738403320298239, 0.0013847351074165926, 0.9272994995081814]",1,Tuberculosis-436.png
703800,0,104.71318493150685,0.9210304166940863,"[0.0020828247070233045, 0.003967285156234866, 0.002830505371082952, 0.016979217529232104, 0.04024887084945584, 0.026283264160055986, 0.007087707519504213, 0.004539489746076433, 0.8959808349575196]",1,Tuberculosis-286.png
1890315,0,367.36759264921716,0.6574340748482709,"[0.006694793701146336, 0.016223907470641234, 0.014671325683537783, 0.07155227661105518, 0.15048980712833218, 0.10736846923787167, 0.03607940673814362, 0.018497467040945063, 0.5784225463845122]",1,Tuberculosis-66.png
607665,0,118.05284521771038,0.7921388206501646,"[0.002876281738270278, 0.006626129150365348, 0.005840301513649596, 0.03870010375961799, 0.1063575744624849, 0.07568359374971129, 0.01830673217766454, 0.010513305664022395, 0.7350959777803989]",1,Tuberculosis-467.png
983790,1,188.65859680772994,0.8846585212036088,"[0.00289535522459833, 0.007255554199191072, 0.003448486328111845, 0.021606445312417576, 0.04234695434554158, 0.04390716552717626, 0.011180877685504223, 0.011199951171832275, 0.8561592102018121]",1,Tuberculosis-691.png
1263780,0,184.75416997920746,0.8886953678195568,"[0.0033493041992059733, 0.006771087646458545, 0.0036735534667828615, 0.019023895263599305, 0.05178070068339622, 0.0331878662108109, 0.008052825927703657, 0.005081176757793117, 0.8690795898404347]",1,Tuberculosis-595.png
1079670,0,205.02297501834636,0.8336840710254211,"[0.0031547546386598404, 0.00911331176754336, 0.005187988281230209, 0.03593063354478481, 0.06674957275365162, 0.06711959838841583, 0.016624450683530332, 0.01687622070306062, 0.7792434692353086]",1,Tuberculosis-285.png
875670,0,84.82096991193735,0.8702626417754816,"[0.004035949707015854, 0.007701873779267495, 0.005908966064430584, 0.021343231201090457, 0.05312728881815671, 0.0351982116697876, 0.013427734374948777, 0.007183074951144473, 0.8520736694303434]",1,Tuberculosis-668.png
1224000,1,53.62503439946183,0.42347270064685383,"[0.00527954101560486, 0.02528381347646605, 0.016887664794857454, 0.12016677856399473, 0.2544746398916074, 0.24143218994048526, 0.061092376708751325, 0.058864593505634825, 0.21651840209878342]",1,Tuberculosis-615.png
1649340,0,135.6494885946673,0.8006738918417988,"[0.0057296752929468925, 0.010829925537068063, 0.009811401367150072, 0.034782409667836064, 0.09234619140589773, 0.05650329589822196, 0.019126892089770788, 0.009819030761681294, 0.7610511779756124]",1,Tuberculosis-294.png
755820,0,82.1809679244129,0.76439471040442,"[0.002445220947256297, 0.00621795654294503, 0.006114959716773548, 0.03514099121080345, 0.12405395507765177, 0.0782470703122015, 0.015102386474551763, 0.007392883300753049, 0.7252845764132488]",1,Tuberculosis-700.png
1882920,0,316.8111010885519,0.7200385413172821,"[0.005908966064430584, 0.013961791992134239, 0.009937286376915218, 0.0558624267575994, 0.13944625854438994, 0.093391418456675, 0.02705764770497491, 0.01598739624017339, 0.6384468078588926]",1,Tuberculosis-197.png
1039380,1,151.94990673923672,0.8246413758541052,"[0.0037879943847511748, 0.009033203124965541, 0.0061340332031016, 0.02706909179677174, 0.07559585571260224, 0.056411743163847304, 0.015979766845642167, 0.008220672607390515, 0.797767639157113]",1,Tuberculosis-156.png
2510985,1,390.05626223091963,0.5671690206860855,"[0.008163452148406358, 0.02230072021475868, 0.01617813110345391, 0.07609939575166283, 0.1882896423332661, 0.14537429809514857, 0.04218673706038594, 0.025932312011619826, 0.47547531127748305]",1,Tuberculosis-644.png
528105,0,136.745887353229,0.8886715136950843,"[0.0023269653320223734, 0.005836486816383986, 0.004451751708967393, 0.021003723144451127, 0.04648590087872892, 0.03573226928697307, 0.012363433837843461, 0.006263732910132356, 0.8655357360806826]",1,Tuberculosis-330.png
1524135,1,215.50591670743643,0.6114743936857484,"[0.005855560302712038, 0.015716552734315044, 0.013019561767528458, 0.07802200317353049, 0.19104385375903685, 0.15392303466738158, 0.039382934570162266, 0.027431488037004733, 0.4756050109845138]",1,Tuberculosis-426.png
955230,0,140.0628057729941,0.8502226745573683,"[0.00340652465819013, 0.006771087646458545, 0.00485229492185649, 0.023822784423737246, 0.07423019409151371, 0.04514312744123404, 0.012027740478469743, 0.005912780761696194, 0.8238334655730292]",1,Tuberculosis-321.png
734910,1,120.7376505931996,0.7564148179463227,"[0.002849578857411005, 0.009258270263636558, 0.007514953613252583, 0.04787826538067673, 0.12061691284133676, 0.08791732788052399, 0.023601531982331843, 0.017097473144466028, 0.6832656860325498]",1,Tuberculosis-533.png
1323705,0,277.25371514187873,0.8161190527913849,"[0.005046844482402623, 0.012119293212844393, 0.006858825683567585, 0.034439086913931126, 0.07855987548798156, 0.06110382080054816, 0.02096176147452941, 0.012832641601513548, 0.7680778503388669]",1,Tuberculosis-132.png
468180,0,85.00892857142857,0.8652444469055667,"[0.003269195556628154, 0.0075416564941118555, 0.004844665527325269, 0.02493286132802989, 0.06000137329078674, 0.044139862060378496, 0.01633834838860955, 0.008235931396452957, 0.8306961059538623]",1,Tuberculosis-7.png
580890,1,56.85998654598826,0.4757186887807106,"[0.005416870117166836, 0.02394485473623678, 0.016635894775327165, 0.10636520385701612, 0.21055221557536868, 0.24072647094634733, 0.06226730346655934, 0.0588188171384475, 0.2752723693837155]",1,Tuberculosis-694.png
1448910,2,90.72463613013701,0.546007314136717,"[0.004829406738262827, 0.02231597900382112, 0.01285552978510721, 0.11097717285113916, 0.1794166564934562, 0.20678329467694556, 0.05323791503885941, 0.060016632079849176, 0.34956741332874464]",1,Tuberculosis-475.png
948855,0,68.87350553449119,0.5333880409758153,"[0.00545501708982294, 0.024669647216702766, 0.01387023925775959, 0.11381530761675332, 0.18178558349540028, 0.2235221862784442, 0.06389236450170939, 0.05825805664040276, 0.31473159789919003]",1,Tuberculosis-199.png
1143930,1,92.45117951932488,0.5450597962294841,"[0.005046844482402623, 0.024173736572173407, 0.012382507324171513, 0.11430740356401707, 0.18180465698172835, 0.21252059936442366, 0.060852050781017866, 0.06145095825171871, 0.3274612426745321]",1,Tuberculosis-200.png
489090,0,62.444448691291576,0.8880524369310077,"[0.0036849975585796927, 0.006816864013645871, 0.006088256835914275, 0.019931793212814592, 0.044834136962719595, 0.030448913574102596, 0.012874603271435262, 0.006603240966771685, 0.8687171936002017]",1,Tuberculosis-520.png
732615,0,185.85465845156557,0.8546515200841784,"[0.003414154052721351, 0.008045196533172434, 0.004779815673809891, 0.027885437011612373, 0.057968139648216364, 0.05488967895486874, 0.016624450683530332, 0.011802673339798725, 0.8145904540984551]",1,Tuberculosis-171.png
638520,0,144.21929656922697,0.8144849721398583,"[0.0027389526367083018, 0.007671356201142611, 0.0061035156249767165, 0.03390121459948005, 0.0860214233395156, 0.07009124755832637, 0.01848602294914823, 0.012573242187452037, 0.7624130248994353]",1,Tuberculosis-497.png
1280100,0,142.5286509295499,0.8813449756249078,"[0.0035705566406113794, 0.0069503784179422365, 0.004249572753890039, 0.0219802856444474, 0.055294036865023447, 0.035079956054553676, 0.008903503417934786, 0.005046844482402623, 0.8589248657193796]",1,Tuberculosis-185.png
2489310,4,334.7569830907534,0.6225979366357328,"[0.006973266601535899, 0.017810821533135183, 0.013713836669869561, 0.06989669799778024, 0.18663406371999117, 0.12401580810499567, 0.033927917480339326, 0.023193359374911522, 0.5238342285136267]",1,Tuberculosis-297.png
488835,0,69.22497630259296,0.7629803314286986,"[0.0024986267089748436, 0.009399414062464143, 0.0061531066894296525, 0.046207427978339356, 0.11282730102496022, 0.09868240356407668, 0.024494171142484686, 0.022644042968663618, 0.6770935058567921]",1,Tuberculosis-270.png
593895,0,83.61732509784734,0.8912875874919687,"[0.002906799316395161, 0.0057487487792749455, 0.004199981689437103, 0.018955230712818315, 0.05057144165019771, 0.03310775756823308, 0.011276245117144484, 0.005641937255837852, 0.8675918579068467]",1,Tuberculosis-112.png
1998435,0,276.3654369496085,0.701617160114601,"[0.0055274963378695394, 0.014442443847601155, 0.009258270263636558, 0.05902862548805607, 0.13554000854440482, 0.1110305786128577, 0.028087615966689728, 0.01965713500969064, 0.617427825925379]",1,Tuberculosis-617.png
1044225,0,115.56762934197651,0.8757544833191114,"[0.0031890869140503344, 0.006031036376930118, 0.0028228759765517317, 0.018497467040945063, 0.058834075927509936, 0.03953552246078668, 0.00937271118160487, 0.005920410156227416, 0.8557968139615791]",1,Tuberculosis-339.png
899640,0,119.88405852495103,0.853656910815957,"[0.002571105957021442, 0.005264282226542418, 0.00502777099607457, 0.026981353759662697, 0.07815933227509247, 0.04353332519514643, 0.011146545410113728, 0.00510787963865239, 0.8222084045378791]",1,Tuberculosis-227.png
844050,0,126.26906494618395,0.8466688284153122,"[0.0037765502929543436, 0.007366180419893775, 0.005340576171854627, 0.026889801025288047, 0.07432937622041957, 0.0490722656248128, 0.015640258789002836, 0.007984161376922668, 0.8096008300750366]",1,Tuberculosis-166.png
1003680,1,85.65340248899216,0.7573558836164558,"[0.003032684326160306, 0.008903503417934786, 0.006507873535131424, 0.044296264648268524, 0.12447738647413453, 0.08987808227504776, 0.021446228027261937, 0.012638092040967414, 0.6888198852512786]",1,Tuberculosis-343.png
2405925,0,544.8518300513699,0.6906786055924481,"[0.006649017333959011, 0.017143249511653354, 0.010231018066367222, 0.05532836914041394, 0.12002182006790152, 0.10474014282186607, 0.029243469238169693, 0.018241882324149163, 0.6384010314917054]",1,Tuberculosis-504.png
819825,0,89.69401296477497,0.8501526546155665,"[0.003288269042956206, 0.006351470947241396, 0.006622314453099738, 0.02613067626943157, 0.07137298583957148, 0.04264831542952481, 0.013923645019478135, 0.006698608398411947, 0.82296371459647]",1,Tuberculosis-148.png
321810,0,75.43015380381605,0.8995201486129523,"[0.0018844604492115613, 0.004035949707015854, 0.0038032531738136166, 0.018508911132741893, 0.04420471191389387, 0.034057617187370076, 0.010295867919882599, 0.0045967102050605895, 0.8786125183071952]",1,Tuberculosis-144.png
1013115,0,150.4005473336595,0.9131794508547519,"[0.0020942687988201357, 0.003913879394516319, 0.0025939941406151047, 0.014945983886661735, 0.04584121704084075, 0.022502899169836034, 0.004360198974592742, 0.0019187927246020553, 0.9018287658657004]",1,Tuberculosis-359.png
432480,0,119.83669428816046,0.8731476637136528,"[0.002563476562490221, 0.006435394287084826, 0.004344940185530301, 0.023284912109286175, 0.05014419555644934, 0.04462051391584541, 0.015174865722598362, 0.009490966796838795, 0.8439407348600618]",1,Tuberculosis-421.png
904995,0,85.57024370107634,0.8502901811680634,"[0.0031204223632693463, 0.007755279540986041, 0.005245208740214366, 0.02718353271474005, 0.0909461975094187, 0.05019378662090227, 0.014057159423774501, 0.008316040039030777, 0.7931823730438492]",1,Tuberculosis-584.png
892755,0,137.32006788160467,0.8718626167440326,"[0.00272750854491147, 0.005775451660134218, 0.004920959472637478, 0.023975372314361667, 0.06449890136694146, 0.04003524780258165, 0.010658264160115592, 0.005035400390605791, 0.842372894283896]",1,Tuberculosis-310.png
376380,0,54.838139065557726,0.9165179217086246,"[0.002349853515616036, 0.004642486572247915, 0.0037765502929543436, 0.014930725097599294, 0.04095840454085938, 0.023715972900300156, 0.009288787841761442, 0.004745483398419397, 0.8955917358364273]",1,Tuberculosis-85.png
479655,0,79.2823890044031,0.8823001819527424,"[0.002853393554676615, 0.006595611572240465, 0.004421234130842509, 0.022483825683507982, 0.05331039428690601, 0.04111862182601502, 0.014404296874945051, 0.007587432861299181, 0.8472251892057524]",1,Tuberculosis-13.png
990930,0,240.28792349559686,0.846467417606951,"[0.0037345886230326286, 0.008892059326137954, 0.004417419433576899, 0.025318145751856543, 0.05884933471657238, 0.053756713866982435, 0.016086578369079257, 0.009860992431603008, 0.8190841674773441]",1,Tuberculosis-87.png
367200,0,88.59482402764188,0.824728557137032,"[0.0031127929687381254, 0.008888244628872343, 0.005390167236307563, 0.03792190551743346, 0.077625274657907, 0.07299423217745592, 0.02111434936515383, 0.01915740966789567, 0.7537956237764214]",1,Tuberculosis-260.png
498780,0,91.32901174168296,0.8630538016206816,"[0.00272369384764586, 0.006538391113256308, 0.00528335571287047, 0.024673461913968377, 0.05788040161110733, 0.04259109497054065, 0.014453887939397987, 0.0071525573730195895, 0.8387031555143787]",1,Tuberculosis-34.png
659685,0,56.18993089530332,0.9210484770497465,"[0.002956390380848097, 0.004516601562482771, 0.003940582275375593, 0.013381958007761452, 0.03387451171862078, 0.021255493163981416, 0.007686614990205053, 0.0038719177245946047, 0.9085159301723155]",1,Tuberculosis-653.png
1998180,0,322.65305085004894,0.5693358938294542,"[0.008369445800749322, 0.021530151367105368, 0.016792297363217194, 0.07950592040985295, 0.20126342773360723, 0.14424514770452787, 0.0458946228025593, 0.028369903564344903, 0.4540290832502211]",1,Tuberculosis-672.png
959565,2,110.75983060176124,0.5340204048625772,"[0.005901336669899363, 0.019279479980395205, 0.015911102294861177, 0.09309768676722298, 0.21317672729410866, 0.189857482909432, 0.04883193969707934, 0.03966140747055183, 0.3742828369126347]",1,Tuberculosis-305.png
756585,0,111.57437163649703,0.852954128416059,"[0.00263977050780243, 0.006275177001929187, 0.004692077636700851, 0.02536773681630948, 0.07716751098603375, 0.04836273193340926, 0.01379394531244738, 0.006496429443334593, 0.8152046203582184]",1,Tuberculosis-380.png
873630,0,157.92865551614477,0.8338112460824486,"[0.003097534179675684, 0.007720947265595547, 0.0036621093749860303, 0.029937744140510796, 0.08556365966764234, 0.06889724731419031, 0.013782501220650549, 0.011528015136674773, 0.7758102416962592]",1,Tuberculosis-432.png
501075,0,73.10068340264186,0.8912534298578605,"[0.002597808837880715, 0.005252838134745587, 0.004398345947248847, 0.020149230956954388, 0.0519180297849582, 0.03295516967760866, 0.010925292968708323, 0.005603790283181748, 0.8661994934048988]",1,Tuberculosis-126.png
530655,0,48.376765839041084,0.921179283026443,"[0.0026016235351463256, 0.00451278686521716, 0.0043411254882646895, 0.013530731201120258, 0.03252410888659468, 0.021244049072184586, 0.007877349853485574, 0.004070281982406348, 0.9092979431117657]",1,Tuberculosis-652.png
726240,0,255.99201168052835,0.8482150420004749,"[0.002674102783192924, 0.007808685302704587, 0.0050697326659962854, 0.02817535400379877, 0.06286239623999457, 0.052249908447066305, 0.01712036132805969, 0.009086608886684087, 0.814952850338688]",1,Tuberculosis-180.png
998070,0,155.19661967954988,0.7953324418465871,"[0.0034027099609245195, 0.009517669677698067, 0.005504608154275876, 0.04121780395492089, 0.10075759887656877, 0.0793037414547756, 0.018978118896411978, 0.01718521118157507, 0.7241325378390345]",1,Tuberculosis-457.png
793305,0,117.59394875244618,0.8701124804055969,"[0.003032684326160306, 0.005691528320290788, 0.005142211914042884, 0.022430419921789433, 0.05894851684547825, 0.03958892822250523, 0.012149810790969277, 0.005500793457010266, 0.8475151061979388]",1,Tuberculosis-277.png
650505,1,22.597870291095894,0.6661641128302662,"[0.0038185119628760585, 0.021095275878825776, 0.010086059570274024, 0.10023880004844574, 0.12020111083938521, 0.20653152465741526, 0.05087280273418093, 0.06158065795874946, 0.42557525634603277]",1,Tuberculosis-237.png
737970,0,150.61851379036207,0.8300887297865462,"[0.003253936767565712, 0.007606506347627233, 0.005401611328104394, 0.02912902832020138, 0.0740852355954205, 0.06492233276342421, 0.016330718994078328, 0.009517669677698067, 0.7897529602020654]",1,Tuberculosis-563.png
2042295,4,158.05493211839527,0.6317247793722592,"[0.005294799804667302, 0.019340515136644972, 0.014808654785099759, 0.07976150512664885, 0.20390701293867527, 0.133266448974101, 0.038948059081882674, 0.028831481933483765, 0.47584152221498166]",1,Tuberculosis-384.png
1117920,0,127.04678326810172,0.8988784599385247,"[0.002796173095692458, 0.004890441894512594, 0.003959655761703645, 0.016880035400326232, 0.04870986938457981, 0.024173736572173407, 0.006370544433569448, 0.003101348876941294, 0.8891181945766864]",1,Tuberculosis-387.png
342720,0,57.54429504036204,0.8171511420053743,"[0.0021820068359291764, 0.007633209228486507, 0.005229949951151924, 0.03703689575181184, 0.07989120483367962, 0.07996368408172622, 0.020954132079998192, 0.015945434570251674, 0.7511634826631501]",1,Tuberculosis-683.png
593385,0,101.73218490092954,0.8275106143076434,"[0.0032501220703001015, 0.010013580322227426, 0.007781982421845314, 0.03816604614243253, 0.06788253784153792, 0.06577682495092095, 0.022968292236240508, 0.0178184509276664, 0.7663421630830141]",1,Tuberculosis-524.png
960840,0,99.35131788160469,0.8906503141501385,"[0.002994537353504202, 0.005516052246072708, 0.004844665527325269, 0.020923614501873307, 0.057033538818141806, 0.03144073486316131, 0.008583068847623507, 0.004039764404281465, 0.8646240234342017]",1,Tuberculosis-249.png
608940,1,144.50314946183954,0.855759621259755,"[0.0031051635742069044, 0.007858276367157522, 0.005432128906229278, 0.025852203369042006, 0.06287765502905701, 0.04810714721661336, 0.01575088500970554, 0.008930206298794059, 0.8220863342253796]",1,Tuberculosis-131.png
744855,0,126.80327329990212,0.8668648905905192,"[0.002952575683582487, 0.006519317626928256, 0.0046119689941230314, 0.025482177734277793, 0.06527709960912599, 0.047412872314272256, 0.014102935790961826, 0.00911712646480897, 0.8245239257781046]",1,Tuberculosis-527.png
924375,0,156.08762689579254,0.907240283357532,"[0.0021781921386635657, 0.004756927490216229, 0.0032043457031127763, 0.018684387206959974, 0.04762268066388083, 0.029586791992074635, 0.0071525573730195895, 0.003948211669906813, 0.8828659057583509]",1,Tuberculosis-187.png
733380,0,50.75803418542073,0.9185541107478752,"[0.002880096435535888, 0.004440307617170561, 0.0047149658202945135, 0.014095306396430606, 0.03243637084948564, 0.0194244384764884, 0.00774765014645482, 0.0036888122558453034, 0.9105720519984796]",1,Tuberculosis-647.png
936105,1,246.95157320205476,0.8333215717259324,"[0.003028869628894696, 0.008663177490201327, 0.0044441223144361715, 0.026702880859273137, 0.06370544433569449, 0.06338500976538321, 0.015968322753845337, 0.0112457275390196, 0.8028564453094373]",1,Tuberculosis-80.png
1218900,0,248.20164582314086,0.7229587426171287,"[0.0067138671874743885, 0.015136718749942258, 0.010784149169880736, 0.053962707519325394, 0.1276779174799817, 0.10411834716757157, 0.032226562499877064, 0.02154922485343342, 0.6278305053686988]",1,Tuberculosis-216.png
409530,1,65.90614297945204,0.8018639721049614,"[0.0022430419921789435, 0.013099670410106278, 0.00562667846677541, 0.050453186034963786, 0.06725311279271219, 0.1103019714351261, 0.030353546142462336, 0.03211593627917436, 0.6885528564426858]",1,Tuberculosis-572.png
890715,0,110.7904193676614,0.8481694489259556,"[0.002880096435535888, 0.005210876464823872, 0.00519561767576143, 0.026920318603412933, 0.07675933837861343, 0.04428100585920608, 0.010677337646443644, 0.004425048828108119, 0.8236503601042798]",1,Tuberculosis-487.png
1366545,2,154.80003975048928,0.5993976498184845,"[0.00553131103513515, 0.023384094238192047, 0.014667510986272173, 0.08853149414028727, 0.15106201171817374, 0.1605796813958718, 0.05339813232401505, 0.040988922118984264, 0.46185684203925376]",1,Tuberculosis-282.png
2170560,0,579.2405516144815,0.6912348894844308,"[0.006881713867161248, 0.018131256103446458, 0.01038360595699164, 0.05712127685525085, 0.11830902099564243, 0.1035079956050739, 0.0315475463865984, 0.018856048583912443, 0.6352615356421079]",1,Tuberculosis-141.png
565335,0,120.39617477984343,0.9044522467404231,"[0.0025672912597558316, 0.006038665771461339, 0.002914428710926382, 0.015270233154238623, 0.03949737548813058, 0.031723022460816486, 0.010601043701131435, 0.005996704101539624, 0.885391235348185]",1,Tuberculosis-23.png
558195,0,127.25218627690803,0.9018834000815984,"[0.0033988952636589092, 0.006233215332007472, 0.0038108825683448376, 0.01753616333001123, 0.03492736816392926, 0.03401565551744837, 0.012969970703075524, 0.00783920288082947, 0.8792686462368802]",1,Tuberculosis-159.png
1037850,0,204.12319593933464,0.8420769035854122,"[0.0036544799804548093, 0.008514404296842519, 0.006061553955055002, 0.030269622802618905, 0.0679435729977877, 0.05052566528301038, 0.015865325927673854, 0.010196685790976727, 0.8069686889617654]",1,Tuberculosis-500.png
417945,0,74.81234711350292,0.8843142432439328,"[0.0025177001953028957, 0.005496978759744656, 0.004337310790999079, 0.02111434936515383, 0.0495834350584046, 0.03775024414048099, 0.012527465820264712, 0.006092071533179886, 0.8605804443326546]",1,Tuberculosis-5.png
1071000,0,209.04895425636005,0.8134719020052393,"[0.005905151367164974, 0.011264801025347652, 0.007488250732393309, 0.033653259277215374, 0.073463439941126, 0.06224822998023129, 0.021259307861247027, 0.011199951171832275, 0.7735176086396274]",1,Tuberculosis-17.png
1048305,0,118.51418404476517,0.8637174113499886,"[0.002693176269520976, 0.005119323730449221, 0.004108428955062453, 0.021842956542885424, 0.07121658325168145, 0.040157318115081185, 0.009220123290980453, 0.00391769409178193, 0.8417243957487421]",1,Tuberculosis-263.png
439365,1,33.559507246819955,0.8081690248391706,"[0.003055572509753969, 0.010929107665973933, 0.007358551025362555, 0.04122543334945211, 0.08529281616178401, 0.07585525512666376, 0.024284362792876112, 0.021610260009683187, 0.7303886413546357]",1,Tuberculosis-565.png
910350,1,65.62081855430527,0.4624900904486017,"[0.006824493408177091, 0.024398803710844425, 0.02103805541984162, 0.11569976806596488, 0.258277893065421, 0.2175292968741702, 0.06529998779271964, 0.04963684082012315, 0.24129486083892326]",1,Tuberculosis-513.png
412590,0,53.780439701565555,0.78142491883439,"[0.0021781921386635657, 0.007213592529269357, 0.005413055419901226, 0.03688812255845303, 0.1016502380367216, 0.0923767089840226, 0.01948165893547256, 0.015186309814395194, 0.7196121215792861]",1,Tuberculosis-621.png
627810,0,116.19753699853229,0.8518675085954255,"[0.002632141113271209, 0.00810241699215659, 0.004508972167951549, 0.031208038329959074, 0.060234069823988975, 0.05635452270486315, 0.016582489013608617, 0.013858795165962758, 0.8065185546844233]",1,Tuberculosis-459.png
937890,0,182.77090340631113,0.8145270800887036,"[0.0036010742187362627, 0.011314392089800588, 0.005992889404274014, 0.038463592529150145, 0.07891464233368334, 0.0692634582516889, 0.018856048583912443, 0.017158508300715795, 0.7564353942842238]",1,Tuberculosis-462.png
1137300,1,177.6109650195695,0.8069808510512229,"[0.0035934448242050418, 0.009239196777308506, 0.006748199462864883, 0.034706115722523856, 0.0939064025875324, 0.06129074096656307, 0.017490386962823904, 0.009563446044885394, 0.7634620666474782]",1,Tuberculosis-480.png
1059270,0,218.84001192514677,0.8423037268656448,"[0.002994537353504202, 0.006988525390598341, 0.004314422607405417, 0.025566101074121224, 0.07476806640596478, 0.05312728881815671, 0.012115478515578783, 0.006710052490208778, 0.813415527340647]",1,Tuberculosis-688.png
724200,0,140.4844093994618,0.8564338098369841,"[0.0021972656249916182, 0.00604629516599256, 0.002830505371082952, 0.02241134643546138, 0.07103347778293215, 0.053245544433390635, 0.01021194458003917, 0.008914947509731617, 0.8231086730925632]",1,Tuberculosis-399.png
2213655,0,404.3477823813601,0.662521702276473,"[0.007961273193329005, 0.019130706787036395, 0.01337051391596462, 0.0661201477048259, 0.1494750976556798, 0.11138534545855946, 0.036209106445174374, 0.02129745483390313, 0.5750503540017126]",1,Tuberculosis-153.png
363120,0,116.21730522260272,0.9012632117542189,"[0.0021858215331947866, 0.006084442138648664, 0.0034370422363150135, 0.01991271972648654, 0.03404998779283886, 0.0373497009275919, 0.014274597167914297, 0.009426116943323418, 0.8732795715298718]",1,Tuberculosis-33.png
583440,0,129.55256619985323,0.8539216761977082,"[0.0030708312988164104, 0.00595474243161791, 0.00579071044919666, 0.024154663085845355, 0.06950759887668798, 0.04783248901348941, 0.01311111450190311, 0.006401062011694332, 0.8241767883269341]",1,Tuberculosis-278.png
1966815,0,295.7363090141879,0.7793236078722645,"[0.004966735839824803, 0.011276245117144484, 0.005977630615211572, 0.03789520263657419, 0.11018371581989218, 0.06986618041965535, 0.01652526855462446, 0.011734008789017737, 0.7315750122042405]",1,Tuberculosis-444.png
412590,0,82.46774094911937,0.8794746128398423,"[0.0024414062499906867, 0.006099700927711106, 0.0048675537109189315, 0.023883819579987014, 0.05239868164042511, 0.04097747802718743, 0.014198303222602087, 0.0071525573730195895, 0.8479804992643433]",1,Tuberculosis-26.png
1400970,1,287.3072865704501,0.5274255125970652,"[0.006423950195287994, 0.018520355224538723, 0.015106201171817374, 0.09023666381801515, 0.23817443847565392, 0.1722640991204366, 0.04610443115216788, 0.02812194824208022, 0.3850479125961874]",1,Tuberculosis-610.png
782085,0,125.51786478718198,0.8799378655863833,"[0.0031700134277222822, 0.007587432861299181, 0.004573822021466927, 0.024555206298734453, 0.047252655029116616, 0.04102325439437476, 0.014099121093696215, 0.011131286621051287, 0.8466072082487236]",1,Tuberculosis-478.png
731340,0,122.4720103045499,0.812518253535958,"[0.003883361816391436, 0.0072708129882535135, 0.006114959716773548, 0.03390502929674566, 0.09032058715785858, 0.06344604492163297, 0.01643371582024981, 0.008644104003873275, 0.7699813842744064]",1,Tuberculosis-259.png
634695,0,102.59082222358118,0.8886725098195749,"[0.0033226013183467002, 0.007091522216769823, 0.0037498474120950705, 0.020458221435468833, 0.04653930664044747, 0.04043197631820514, 0.013488769531198545, 0.008529663085904962, 0.8563880920377488]",1,Tuberculosis-10.png
845580,0,136.00525165117415,0.8272432686766267,"[0.002861022949207836, 0.006771087646458545, 0.004203796386702713, 0.02605056762685375, 0.08778762817349324, 0.054904937743931174, 0.012168884277297329, 0.0071525573730195895, 0.7980995178192211]",1,Tuberculosis-183.png
2206260,1,281.4519477739725,0.5791592696243724,"[0.006439208984350436, 0.019107818603442735, 0.014690399169865835, 0.0793380737301661, 0.20319366455000612, 0.13785552978463037, 0.03879928588852387, 0.02453231811514079, 0.476043701170059]",1,Tuberculosis-549.png
940950,0,144.751899614726,0.7782923482911991,"[0.0036392211913923674, 0.009571075439416614, 0.006175994873023315, 0.040916442870937667, 0.10844421386677382, 0.08811950683560135, 0.021007537841716738, 0.015781402587830423, 0.706344604489493]",1,Tuberculosis-553.png
914685,0,125.19950923434443,0.9262140058290577,"[0.0019683837890549912, 0.0035514831542833272, 0.0023384094238192046, 0.01268768310542035, 0.037902832031105414, 0.016490936279233967, 0.003192901611315945, 0.0011024475097614194, 0.9207649230921907]",1,Tuberculosis-449.png
897855,1,156.73095034246572,0.8975863724653809,"[0.002944946289051266, 0.007263183593722293, 0.0027465820312395227, 0.015033721923770775, 0.04044342041000197, 0.0318374633787848, 0.009574890136682224, 0.006439208984350436, 0.8837165832485819]",1,Tuberculosis-37.png
1160760,0,173.57317147749507,0.8158971513289338,"[0.003227233886706439, 0.007923126220672901, 0.005332946777323406, 0.032413482665891974, 0.08800888061489864, 0.06064987182594051, 0.015686035156190162, 0.009681701660119318, 0.777076721188442]",1,Tuberculosis-203.png
2168010,1,365.66211319716234,0.6679734014302953,"[0.007442474365205984, 0.01711273193352847, 0.01030731201167943, 0.053943634032997345, 0.13758087158150642, 0.11281585693316339, 0.030269622802618905, 0.017063140869075535, 0.6134643554664098]",1,Tuberculosis-654.png
2055555,1,320.30656035958907,0.7854474653286794,"[0.0053253173827921855, 0.01090240478511466, 0.006210327148413809, 0.03703308105454623, 0.12161254882766108, 0.06542205810521919, 0.014759063720646823, 0.008060455322234877, 0.7306747436495564]",1,Tuberculosis-515.png
1107465,0,117.43139218444225,0.8447145949308111,"[0.0036430358886579777, 0.006542205810521918, 0.005760192871071776, 0.027606964111222813, 0.07283020019503467, 0.042552947997884547, 0.012840270996044768, 0.005405426025370005, 0.8228187561003768]",1,Tuberculosis-55.png
1165860,0,157.4075801125245,0.9086281812461533,"[0.002792358398426848, 0.004848480224590879, 0.00280761718748929, 0.0131072998046375, 0.04917144775371868, 0.02137756347648095, 0.004810333251934775, 0.0019531249999925494, 0.8991317748989138]",1,Tuberculosis-514.png
993990,0,97.23275440313108,0.865959424429177,"[0.0041732788085778304, 0.007980346679657057, 0.007293701171847177, 0.023731231689362597, 0.06512832641576718, 0.03699493408189013, 0.013328552246042905, 0.007732391357392378, 0.833637237545648]",1,Tuberculosis-492.png
729045,1,62.02483641144815,0.7878513960450978,"[0.0020103454589767062, 0.008159637451140749, 0.0068664550780988065, 0.04473495483381373, 0.10269546508749887, 0.08058547973602072, 0.02010345458976706, 0.015953063964782892, 0.7188911437960858]",1,Tuberculosis-342.png
1219665,0,161.7069853840509,0.7962234470734388,"[0.003211975097643997, 0.00893402099605967, 0.00604629516599256, 0.03867340087875872, 0.09677886962853706, 0.07062911987277744, 0.018451690673757737, 0.014038085937446449, 0.7432365417452116]",1,Tuberculosis-476.png
656625,0,120.05032259050881,0.8421820235187132,"[0.003944396972641203, 0.008712768554654263, 0.006114959716773548, 0.03198242187487799, 0.06983184814426487, 0.05997848510719307, 0.019638061523362588, 0.012847900390575989, 0.7869491577118417]",1,Tuberculosis-244.png
546210,0,73.88838521281801,0.8051498509339017,"[0.0034790039062367285, 0.00886154174801307, 0.00775146484372043, 0.03289413452135889, 0.08082199096648857, 0.07701110839814372, 0.019893646240158488, 0.013950347900337409, 0.755336761471728]",1,Tuberculosis-303.png
481185,0,103.77664811643835,0.8387995554551738,"[0.003311157226549869, 0.007511138915986972, 0.006626129150365348, 0.028804779052624494, 0.06768035888646057, 0.04944229125957702, 0.016853332519466958, 0.008232116699187346, 0.8115386962859668]",1,Tuberculosis-666.png
458745,0,51.63650853106653,0.7894258180456806,"[0.0037078857421733555, 0.00876617431637281, 0.007629394531220896, 0.036369323730330014, 0.0992393493648558, 0.075431823730181, 0.02096176147452941, 0.014606475830022406, 0.7332878112764996]",1,Tuberculosis-696.png
1893630,0,273.71547058463796,0.6617632889491081,"[0.0066452026366934005, 0.014003753662055954, 0.011592864990190152, 0.05760955810524899, 0.17033004760677212, 0.10974502563434697, 0.027912139892471648, 0.014846801757755863, 0.5873146057106502]",1,Tuberculosis-634.png
1748280,0,372.58630442759295,0.5473866593086565,"[0.007595062255830402, 0.02367401123037844, 0.01507186889642688, 0.08501052856412883, 0.19089508056567803, 0.16142654418883734, 0.04890441894512594, 0.03590393066392553, 0.4315185546858539]",1,Tuberculosis-675.png
759900,0,80.64324700342468,0.7605921697927317,"[0.002803802490223679, 0.007373809814424996, 0.007293701171847177, 0.042602539062337484, 0.12285614013625008, 0.08403396606413256, 0.019950866699142644, 0.01148605346675306, 0.7015991210910736]",1,Tuberculosis-309.png
730830,0,127.79495627446182,0.8563297414337326,"[0.0031204223632693463, 0.007343292236300113, 0.005638122558572242, 0.027229309081927378, 0.06647491455052766, 0.04471969604475128, 0.014842987060490254, 0.007705688476533105, 0.8229255676238139]",1,Tuberculosis-101.png
983790,0,130.93438493762224,0.9064440825135986,"[0.0023040771484287106, 0.004470825195295445, 0.002773284912098796, 0.014377593994085778, 0.04737472534161615, 0.02309799194327126, 0.005050659179668233, 0.0021095275878825776, 0.8984413146938384]",1,Tuberculosis-368.png
579870,0,132.43732035836595,0.8547460801265496,"[0.0016288757324156612, 0.006366729736303838, 0.0038261413574072795, 0.03287124633776523, 0.05976486206031889, 0.06216430664038786, 0.014671325683537783, 0.013576507568307585, 0.8051300048797412]",1,Tuberculosis-606.png
428655,0,73.63906555772992,0.9023396490896672,"[0.0026092529296775466, 0.004791259765606723, 0.0033226013183467002, 0.016914367675716725, 0.04017257690414363, 0.032501220703001016, 0.010879516601520998, 0.0051727294921677675, 0.8836364746060041]",1,Tuberculosis-22.png
907035,1,96.34033680895303,0.6390391341849517,"[0.0042419433593588185, 0.013832092285103485, 0.012905120849560145, 0.08209609985320244, 0.17289733886652794, 0.1603240966790759, 0.04088973999007839, 0.036560058593610535, 0.4762535095196676]",1,Tuberculosis-590.png
554115,0,91.46937683463796,0.8950534518854734,"[0.002571105957021442, 0.004272460937483701, 0.0035247802734240537, 0.017776489257744686, 0.05220794677714459, 0.03252792358386029, 0.009315490722620714, 0.004398345947248847, 0.873405456539637]",1,Tuberculosis-364.png
1887000,0,269.31358167196674,0.829342750472045,"[0.0056228637695098, 0.010009765624961815, 0.006614685058568517, 0.032127380370971195, 0.0752143859860412, 0.04652023315411941, 0.01235580444331224, 0.009670257568322486, 0.8018646240203786]",1,Tuberculosis-340.png
646425,0,71.36195495963794,0.8057822818731671,"[0.002487182617178012, 0.00827026367184345, 0.005771636962868608, 0.03647232055650149, 0.08615112304654636, 0.08017349243133479, 0.019962310790939474, 0.015094757080020543, 0.7456169128389526]",1,Tuberculosis-636.png
732870,0,135.68113992172215,0.7998601602536991,"[0.0037651062011575124, 0.009471893310510742, 0.006740570068333661, 0.03592300415025359, 0.09156036376918197, 0.07022094726535713, 0.020698547363202292, 0.011753082275345791, 0.7498664855928426]",1,Tuberculosis-251.png
596190,0,114.4970263576321,0.8018190972254584,"[0.0036125183105330944, 0.009578704833947835, 0.007656097412080169, 0.03647232055650149, 0.08332061767546341, 0.07636260986298994, 0.02130889892569996, 0.01575088500970554, 0.7459373474092639]",1,Tuberculosis-481.png
1376490,2,171.21081519080235,0.5984506384533866,"[0.005542755126931981, 0.023265838622958123, 0.010765075683552684, 0.09882354736290426, 0.15930175781189232, 0.19055938720630433, 0.05244064331034683, 0.055278778075961, 0.4040222167953338]",1,Tuberculosis-209.png
422280,0,81.4003180039139,0.8761809198665289,"[0.002536773681630948, 0.006008148193336456, 0.0037231445312357974, 0.022071838378822053, 0.053436279296671156, 0.044586181640454914, 0.013996124267524734, 0.0073547363280969434, 0.8462867736784123]",1,Tuberculosis-56.png
1312995,0,292.836476424902,0.6172753141107515,"[0.008201599121062463, 0.017498016357355126, 0.015190124511660803, 0.0736770629880002, 0.18122482299735554, 0.13667297363229114, 0.041587829589685106, 0.023796081542877975, 0.5021514892558969]",1,Tuberculosis-195.png
1042440,0,134.99329974926616,0.8269206980918594,"[0.0031623840331910613, 0.006858825683567585, 0.004886627197246984, 0.028404235839735396, 0.08750534057583807, 0.05363082885721729, 0.012645721435498636, 0.007827758789032638, 0.7950782775848576]",1,Tuberculosis-576.png
386580,0,60.17647688356164,0.8899767370710877,"[0.0024757385253811807, 0.0059509277343522985, 0.004199981689437103, 0.0209579467772638, 0.04817581176739435, 0.036849975585796925, 0.013771057128853717, 0.007183074951144473, 0.8604354858365614]",1,Tuberculosis-32.png
888930,1,104.8497813723092,0.8635921611989482,"[0.0040893554687344005, 0.007976531982391446, 0.0055961608886505275, 0.022514343261632864, 0.05635070800759754, 0.04330825805647542, 0.014442443847601155, 0.007373809814424996, 0.8383483886686769]",1,Tuberculosis-573.png
682125,0,100.18630748532289,0.8598057068511404,"[0.0017242431640559226, 0.00544738769529172, 0.003932952880844372, 0.02561950683583977, 0.06395721435522476, 0.05189514160136453, 0.012390136718702736, 0.008537292480436182, 0.8264961242644253]",1,Tuberculosis-635.png
1424685,1,227.66521297089037,0.6797477098721404,"[0.0054435729980261095, 0.019622802734300143, 0.013832092285103485, 0.07469558715791819, 0.12191772460890991, 0.13022232055614386, 0.042179107665854726, 0.03785705566391809, 0.5542297363260108]",1,Tuberculosis-496.png
1713600,0,386.7097640961351,0.8328762799720715,"[0.005176544189433378, 0.010890960693317828, 0.005775451660134218, 0.031139373779178088, 0.07707214355439349, 0.05438232421854255, 0.01463699340814729, 0.009899139404259112, 0.7910270690887793]",1,Tuberculosis-624.png
1144440,2,74.10598856409003,0.5899917098415965,"[0.0037155151367045764, 0.02341842651358254, 0.013011932372997238, 0.10738754272419972, 0.1489982604974785, 0.1939773559562913, 0.057537078857202384, 0.054370880126745715, 0.3975830078109833]",1,Tuberculosis-461.png
904485,0,143.59358182485326,0.9250519124743427,"[0.002494812011709233, 0.004604339599591811, 0.0035247802734240537, 0.015888214111267517, 0.029445648193247048, 0.020301818847578805, 0.006401062011694332, 0.0034866333007679494, 0.9138526916469045]",1,Tuberculosis-639.png
1218900,0,362.3913894324853,0.8665292746491693,"[0.0032386779785032703, 0.008171081542937579, 0.004364013671858353, 0.02478027343740547, 0.04758453369122473, 0.04876327514629836, 0.012924194335888197, 0.009338378906214377, 0.840835571285855]",1,Tuberculosis-638.png
867510,0,81.64570847602741,0.8821456634916274,"[0.003143310546863009, 0.006233215332007472, 0.005893707275368142, 0.01958465576164404, 0.05084228515605605, 0.03244781494128247, 0.010780334472615127, 0.00527572631833925, 0.8657989501920097]",1,Tuberculosis-320.png
974355,0,239.29861790606654,0.8845614978721338,"[0.0019149780273364449, 0.0060691833495862225, 0.0037422180175638495, 0.0212860107421063, 0.056579589843534166, 0.033706665038933915, 0.008373260498014934, 0.005413055419901226, 0.8629150390592082]",1,Tuberculosis-581.png
1226040,0,220.23419535836587,0.8156893344892334,"[0.0036735534667828615, 0.0067138671874743885, 0.004711151123028903, 0.028224945068251704, 0.1064338684077971, 0.060657501220471734, 0.012886047363232093, 0.005672454833962736, 0.7710266113251838]",1,Tuberculosis-365.png
945030,0,143.05358671722115,0.9156388543578976,"[0.002521514892568506, 0.0042419433593588185, 0.00297927856444176, 0.01523971557611374, 0.04147338867171679, 0.021221160888590922, 0.005035400390605791, 0.0022163391113196704, 0.9050712585414693]",1,Tuberculosis-437.png
2647920,0,489.1971815374267,0.682126828741829,"[0.007518768310518193, 0.01939773559562913, 0.013221740722605813, 0.06538391113256307, 0.13208007812449615, 0.10753631591755852, 0.033176422119014067, 0.022068023681556442, 0.5996170043922439]",1,Tuberculosis-82.png
801975,0,159.43245474559686,0.8864479637147915,"[0.0031394958495973985, 0.007545471191377466, 0.0035247802734240537, 0.020927429199138918, 0.04721450805646051, 0.04341506957991251, 0.014263153076117465, 0.010410308837850912, 0.849559783932306]",1,Tuberculosis-160.png
1312995,0,181.7668672027887,0.8053363265503689,"[0.0036506652831891986, 0.008098602294890981, 0.0057487487792749455, 0.03387832641588639, 0.10151672363242524, 0.06121444702125086, 0.013942718505806187, 0.008914947509731617, 0.7630348205537298]",1,Tuberculosis-300.png
1703145,0,307.4273559809198,0.7003212219199314,"[0.007076263427707381, 0.01667404174798327, 0.011985778808548028, 0.060314178466566795, 0.13360214233347473, 0.09663391113244386, 0.033653259277215374, 0.018432617187429685, 0.6216278076148162]",1,Tuberculosis-152.png
1349205,0,103.02426690924656,0.7264043322580823,"[0.0035438537597521063, 0.01004791259761792, 0.009208679199183622, 0.04981613159160684, 0.13872909545845516, 0.08884048461880173, 0.025081634521388695, 0.01549911499017525, 0.659233093259204]",1,Tuberculosis-446.png
1043205,1,120.00694486912917,0.6314540156837962,"[0.0036354064941267568, 0.017738342285088582, 0.01174926757808018, 0.08982086181606361, 0.14825820922795005, 0.17520523071222227, 0.043807983398270384, 0.04272079467757141, 0.467063903806812]",1,Tuberculosis-280.png
704820,0,73.63245321673189,0.9355004934747845,"[0.0012664794921826688, 0.003032684326160306, 0.001907348632805224, 0.011768341064408232, 0.03890609741196096, 0.016746520996029867, 0.003177642822253503, 0.0012168884277297329, 0.9219779968226548]",1,Tuberculosis-403.png
1074060,0,163.84105919765167,0.8187874311758069,"[0.0037498474120950705, 0.008201599121062463, 0.005428314208963668, 0.03328323364245116, 0.08211135864226489, 0.06645584106419962, 0.015102386474551763, 0.010536193847616056, 0.7751312255829805]",1,Tuberculosis-633.png
2829480,0,545.1224123960372,0.7141028190435252,"[0.006591796874974854, 0.016403198242124925, 0.008876800537075513, 0.0538558959958883, 0.12375640869093416, 0.09388351440393873, 0.023117065429599314, 0.016559600830014953, 0.6569557189916345]",1,Tuberculosis-231.png
868530,0,113.73749388454007,0.8485885784603158,"[0.0018081665038993523, 0.005504608154275876, 0.0037193298339701867, 0.024738311767483756, 0.07684326171845686, 0.058372497558371074, 0.010684967040974864, 0.006904602050754911, 0.8114242553679983]",1,Tuberculosis-308.png
1663110,0,245.73054901541096,0.7445693577091933,"[0.006351470947241396, 0.014934539794864903, 0.007652282714814559, 0.05884552001930677, 0.10167312622031527, 0.10150527954062841, 0.028064727783096065, 0.025920867919822992, 0.6550521850560949]",1,Tuberculosis-189.png
374595,0,77.24644538894326,0.8838086460950881,"[0.002716064453114639, 0.006164550781226484, 0.0039062499999850987, 0.021518707275308538, 0.05097198486308681, 0.03995895385726944, 0.014205932617133309, 0.008548736572233014, 0.852008819576828]",1,Tuberculosis-102.png
424830,0,50.80246300146772,0.9192498861008995,"[0.0023231506347567627, 0.004032135009750243, 0.0034980773925647806, 0.013660430908151014, 0.03909301757797587, 0.023658752441316, 0.008308410644499555, 0.004386901855452015, 0.901039123531719]",1,Tuberculosis-94.png
454155,0,73.36078920009786,0.8937120084764166,"[0.0022048950195228388, 0.004508972167951549, 0.0035591125488145478, 0.016498565673765186, 0.05073928832988457, 0.03243255615222003, 0.009227752685511674, 0.004592895507794979, 0.87623596191072]",1,Tuberculosis-697.png
753270,0,141.0130488625245,0.8218814904408708,"[0.003364562988268415, 0.0070838928222386015, 0.0063056945800540705, 0.030265808105353294, 0.09096527099574674, 0.05664443969704954, 0.01557922363275307, 0.008373260498014934, 0.7814178466767066]",1,Tuberculosis-264.png
1743690,1,229.63217419887474,0.6346737096336293,"[0.007064819335910549, 0.022953033447178067, 0.011596679687455761, 0.08510589599576909, 0.1447639465326509, 0.17079162597591097, 0.04668426513654066, 0.043224334716631986, 0.4678153991681373]",1,Tuberculosis-206.png
824160,0,120.06303510273972,0.920926762753193,"[0.0020484924316328105, 0.003814697265610448, 0.0019035339355396134, 0.012542724609327153, 0.043785095214676724, 0.020404815673750284, 0.0043067932128741954, 0.0018730163574147299, 0.9093208312953593]",1,Tuberculosis-344.png
1376490,1,220.91193737769078,0.7603955795581465,"[0.0035324096679552747, 0.01430130004877357, 0.008201599121062463, 0.055210113525180016, 0.09709167480431712, 0.10606002807576728, 0.029644012451058792, 0.023197174072177133, 0.6627616882298937]",1,Tuberculosis-272.png
396780,0,75.05415239726025,0.8928903284095636,"[0.002391815185537751, 0.005481719970682214, 0.0036888122558453034, 0.019809722900315057, 0.0427551269529619, 0.03713607788071771, 0.012977600097606744, 0.006626129150365348, 0.8691329956021533]",1,Tuberculosis-31.png
1091910,0,139.06186552103716,0.8105587324714664,"[0.003276824951159375, 0.007297515869112787, 0.005653381347634684, 0.0336990356444027, 0.09729766845666009, 0.06174468994117071, 0.016025543212829493, 0.009780883789025188, 0.7652244567841903]",1,Tuberculosis-221.png
1578960,0,444.6395012842466,0.7710623454076146,"[0.004905700683575036, 0.014480590820257261, 0.0074577331542684255, 0.042034149169761524, 0.08156204223601698, 0.08920288085903472, 0.025512695312402675, 0.019947052001877033, 0.7148971557589916]",1,Tuberculosis-329.png
666825,0,100.69603871086107,0.9053226424737272,"[0.002239227294913333, 0.004066467285140737, 0.002861022949207836, 0.015964508056579726, 0.05191421508769259, 0.029323577880747513, 0.006820678710911481, 0.002845764160145394, 0.8839645385708467]",1,Tuberculosis-292.png
869550,0,148.39790239726025,0.8407178772549464,"[0.002513885498037285, 0.006484985351537762, 0.0033836364745964674, 0.02425003051748562, 0.08021163940399088, 0.05442047119119865, 0.01072692871089658, 0.007228851318331799, 0.8107795715301103]",1,Tuberculosis-662.png
1926270,0,323.31788160469677,0.8113004361962398,"[0.0055961608886505275, 0.010440826415975796, 0.00596237182614913, 0.03571701049791062, 0.08543014526334598, 0.059051513671649736, 0.014286041259711127, 0.010501861572225563, 0.7730140686005668]",1,Tuberculosis-602.png
667590,0,116.86163772015652,0.8529162276275224,"[0.002536773681630948, 0.005760192871071776, 0.003856658935532163, 0.025279998779200438, 0.07508468627901045, 0.051120758056445614, 0.01235580444331224, 0.007518768310518193, 0.8164863586394635]",1,Tuberculosis-505.png
509745,0,55.473416860322885,0.870959125230417,"[0.0036048889160018734, 0.0069847106933327305, 0.006328582763647733, 0.024581909179593728, 0.05532455444314833, 0.04735183715802249, 0.015197753906192026, 0.008235931396452957, 0.8323898315397934]",1,Tuberculosis-544.png
600525,1,124.8636137781311,0.9136478001875478,"[0.0008506774902311299, 0.0034904479980335597, 0.0018806457519459508, 0.015865325927673854, 0.045097351074046714, 0.03024673461902524, 0.005542755126931981, 0.005241394042948756, 0.891784667965348]",1,Tuberculosis-591.png
1103895,0,184.82662671232876,0.8811395306641364,"[0.002792358398426848, 0.005134582519511663, 0.004367828369123963, 0.022323608398352342, 0.058696746825947964, 0.03337478637682581, 0.007690429687470663, 0.0035743713378769896, 0.862045288082649]",1,Tuberculosis-516.png
2301630,0,463.0997584393348,0.7190729936351835,"[0.006992340087863951, 0.016712188720639374, 0.009937286376915218, 0.05182647705058355, 0.11021041870075145, 0.09271621704066194, 0.027194976806536885, 0.016815185546810853, 0.667594909665422]",1,Tuberculosis-116.png
2133585,0,331.07731087940306,0.7314383278212961,"[0.006175994873023315, 0.012245178222609537, 0.008140563964812697, 0.043922424316238697, 0.13632202148385497, 0.08588027954068801, 0.019676208496018692, 0.011013031005817363, 0.676624298093122]",1,Tuberculosis-454.png
841245,0,108.51540331457926,0.8568883784214602,"[0.001346588134760488, 0.004028320312484633, 0.0028648376464734462, 0.02239608764639894, 0.07849502563446618, 0.04846954345684635, 0.007472991943330867, 0.004497528076154719, 0.8304290771452696]",1,Tuberculosis-225.png
974355,0,190.55804335861055,0.8432165087585353,"[0.0036926269531109136, 0.008415222167936649, 0.006164550781226484, 0.026523590087789446, 0.07192230224581939, 0.04796981811505138, 0.014656066894475342, 0.007858276367157522, 0.8127975463836181]",1,Tuberculosis-105.png
404175,0,92.14261252446184,0.8428597432906081,"[0.002819061279286121, 0.007957458496063394, 0.006015777587867676, 0.02952957153309048, 0.07164001464816422, 0.05336761474589017, 0.018013000488212534, 0.009918212890587164, 0.8007392883270236]",1,Tuberculosis-100.png
1691670,0,370.91737631482385,0.7166502767331306,"[0.006614685058568517, 0.017414093017511695, 0.01098251342769248, 0.056598663329862214, 0.11590957641557346, 0.09964370727501051, 0.03405380249010447, 0.020576477050702757, 0.6382064819311591]",1,Tuberculosis-176.png
1660560,1,274.2759180834149,0.5588119342960048,"[0.0075759887695023495, 0.021381378173746562, 0.01695251464837283, 0.0885429382320841, 0.21355819702066972, 0.16446304321226324, 0.048942565917782045, 0.03535461425767763, 0.4032287597640868]",1,Tuberculosis-601.png
1406835,0,138.16766679916827,0.6119630091903678,"[0.003967285156234866, 0.011592864990190152, 0.009468078613245131, 0.05570983886697498, 0.20838165283123633, 0.1360855102533871, 0.025665283203027096, 0.01626205444329734, 0.5328674316385923]",1,Tuberculosis-693.png
965175,0,153.12158298679066,0.8120630383338285,"[0.0026855468749897556, 0.006870269775364417, 0.004707336425763293, 0.030452728271368208, 0.0975608825679872, 0.06288909912085384, 0.014076232910102553, 0.008838653564419407, 0.7719192504853366]",1,Tuberculosis-361.png
825945,0,97.0840722847358,0.7785631895849856,"[0.0033340454101435314, 0.008316040039030777, 0.007766723632782872, 0.04212951660140179, 0.11805343627884653, 0.07556533813447737, 0.021060943603435283, 0.012290954589796864, 0.7114830017062702]",1,Tuberculosis-205.png
590580,0,45.692216548434445,0.9206200935042277,"[0.002605438232411936, 0.004722595214825735, 0.0036621093749860303, 0.013317108154246074, 0.033309936523310435, 0.02340698242178571, 0.00910186767574653, 0.004814147949200385, 0.9050598144496724]",1,Tuberculosis-651.png
911880,1,89.59632613747553,0.8652700817123091,"[0.004009246826156581, 0.007850646972626302, 0.00613021850583599, 0.021759033203041997, 0.05916976928688366, 0.038707733154149215, 0.013851165771431537, 0.006858825683567585, 0.8416633605924924]",1,Tuberculosis-640.png
457725,0,81.33805497798434,0.9199713667525894,"[0.0025596618652246107, 0.004920959472637478, 0.0025520324706933897, 0.013652801513619793, 0.03261947631823494, 0.028003692626846297, 0.009674072265588095, 0.00536346435544829, 0.9006538391078924]",1,Tuberculosis-107.png
1229865,0,228.71593688845402,0.8679643122989443,"[0.0025100708007716748, 0.007667541503877001, 0.0035209655761584435, 0.023395538329988877, 0.06185531616187341, 0.040988922118984264, 0.00988006591793106, 0.006496429443334593, 0.843685150143266]",1,Tuberculosis-397.png
565080,0,88.17987860812131,0.8753923462155492,"[0.0027465820312395227, 0.005588531494119306, 0.004959106445293582, 0.021923065185463244, 0.05519866943338318, 0.037342071533060676, 0.01226043701167198, 0.0056953430175563985, 0.8542861938443974]",1,Tuberculosis-92.png
1198245,0,173.0011237157534,0.8583966739353234,"[0.003517150878892833, 0.007350921630831333, 0.004673004150372799, 0.025573730468652443, 0.0692596435544233, 0.049022674560359865, 0.012836456298779157, 0.006618499755834127, 0.8211479186980394]",1,Tuberculosis-494.png
710175,0,80.24422089041093,0.866885647992846,"[0.0034332275390494033, 0.00621795654294503, 0.004943847656231141, 0.023197174072177133, 0.06446075439428535, 0.03921127319320979, 0.012390136718702736, 0.006317138671850902, 0.8398284912077337]",1,Tuberculosis-164.png
1250265,1,48.843314273483365,0.5499087586181165,"[0.005302429199198522, 0.018573760986257272, 0.015914916992126788, 0.09214782714808598, 0.24083709716705, 0.17853546142510018, 0.04725646972638223, 0.03652954101548565, 0.3649024963364986]",1,Tuberculosis-391.png
1151325,1,108.2937637597847,0.8069256920159693,"[0.0013999938964790344, 0.005771636962868608, 0.004325866699202248, 0.03099060058581928, 0.10696411132771697, 0.0632743835446805, 0.010635375976521928, 0.008213043212859294, 0.7684249877900374]",1,Tuberculosis-589.png
1625115,0,225.50294688723093,0.7075066732481453,"[0.007362365722628165, 0.018589019775319713, 0.011646270751908697, 0.07242584228487997, 0.12644958496045514, 0.12291717529249986, 0.03678894042954716, 0.035457611083849115, 0.5683631896950975]",1,Tuberculosis-569.png
978435,0,150.2974789016634,0.8554320892634635,"[0.002700805664052197, 0.005775451660134218, 0.0038642883300633838, 0.023872375488190184, 0.07069396972629283, 0.04365539550764597, 0.009239196777308506, 0.004878997802715763, 0.8353195190397822]",1,Tuberculosis-204.png
547485,0,62.415698385518596,0.9405963056991749,"[0.0018310546874930151, 0.002693176269520976, 0.0023345947265535944, 0.011016845703082975, 0.026607513427632876, 0.015396118164003767, 0.004245758056624429, 0.0019531249999925494, 0.933921813961281]",1,Tuberculosis-324.png
531930,0,80.81146801614481,0.9324103126958829,"[0.001403808593744645, 0.002761840820301964, 0.0020370483398359793, 0.011604309081986983, 0.031879425048706514, 0.021183013915934818, 0.0047149658202945135, 0.0020904541015545255, 0.9223251342738253]",1,Tuberculosis-269.png
773925,0,160.82227709148728,0.8425543505645496,"[0.00297927856444176, 0.007560729980439908, 0.005115509033183611, 0.02750396728505133, 0.0636405944821791, 0.05371093749979511, 0.015552520751893796, 0.009071350097621646, 0.814865112301579]",1,Tuberculosis-139.png
592110,0,90.56090233610567,0.8584367909422774,"[0.002887725830067109, 0.006450653076147268, 0.005496978759744656, 0.02485656738271768, 0.06257247924780818, 0.045322418212717736, 0.01523590087884813, 0.007373809814424996, 0.8298034667937095]",1,Tuberculosis-62.png
451350,0,80.80101822407045,0.8652939461634201,"[0.003242492675768881, 0.007331848144503281, 0.005062103271465064, 0.024826049804592795, 0.060176849365004816, 0.04512405395490599, 0.016548156738218123, 0.009052276611293594, 0.8286361694304327]",1,Tuberculosis-69.png
648210,0,140.98974131604697,0.8696545466858085,"[0.002578735351552663, 0.004726409912091345, 0.0040893554687344005, 0.022277832031165016, 0.06745910644505516, 0.04017639160140924, 0.010147094726523791, 0.004558563232404485, 0.8439865112272492]",1,Tuberculosis-464.png
347820,0,70.21700709393347,0.8973942744818294,"[0.002563476562490221, 0.005924224853493026, 0.004146575927718557, 0.01985549926750238, 0.04336929321272518, 0.03431320190416598, 0.012832641601513548, 0.0071525573730195895, 0.8698425292935568]",1,Tuberculosis-19.png
698955,0,103.28759861179059,0.8897644460461221,"[0.002937316894520045, 0.005348205566385848, 0.0037918090820167854, 0.019386291503832295, 0.06348419189428907, 0.03640747070298612, 0.010070800781211583, 0.005474090576150993, 0.8530998229947925]",1,Tuberculosis-400.png
1268115,0,137.18052837573381,0.8473336915686475,"[0.0046463012695135255, 0.00902175903316871, 0.007537841796846245, 0.029064178466686002, 0.07362747192354725, 0.04600143432599639, 0.014190673828070866, 0.007514953613252583, 0.8083953857391037]",1,Tuberculosis-535.png
1584825,0,266.43200373043055,0.8085743511685606,"[0.0037422180175638495, 0.007583618164033571, 0.004074096679671959, 0.029994964599494953, 0.10198593139609533, 0.057380676269312356, 0.010578155517537772, 0.004634857177716695, 0.7800254821747588]",1,Tuberculosis-433.png
969255,0,142.81072651663405,0.847055027537448,"[0.0034561157226430657, 0.006011962890602066, 0.00595474243161791, 0.028034210204971183, 0.07361221313448481, 0.043136596679522944, 0.011108398437457624, 0.004634857177716695, 0.824050903317169]",1,Tuberculosis-228.png
1559835,0,234.0150478534736,0.6391658907556164,"[0.004760742187481839, 0.01439666748041383, 0.010372161865194808, 0.06169891357398338, 0.16720581054623715, 0.13035583496044023, 0.029930114745979574, 0.021190643310466037, 0.5600891113259884]",1,Tuberculosis-681.png
598740,0,132.8044467037671,0.8273944194707876,"[0.003276824951159375, 0.007892608642548017, 0.0056953430175563985, 0.029457092285043878, 0.08365249633757152, 0.05960083007789764, 0.0174522399901678, 0.010189056396445507, 0.7827835082977952]",1,Tuberculosis-242.png
522750,0,80.18412885273973,0.8659038597815936,"[0.002761840820301964, 0.005722045898415672, 0.0045280456542796015, 0.024127960204986084, 0.06276702880835432, 0.0436668395994428, 0.01319503784174654, 0.00621795654294503, 0.8370132446257132]",1,Tuberculosis-58.png
568395,0,108.62479360322892,0.8941757752814354,"[0.0030708312988164104, 0.006278991699194797, 0.0033950805663932986, 0.017990112304618874, 0.04336166381819396, 0.03667831420884446, 0.011940002441360701, 0.007080078124972991, 0.8702049255337898]",1,Tuberculosis-47.png
510255,0,144.21979727250488,0.8721891318772651,"[0.002674102783192924, 0.006740570068333661, 0.004669189453107189, 0.023853302001862132, 0.05361175537088923, 0.045021057128734505, 0.014621734619084847, 0.008811950683560135, 0.8399963378874207]",1,Tuberculosis-331.png
487305,0,48.0262391450587,0.7809817695602538,"[0.0038223266601416688, 0.00801467895504755, 0.00816726684567197, 0.03974151611312965, 0.10703659057576356, 0.07931518554657244, 0.02043151855460956, 0.01471710205072511, 0.7187538146945238]",1,Tuberculosis-599.png
1151325,0,142.01556384540112,0.7542702632913074,"[0.0033912658691276883, 0.012245178222609537, 0.008544921874967403, 0.05532455444314833, 0.10903167724567782, 0.09409332275354731, 0.025344848632715817, 0.02350234985342597, 0.6685218811009654]",1,Tuberculosis-604.png
1329060,0,176.3667938172701,0.6788998598691713,"[0.003849029541000942, 0.013633728027291741, 0.01012802124019574, 0.06518554687475134, 0.1529846191400414, 0.12778472900341878, 0.032417297363157585, 0.02597427368154154, 0.5680427551247862]",1,Tuberculosis-318.png
479655,1,72.19932959271038,0.9115901821097477,"[0.0013313293456980464, 0.006584167480443633, 0.0031204223632693463, 0.023033142089755886, 0.038951873779148286, 0.03849029541000942, 0.011775970458939453, 0.010963439941364428, 0.8657493591275568]",1,Tuberculosis-568.png
776730,0,82.22117325097847,0.8759784154255399,"[0.003276824951159375, 0.00596237182614913, 0.005146026611308494, 0.02212905883780621, 0.058883666991962874, 0.03442382812486868, 0.011623382568315035, 0.005821228027321544, 0.8527336120572939]",1,Tuberculosis-165.png
680340,0,135.23653069960858,0.8218422449169236,"[0.0044288635253737305, 0.007968902587860226, 0.007698059082001884, 0.03456115722643066, 0.08555984497037673, 0.05947113037086688, 0.018863677978443665, 0.01099777221675492, 0.7704505920380765]",1,Tuberculosis-222.png
663765,0,91.89353366560665,0.891519130355586,"[0.0023345947265535944, 0.004100799560531231, 0.0032501220703001015, 0.01998901367179875, 0.05398559570291906, 0.034763336181508016, 0.008083343505828539, 0.003925323486313151, 0.8695678710904329]",1,Tuberculosis-354.png
762705,0,141.75642123287673,0.9178003014084648,"[0.002426147460928245, 0.003807067871079227, 0.0022163391113196704, 0.012989044189403576, 0.03900909423813244, 0.021774291992104438, 0.005344390869120238, 0.0020141601562423165, 0.9104194641078551]",1,Tuberculosis-375.png
1090380,0,177.84730461105676,0.8103777967897284,"[0.0038185119628760585, 0.00799942016598511, 0.00587081909177448, 0.030548095703008468, 0.09067535400356035, 0.05846405029274573, 0.01480484008783415, 0.007141113281222759, 0.7806777954071782]",1,Tuberculosis-616.png
300135,0,80.78467465753423,0.9685879096357412,"[0.0004272460937483702, 0.002273559570303827, 0.0005416870117166836, 0.0038795471191258256, 0.010787963867146347, 0.01091003417964588, 0.0020217895507735374, 0.002307891845694321, 0.9668502807580305]",1,Tuberculosis-355.png
750465,1,212.84925391389433,0.7595188005241491,"[0.0035324096679552747, 0.0113182067870662, 0.008125305175750254, 0.04435729980451829, 0.09824752807579709, 0.09210968017542988, 0.027126312255755895, 0.01780319213860396, 0.6973800659153084]",1,Tuberculosis-522.png
671415,0,147.09203767123287,0.8141887741603008,"[0.003276824951159375, 0.007930755615204121, 0.005382537841776342, 0.03474426269517996, 0.08407211303678866, 0.07643127441377094, 0.018783569335865846, 0.013748168945260054, 0.75563049316118]",1,Tuberculosis-427.png
476595,0,73.45547945205479,0.8610271816185013,"[0.002536773681630948, 0.005920410156227416, 0.004535675048810823, 0.024032592773345823, 0.061927795409920015, 0.04336166381819396, 0.013343811035105346, 0.005908966064430584, 0.8384323120085203]",1,Tuberculosis-59.png
895050,0,86.79538435665361,0.8778482918400287,"[0.002838134765614173, 0.005802154540993492, 0.004192352294905883, 0.019271850585863982, 0.0728034973141754, 0.03356552124010633, 0.009979248046836931, 0.005405426025370005, 0.8461418151823191]",1,Tuberculosis-381.png
1423920,0,304.9738640533268,0.756688974779275,"[0.004913330078106257, 0.012027740478469743, 0.00766372680661139, 0.049751281738091464, 0.10445022582967968, 0.09038543701137396, 0.02356338500967574, 0.01804351806633742, 0.6892013549778396]",1,Tuberculosis-643.png
995010,0,106.55990092954988,0.834668772373929,"[0.0019149780273364449, 0.006649017333959011, 0.004695892333966461, 0.03021621704090036, 0.0859832763668595, 0.05568313598611571, 0.013816833496041042, 0.008991241455043826, 0.7920494079559629]",1,Tuberculosis-345.png
392190,0,82.15940710616438,0.8818958944979356,"[0.002929687499988824, 0.006137847900367211, 0.004093170166000011, 0.022373199462805277, 0.05236816406230023, 0.04191970825179321, 0.014423370361273103, 0.00928115844723022, 0.8464736938444272]",1,Tuberculosis-79.png
1897455,1,336.7358159552347,0.7112310994007803,"[0.005722045898415672, 0.0155906677245499, 0.010601043701131435, 0.06193161010718562, 0.11963653564407487, 0.11075973510699935, 0.029949188232307626, 0.023773193359284312, 0.6220359802222365]",1,Tuberculosis-417.png
608685,0,78.08149614726028,0.9020270860084103,"[0.0023574829101472568, 0.0035095214843616123, 0.003192901611315945, 0.016063690185485598, 0.048484802245908794, 0.028785705566296442, 0.007484436035127699, 0.0027198791503802496, 0.8874015808071617]",1,Tuberculosis-357.png
730320,0,81.9992393896771,0.9457309967693722,"[0.0015373229980410106, 0.002418518066397024, 0.0022697448730382166, 0.010776519775349516, 0.025505065917871456, 0.011825561523392389, 0.0028114318847549, 0.0010795593261677568, 0.941776275631173]",1,Tuberculosis-347.png
839970,0,125.79948935909981,0.8602897707004151,"[0.0035247802734240537, 0.006767272949192935, 0.005722045898415672, 0.020984649658123074, 0.061191558837657194, 0.03857803344711846, 0.011650085449174308, 0.0053672790527139, 0.8462142944303657]",1,Tuberculosis-322.png
796875,0,97.07582023605679,0.4938748735367861,"[0.0063400268554445645, 0.021896362304603973, 0.01864242553703826, 0.10919189453083346, 0.23236846923739482, 0.20692062377850753, 0.060665130615002956, 0.04653930664044747, 0.2974357604969122]",1,Tuberculosis-530.png
1048815,0,168.52921660958904,0.7884927879122867,"[0.003929138183578761, 0.008316040039030777, 0.005233764648417534, 0.03617477416978388, 0.10480499267538144, 0.07393264770479609, 0.01778411865227591, 0.011680603027299192, 0.7381439208956216]",1,Tuberculosis-406.png
519690,0,115.12316536203521,0.8834592518630758,"[0.00263977050780243, 0.005828857421852764, 0.004699707031232072, 0.02291107177725635, 0.047916412353332834, 0.03931427001938128, 0.013740539550728834, 0.006942749023411015, 0.8560066223111877]",1,Tuberculosis-137.png
1167900,1,157.0410729574364,0.9082073275665814,"[0.0019874572753830434, 0.00485229492185649, 0.0020332336425703686, 0.013259887695261917, 0.04751968383770935, 0.02521896362295067, 0.0038223266601416688, 0.0020675659179608626, 0.8992385864223509]",1,Tuberculosis-358.png
863685,1,143.65122767857142,0.9253999761820463,"[0.0020942687988201357, 0.004344940185530301, 0.0023803710937409196, 0.01311874389643433, 0.037254333495951635, 0.021076202392497724, 0.00493621826169992, 0.002792358398426848, 0.9120025634730835]",1,Tuberculosis-265.png
786930,0,66.65718642979454,0.814058551463816,"[0.0023956298828033615, 0.0070686340331761605, 0.006248474121069914, 0.035160064697131496, 0.08715820312466752, 0.07303237915011203, 0.018547058105397998, 0.014678955078069003, 0.7557106018037578]",1,Tuberculosis-412.png
812685,0,120.98385518590996,0.8433475827502244,"[0.003990173339828529, 0.0076599121093457795, 0.007396697998018659, 0.026519775390523834, 0.07073974609348015, 0.044162750243972156, 0.014926910400333683, 0.0073890686034874375, 0.817214965817195]",1,Tuberculosis-650.png
1198245,0,136.63012169765167,0.7399438100025123,"[0.0046119689941230314, 0.013740539550728834, 0.009006500244106267, 0.04897689819317254, 0.1019783020015641, 0.10242843627890613, 0.028816223144421324, 0.01976394653312773, 0.6706771850560354]",1,Tuberculosis-306.png
567630,0,110.50693340264185,0.8493343063645221,"[0.0035285949706896644, 0.007854461669891913, 0.005653381347634684, 0.02802276611317435, 0.06438827514623875, 0.04807281494122286, 0.01769256591790126, 0.009162902831996295, 0.8156242370574355]",1,Tuberculosis-50.png
677790,0,64.90601302592955,0.7983030593623026,"[0.0017051696777278702, 0.005992889404274014, 0.004432678222639341, 0.030933380126835122, 0.10409927368124351, 0.07426834106416981, 0.014675140380803394, 0.010036468505821088, 0.7538566589326711]",1,Tuberculosis-542.png
379185,0,92.84847419275928,0.8629906963574357,"[0.002880096435535888, 0.007385253906221827, 0.005413055419901226, 0.02598571777333837, 0.0604248046872695, 0.04729080200177272, 0.016544342040952512, 0.009418487548792195, 0.8246574401824011]",1,Tuberculosis-129.png
588030,0,138.4029247186888,0.8626424701028614,"[0.0020790100097576943, 0.004718780517560124, 0.003032684326160306, 0.020896911621014033, 0.06916809082004864, 0.04777526855450525, 0.009979248046836931, 0.004413604736311289, 0.8379364013639911]",1,Tuberculosis-529.png
1747515,0,377.5899851700098,0.7841043779077125,"[0.004913330078106257, 0.011817932128861168, 0.005928039550758636, 0.03393936157213615, 0.098434448241812, 0.07466125488252769, 0.016223907470641234, 0.012695312499951572, 0.7413864135713906]",1,Tuberculosis-413.png
1653165,1,236.72514447773963,0.7199275934384506,"[0.005035400390605791, 0.014911651611271242, 0.00911331176754336, 0.05699920654275131, 0.12869262695263406, 0.0954360961910422, 0.028274536132704642, 0.023803710937409194, 0.6377334594702234]",1,Tuberculosis-257.png
391680,0,85.45363716976517,0.8901775932718188,"[0.002647399902333651, 0.006076812744117444, 0.0038261413574072795, 0.020378112792891014, 0.041500091552576064, 0.03850555419907186, 0.01388549804682203, 0.00783920288082947, 0.8653411865201365]",1,Tuberculosis-20.png
1038360,0,97.89702329990216,0.877401270347437,"[0.0025329589843653376, 0.004787445068341112, 0.0038719177245946047, 0.02246475219717993, 0.05946731567360127, 0.03479766845689851, 0.008159637451140749, 0.005126953124980442, 0.8587913513150833]",1,Tuberculosis-578.png
1445595,0,203.51337374633067,0.86950725198234,"[0.004096984863265621, 0.0071525573730195895, 0.006446838378881657, 0.02308273315420882, 0.05775070190407657, 0.0310707092283971, 0.00987625122066545, 0.0044631958007642246, 0.8560600280729063]",1,Tuberculosis-534.png
428910,0,50.32100048923677,0.8971686917937145,"[0.00306320190428519, 0.00545120239255733, 0.004653930664044747, 0.01847076416008579, 0.044002532958816516, 0.03135681152331788, 0.011585235595658931, 0.006141662597632821, 0.8752746581997861]",1,Tuberculosis-254.png
1061820,1,186.65115887964777,0.822128919568629,"[0.001983642578117433, 0.008060455322234877, 0.005016326904277739, 0.0334815979002629, 0.08980560302700116, 0.05831527709938692, 0.013946533203071798, 0.010768890380818295, 0.7786216735810142]",1,Tuberculosis-587.png
1035045,0,228.35653895547944,0.8121397617401579,"[0.00340652465819013, 0.009262084960902167, 0.006324768066382123, 0.033088684081905025, 0.0758705139157262, 0.06774139404271033, 0.01914596557609884, 0.011375427246050356, 0.7737846374482201]",1,Tuberculosis-150.png
1256895,0,256.40998425269083,0.8527894404952225,"[0.0032920837402218165, 0.007160186767550811, 0.004871368408184542, 0.028049468994033624, 0.06862640380833196, 0.0435600280760057, 0.010143280029258182, 0.005649566650369074, 0.8286476135222296]",1,Tuberculosis-262.png
656625,0,120.05032259050881,0.8421820235187132,"[0.003944396972641203, 0.008712768554654263, 0.006114959716773548, 0.03198242187487799, 0.06983184814426487, 0.05997848510719307, 0.019638061523362588, 0.012847900390575989, 0.7869491577118417]",1,Tuberculosis-243.png
371025,0,110.29626345401174,0.8782694514398032,"[0.0022506713867101644, 0.006122589111304769, 0.0041580200195153886, 0.020393371581953455, 0.05125808715800759, 0.04127120971663944, 0.013694763183541509, 0.007282257080050345, 0.8535690307584626]",1,Tuberculosis-502.png
1315545,0,77.6038481531311,0.6017535162258948,"[0.0038108825683448376, 0.01805877685539986, 0.01250839233393666, 0.0821876525875771, 0.17628860473565564, 0.1705055236809902, 0.047279357909975894, 0.03374481201159002, 0.45561599731271507]",1,Tuberculosis-258.png
970275,1,92.18173617906065,0.5051187193112922,"[0.006252288818335524, 0.028564453124891035, 0.016708374023373763, 0.11345291137652033, 0.19364166259691756, 0.2168807983390164, 0.0640029907224121, 0.0654258728024848, 0.2950706481922338]",1,Tuberculosis-685.png
1281885,0,208.1087022994129,0.7672005396288976,"[0.004230499267561987, 0.010520935058553615, 0.007678985595673832, 0.04425811767561242, 0.10628128051717269, 0.08134078979461158, 0.02349472045889475, 0.013694763183541509, 0.7084999084445629]",1,Tuberculosis-283.png
386070,0,81.27144997553816,0.8824996825312573,"[0.0024375915527250764, 0.005348205566385848, 0.004325866699202248, 0.02144241332999633, 0.04804229736309798, 0.03951263427719302, 0.012756347656201338, 0.006355285644507006, 0.8597793579068764]",1,Tuberculosis-18.png
697680,0,69.47350477005871,0.8912744220434151,"[0.002796173095692458, 0.0050201416015433495, 0.004226684570296377, 0.01992034912101776, 0.04941940307598335, 0.03108978271472515, 0.010143280029258182, 0.004623413085919863, 0.8727607727017488]",1,Tuberculosis-163.png
1158210,1,214.64797501834636,0.8457811038912518,"[0.004272460937483701, 0.011539459228471605, 0.004650115966779136, 0.028472900390516382, 0.06648254394505888, 0.05226898193339436, 0.015804290771424086, 0.013324737548777294, 0.8031845092742799]",1,Tuberculosis-438.png
1274490,0,169.11197407045015,0.49842621138797066,"[0.004035949707015854, 0.02017974853507927, 0.01319885253901215, 0.08961105346645504, 0.20809555053631554, 0.19939804077072373, 0.04968261718731047, 0.038280487060400846, 0.3775177001938724]",1,Tuberculosis-655.png
1819935,0,197.6877675513699,0.6756372160158165,"[0.004722595214825735, 0.011360168456987915, 0.006683349609349505, 0.05544281005838225, 0.17250823974543567, 0.1126403808589453, 0.02249526977530481, 0.01593399047845484, 0.5982131957984992]",1,Tuberculosis-661.png
380970,0,69.07544184197651,0.8918337036306591,"[0.0023117065429599315, 0.006141662597632821, 0.003929138183578761, 0.020801544189373772, 0.04823684692364411, 0.03813552856430765, 0.01344680786127683, 0.007293701171847177, 0.8597030639615643]",1,Tuberculosis-30.png
340425,0,80.13947835127202,0.8776747809143545,"[0.002666473388661703, 0.006595611572240465, 0.004581451415998148, 0.023265838622958123, 0.05313491821268793, 0.04119873046859284, 0.015228271484316908, 0.009056091308559203, 0.84427261352217]",1,Tuberculosis-72.png
1010055,0,182.16851149706457,0.8185176484628638,"[0.0033950805663932986, 0.007583618164033571, 0.004981994628887245, 0.029602050781137076, 0.09448242187463958, 0.05960464477516325, 0.015129089355411037, 0.009593963623010276, 0.7756271362275099]",1,Tuberculosis-371.png
606390,0,114.23806720890408,0.9032014869867497,"[0.002410888671865803, 0.0038032531738136166, 0.0022506713867101644, 0.013256072997996306, 0.049266815185358935, 0.02870941162098423, 0.006870269775364417, 0.002651214599599261, 0.8907814025844926]",1,Tuberculosis-374.png
387600,0,82.9844896648728,0.8923254584227285,"[0.002052307128898421, 0.005252838134745587, 0.0036392211913923674, 0.019130706787036395, 0.04603195190412127, 0.03675842285142228, 0.011898040771438988, 0.0062217712402106405, 0.8690147399869194]",1,Tuberculosis-123.png
835125,0,231.9088949363992,0.799186621256287,"[0.003913879394516319, 0.010906219482380271, 0.007110595703097875, 0.03672790527329739, 0.08234024047820152, 0.06987762451145219, 0.022953033447178067, 0.014350891113226506, 0.7518196105928351]",1,Tuberculosis-325.png
1103130,0,208.57154323630127,0.87979040891597,"[0.002799987792958069, 0.006900787353489301, 0.003841400146469721, 0.021419525146402666, 0.053489685058389705, 0.035888671874863096, 0.009090423583949698, 0.006782531738255377, 0.8597869873014077]",1,Tuberculosis-442.png
1818915,1,381.06677317759295,0.7314403949434626,"[0.005016326904277739, 0.018508911132741893, 0.007892608642548017, 0.0656127929684997, 0.10144424438437864, 0.11455535888628175, 0.03221511840808023, 0.03291702270495256, 0.6218376159644248]",1,Tuberculosis-452.png
475320,0,77.67166860322895,0.8899946459920629,"[0.002376556396475309, 0.0054435729980261095, 0.003135681152331788, 0.01797866821282204, 0.047466278075990805, 0.036048889160018735, 0.011028289794879804, 0.005832672119118375, 0.8706893920865223]",1,Tuberculosis-422.png
632655,0,68.60322131849315,0.8658341576511316,"[0.004226684570296377, 0.007640838623017727, 0.00638580322263189, 0.02493286132802989, 0.05529785156228905, 0.042655944824056026, 0.015205383300723246, 0.008281707763640282, 0.8353729248015008]",1,Tuberculosis-646.png
636735,0,83.81576412671234,0.8869340671979088,"[0.003177642822253503, 0.005802154540993492, 0.004787445068341112, 0.020202636718672933, 0.0528335571287047, 0.03288650512682767, 0.011474609374956228, 0.0058479309081808165, 0.8629875183072548]",1,Tuberculosis-106.png
312885,0,43.19715478228962,0.9715006362324732,"[0.001499176025384906, 0.002830505371082952, 0.0007629394531220896, 0.0041580200195153886, 0.01140594482417524, 0.008792877197232082, 0.0033988952636589092, 0.002452850341787518, 0.9646987915002262]",1,Tuberculosis-134.png
943755,0,226.71561582681016,0.8615438975959102,"[0.002902984619129551, 0.00792694091793851, 0.004943847656231141, 0.02494812011709233, 0.05247879028300293, 0.050449371337698175, 0.013908386230415693, 0.009521484374963678, 0.8329200744597133]",1,Tuberculosis-98.png
373065,0,48.511649951076315,0.8147760983078841,"[0.0025329589843653376, 0.006759643554661714, 0.005340576171854627, 0.02996063232410446, 0.07538223266572806, 0.08739471435513536, 0.01853942871086678, 0.014446258544866766, 0.7596435546846022]",1,Tuberculosis-677.png
1031985,0,99.54856439579255,0.8433663555343897,"[0.0037879943847511748, 0.006690979003880726, 0.006484985351537762, 0.02844619750965711, 0.07147979736300858, 0.043273925781084924, 0.013847351074165926, 0.005584716796853696, 0.8204040527312454]",1,Tuberculosis-54.png
318750,0,39.853037854696666,0.9227980261428427,"[0.000587463378904009, 0.002826690673817342, 0.0019454956054613284, 0.01797866821282204, 0.0343208312986972, 0.03387451171862078, 0.007133483886691537, 0.008739471435513537, 0.8925933837856574]",1,Tuberculosis-556.png
1287495,1,179.60388637475532,0.8803243197576828,"[0.0022048950195228388, 0.006172180175757705, 0.0027809143066300167, 0.021419525146402666, 0.053028106689250835, 0.04092407226546889, 0.007701873779267495, 0.0071716308593476425, 0.8585968017545372]",1,Tuberculosis-692.png
439875,0,107.1079837328767,0.895473034093287,"[0.0020065307617110955, 0.00587463378904009, 0.0034713745117055076, 0.018962860107349537, 0.04092025756820328, 0.03661346435532908, 0.01226043701167198, 0.007247924804659851, 0.8726425170865149]",1,Tuberculosis-90.png
568905,0,66.18932699363992,0.7655530336469563,"[0.002555847167959, 0.007362365722628165, 0.007144927978488369, 0.040885925292812784, 0.11642837524369648, 0.0875930786129471, 0.02009582519523584, 0.013988494872993513, 0.703945159909424]",1,Tuberculosis-630.png
1400205,0,177.26965738136005,0.8055628537011016,"[0.004272460937483701, 0.01039886474605408, 0.0062217712402106405, 0.035217285156115656, 0.08297729492155846, 0.07231140136691165, 0.017646789550713932, 0.012710571289014013, 0.7582435607881232]",1,Tuberculosis-559.png
861390,0,109.12225186521526,0.797917299627239,"[0.0028572082519422257, 0.009815216064415683, 0.007144927978488369, 0.039138793945163196, 0.08851623535122484, 0.07252120971652022, 0.020328521728438076, 0.014003753662055954, 0.7456741332979367]",1,Tuberculosis-334.png
1405305,0,222.14448538405085,0.770013545697229,"[0.005718231201150062, 0.013801574706978601, 0.008785247802700862, 0.03926849365219395, 0.08998489379848486, 0.07680511474580076, 0.02111816406241944, 0.01805496215813425, 0.7264633178683225]",1,Tuberculosis-560.png
1445085,1,197.10679121819953,0.7190217911296275,"[0.0045280456542796015, 0.014442443847601155, 0.008377075195280543, 0.0556068420408035, 0.11024475097614195, 0.11966705322219975, 0.030384063720587218, 0.02682876586903828, 0.6299209594702533]",1,Tuberculosis-407.png
1252815,0,265.4963689456947,0.835737889136957,"[0.004421234130842509, 0.010608673095662656, 0.006076812744117444, 0.029911041259651522, 0.0707244873044177, 0.056743621825955416, 0.01736068725579315, 0.011081695556598352, 0.7930717468231465]",1,Tuberculosis-133.png
946305,0,174.46641083659486,0.9091650302522,"[0.002418518066397024, 0.005050659179668233, 0.0032844543456905955, 0.020362854003828573, 0.03952026367172424, 0.02512741088857602, 0.007015228271457613, 0.0057487487792749455, 0.891471862789568]",1,Tuberculosis-275.png
743325,1,109.57910729574363,0.8216307334121509,"[0.002418518066397024, 0.007949829101532174, 0.004035949707015854, 0.03783035278305881, 0.09005737304653146, 0.07861709594696573, 0.01592254638665801, 0.01840972900383602, 0.7447586059541902]",1,Tuberculosis-194.png
2166990,0,383.7350591670743,0.704831065882224,"[0.00605010986325817, 0.015197753906192026, 0.00970077514644737, 0.05696105957009521, 0.12871551513622773, 0.10789871215779152, 0.02656936645497677, 0.01865005493156948, 0.630256652829627]",1,Tuberculosis-612.png
874905,0,166.0531280577299,0.8696698175348093,"[0.0030517578124883583, 0.00689697265622369, 0.0034294128417837926, 0.022026062011634727, 0.0550956726072117, 0.044403076171705615, 0.011810302734329947, 0.007320404052706449, 0.845966339108101]",1,Tuberculosis-114.png
419985,0,68.55413710861059,0.9082425566770804,"[0.0024299621581938555, 0.005611419677712969, 0.003303527832018648, 0.017539978027276838, 0.03963470458969255, 0.031665802001832326, 0.011726379394486517, 0.006904602050754911, 0.8811836242642167]",1,Tuberculosis-29.png
1622565,1,114.12303923067516,0.5375482805435816,"[0.005889892578102532, 0.024234771728423175, 0.015289306640566675, 0.10312652587851286, 0.2018737792961049, 0.18935012817310581, 0.05526351928689856, 0.0523948669431595, 0.35257720947131127]",1,Tuberculosis-474.png
2391390,1,479.83073171477486,0.772779076939951,"[0.006053924560523781, 0.01533126831048839, 0.007480621337862089, 0.03938674926742788, 0.08551406860318941, 0.07146453857394613, 0.01915359497063006, 0.014198303222602087, 0.7414169311495155]",1,Tuberculosis-537.png
1800555,0,210.35861438967711,0.6006892420911647,"[0.006057739257789392, 0.020156860351485607, 0.014663696289006562, 0.08212661743132733, 0.18946075439380852, 0.1364059448236984, 0.04059219360336078, 0.03305816650378014, 0.47747802734192857]",1,Tuberculosis-299.png
613530,0,120.45214652641879,0.7910308011342182,"[0.002952575683582487, 0.00664138793942779, 0.005844116210915206, 0.0388832092283673, 0.10693740844685769, 0.07610702514619405, 0.01839447021477358, 0.01056289672847533, 0.7336769103975919]",1,Tuberculosis-470.png
1216605,1,165.42112585616437,0.8903960616681046,"[0.002674102783192924, 0.005439758300760499, 0.002922058105457603, 0.01712036132805969, 0.05306625366190694, 0.031112670898318814, 0.005867004394508869, 0.00297927856444176, 0.8788185119595382]",1,Tuberculosis-366.png
1012605,1,84.88988732265167,0.5912922011878188,"[0.005252838134745587, 0.021587371826089524, 0.013473510742136102, 0.09904098510704407, 0.1562347412103415, 0.18756484985280011, 0.05033111572246425, 0.052917480468548134, 0.413597106932016]",1,Tuberculosis-239.png
1710540,0,188.7099208047945,0.6355559389841695,"[0.005271911621073639, 0.014759063720646823, 0.010036468505821088, 0.0564460754392378, 0.17439651489191285, 0.125373840331553, 0.028503417968641268, 0.018978118896411978, 0.5662345886208868]",1,Tuberculosis-631.png
748935,0,103.3198997064579,0.8555772647991271,"[0.0034790039062367285, 0.00689697265622369, 0.0060691833495862225, 0.026100158691306684, 0.06495666503881471, 0.04427719116194047, 0.014663696289006562, 0.006423950195287994, 0.8271331787077822]",1,Tuberculosis-27.png
667335,1,86.33837603962817,0.847514004518732,"[0.0015182495117129582, 0.007369995117159385, 0.0034942626952991704, 0.03422164916979133, 0.06589889526342049, 0.06890869140598713, 0.016342163085875158, 0.018196105956961837, 0.7840499877899778]",1,Tuberculosis-566.png
653055,0,98.0794474681996,0.8766922733053902,"[0.002876281738270278, 0.0056953430175563985, 0.0045967102050605895, 0.02144241332999633, 0.05569076538064693, 0.03703689575181184, 0.011852264404251661, 0.005802154540993492, 0.8550071716275978]",1,Tuberculosis-96.png
471750,0,79.37644477739725,0.896883191569453,"[0.002666473388661703, 0.004470825195295445, 0.003978729248031697, 0.01814270019524329, 0.04557800292951363, 0.032314300536986106, 0.010623931884725098, 0.005382537841776342, 0.876842498775952]",1,Tuberculosis-36.png
1180395,0,169.77469499143837,0.8693298446557666,"[0.002613067626943157, 0.006084442138648664, 0.0055618286132600335, 0.025680541992089537, 0.06097793579078301, 0.034595489501821154, 0.010341644287069924, 0.005184173583964599, 0.8489608764616052]",1,Tuberculosis-261.png
530655,0,79.44915377323875,0.8167804909527409,"[0.0027198791503802496, 0.008819580078091355, 0.006084442138648664, 0.033176422119014067, 0.0748138427731521, 0.07069015502902722, 0.020076751708907787, 0.014587402343694354, 0.7690315246552695]",1,Tuberculosis-611.png
1411680,0,308.3102602128181,0.8178018852462443,"[0.004287719726546143, 0.01039123535152286, 0.006992340087863951, 0.033336639404169706, 0.0718917846676945, 0.06319046020483707, 0.018066406249931083, 0.01142120361323768, 0.7804222106903823]",1,Tuberculosis-83.png
657645,0,61.80738594667319,0.5885364013333163,"[0.004070281982406348, 0.02555084228505878, 0.012241363525343928, 0.11403656005815874, 0.12479782104444581, 0.22452163696203414, 0.06400680541967771, 0.06778717040989767, 0.36298751830916215]",1,Tuberculosis-223.png
753015,0,143.42229926002935,0.8250343542504286,"[0.002700805664052197, 0.007411956787081101, 0.004898071289043815, 0.030544281005742857, 0.08710479736294897, 0.06018829345680165, 0.015117645263614206, 0.009651184081994434, 0.782382965084906]",1,Tuberculosis-217.png
733890,0,123.4136497064579,0.9289639593434067,"[0.0020217895507735374, 0.0036659240722516405, 0.0020446777343672002, 0.011642456054643088, 0.033275604247919935, 0.018779754638600234, 0.004623413085919863, 0.0019454956054613284, 0.9220008850062484]",1,Tuberculosis-314.png
797640,0,106.74002415606654,0.8869628664832852,"[0.002887725830067109, 0.0055961608886505275, 0.0037651062011575124, 0.01711273193352847, 0.05390167236307563, 0.03458023071275871, 0.00835800170895249, 0.0036926269531109136, 0.8701057434048839]",1,Tuberculosis-484.png
1279080,0,159.08436276908023,0.8384484020403147,"[0.004047393798812685, 0.007904052734344849, 0.005832672119118375, 0.027400970458879848, 0.08343887329069732, 0.047733306884583535, 0.013072967529247005, 0.006496429443334593, 0.804073333737167]",1,Tuberculosis-67.png
836145,0,154.6071543236301,0.8278649755056207,"[0.002841949462879784, 0.007595062255830402, 0.004955291748027972, 0.031620025634645006, 0.08206939697234318, 0.06145095825171871, 0.01523590087884813, 0.01268386840815474, 0.7815475463837374]",1,Tuberculosis-319.png
621690,1,77.87693019202545,0.7395354168287798,"[0.002944946289051266, 0.010250091552695274, 0.007041931152316887, 0.049293518066218206, 0.11753463745072351, 0.1130409240718344, 0.026271820068259157, 0.02331924438467667, 0.6503028869604099]",1,Tuberculosis-401.png
692325,0,78.97235812133071,0.9265061131267129,"[0.0013046264648387733, 0.0035209655761584435, 0.0020446777343672002, 0.010856628417927335, 0.04359054565413059, 0.019382476806566688, 0.0034980773925647806, 0.0019111633300708344, 0.9138908386195607]",1,Tuberculosis-592.png
2002515,2,403.13607280455,0.6652728623350856,"[0.005893707275368142, 0.016067504882751205, 0.010250091552695274, 0.06445693969701974, 0.15763092040955493, 0.11667633056596116, 0.029659271240121233, 0.020988464355388686, 0.5783767700173249]",1,Tuberculosis-193.png
947835,0,204.1175697162427,0.8448597889613104,"[0.0036163330077987046, 0.010250091552695274, 0.0055618286132600335, 0.03072738647449216, 0.06563949584935898, 0.05663681030251832, 0.018783569335865846, 0.012611389160108141, 0.7961730957000878]",1,Tuberculosis-326.png
477870,0,79.07080938111545,0.8771570805423761,"[0.002624511718739988, 0.0058479309081808165, 0.004470825195295445, 0.02162551879874563, 0.056091308593536025, 0.04098510742171865, 0.013183593749949709, 0.006671905517552673, 0.8484992980924664]",1,Tuberculosis-118.png
413100,0,89.47712818003916,0.9348611009358487,"[0.0018959045410083927, 0.0037651062011575124, 0.0018386840820242359, 0.011142730712848119, 0.025936126708885437, 0.022247314453040134, 0.007553100585908687, 0.00527572631833925, 0.9203453063929735]",1,Tuberculosis-161.png
607665,0,118.05397657778862,0.7921127455824476,"[0.002868652343739057, 0.006629943847630959, 0.005855560302712038, 0.03869247436508677, 0.10633087158162563, 0.07569503784150812, 0.018329620361258202, 0.010517120361288004, 0.7350807189913365]",1,Tuberculosis-468.png
860625,0,149.84669688723096,0.7548982225152554,"[0.003856658935532163, 0.009811401367150072, 0.005947113037086688, 0.04533767700178017, 0.11479949951128082, 0.09760665893517453, 0.022621154785069958, 0.018436431884695296, 0.6815834045384156]",1,Tuberculosis-425.png
1461660,0,321.790155638454,0.692848422018273,"[0.0070838928222386015, 0.018196105956961837, 0.011367797851519135, 0.05469131469705699, 0.13625335693307397, 0.10721588134724724, 0.035808563232285276, 0.020721435546795952, 0.6086616516090062]",1,Tuberculosis-70.png
1124295,0,73.28910072162424,0.8651115264867958,"[0.0017280578613215328, 0.005550384521463202, 0.004272460937483701, 0.02579498291005785, 0.0815658569332826, 0.045528411865060694, 0.009918212890587164, 0.005645751953103463, 0.8199958801238251]",1,Tuberculosis-579.png
1611855,2,253.52056323385514,0.5017871968938066,"[0.008331298828093218, 0.0246810913084996, 0.018585205078054102, 0.09614562988244572, 0.23122024536044608, 0.17008972167903866, 0.053939819335731734, 0.036098480224471666, 0.36090850829940446]",1,Tuberculosis-665.png
841500,0,126.30430528375729,0.9360438201498534,"[0.0021018981933513567, 0.0037193298339701867, 0.0020446777343672002, 0.010993957519489311, 0.03311157226549869, 0.015850067138611413, 0.0031280517578005673, 0.0013732910156197614, 0.9276771545374768]",1,Tuberculosis-435.png
879750,0,142.07424932729936,0.8435581452173153,"[0.0034103393554557404, 0.007598876953096013, 0.004829406738262827, 0.023719787597565767, 0.06790161132786597, 0.0509681701658212, 0.013469696044870492, 0.007301330566378397, 0.8208007812468688]",1,Tuberculosis-109.png
304725,0,45.57810206702544,0.7987772310455451,"[0.0028114318847549, 0.008777618408169641, 0.007026672363254445, 0.039916992187347726, 0.08307266235319873, 0.08218383789031149, 0.023551940917878905, 0.017738342285088582, 0.7349205017061808]",1,Tuberculosis-538.png
754545,2,184.2476684809198,0.8458434724970809,"[0.00297927856444176, 0.008129119873015865, 0.004146575927718557, 0.02356338500967574, 0.06102371215797034, 0.05633926391580071, 0.01533126831048839, 0.008800506591763303, 0.8196868896453107]",1,Tuberculosis-38.png
1210230,1,104.92477219911937,0.5294651064319865,"[0.005126953124980442, 0.023105621337802484, 0.015258789062441791, 0.1071968078609192, 0.20495986938398375, 0.19936752319259884, 0.05875015258766651, 0.05078124999980629, 0.335453033445986]",1,Tuberculosis-323.png
1059270,0,172.39177164872797,0.6564664419459929,"[0.004726409912091345, 0.013076782226512616, 0.010623931884725098, 0.06518936157201695, 0.1706085205071617, 0.13539123535104602, 0.031696319579957215, 0.024921417236233055, 0.5437660217264413]",1,Tuberculosis-588.png
508980,0,82.49114022749514,0.8985504373105199,"[0.0027809143066300167, 0.005592346191384916, 0.0037841796874855645, 0.018421173095632855, 0.0452728271482648, 0.03364181518541854, 0.011116027831988845, 0.005371093749979511, 0.8740196227994003]",1,Tuberculosis-125.png
984555,1,149.2622500305773,0.6749769984589271,"[0.0036010742187362627, 0.019405364990160347, 0.010917663574177103, 0.08927917480434693, 0.11780166625931625, 0.1684303283684981, 0.04801559448223871, 0.0481224060056758, 0.4944267272930358]",1,Tuberculosis-482.png
1110525,0,173.85973428326807,0.8859083164787016,"[0.0026626586913960928, 0.006404876708959942, 0.004196166992171493, 0.024890899658108173, 0.04326248168928809, 0.042499542236166, 0.010459899902303848, 0.009323120117151935, 0.8563003540006398]",1,Tuberculosis-512.png
734910,0,108.26720355308223,0.9340236281962849,"[0.002052307128898421, 0.0033226013183467002, 0.0023002624511631003, 0.01294708251948186, 0.034175872802604, 0.020202636718672933, 0.004543304443342043, 0.0022277832031165016, 0.9182281494105597]",1,Tuberculosis-288.png
989145,0,137.47176186399219,0.9238274723068451,"[0.0023040771484287106, 0.003982543945297307, 0.0022354125976477225, 0.013263702392527528, 0.03841781616196282, 0.017215728759699952, 0.0035247802734240537, 0.0012283325195265643, 0.9178276061976706]",1,Tuberculosis-220.png
1197990,1,122.26019752935417,0.7790407685792217,"[0.0038375854492041107, 0.009757995605431526, 0.0072708129882535135, 0.039482116699068134, 0.09695434570275514, 0.0805473327633646, 0.019886016845627266, 0.013862609863228369, 0.7284011840792526]",1,Tuberculosis-695.png
1688100,2,442.385939028865,0.6342284669103339,"[0.006919860839817353, 0.02033996582023491, 0.010673522949178033, 0.062488555907964746, 0.14273452758734614, 0.1380462646479109, 0.03796386718735518, 0.028213500976454874, 0.5526199340799232]",1,Tuberculosis-523.png
1990530,1,306.5463475415851,0.6117124913915816,"[0.0065612792968499705, 0.018783569335865846, 0.013999938964790345, 0.07723236083954912, 0.18819427490162585, 0.13343048095652224, 0.038894653320164126, 0.026069641113181802, 0.496833801267636]",1,Tuberculosis-609.png
734655,0,100.5380610934442,0.8608255154585438,"[0.0036621093749860303, 0.006629943847630959, 0.0066108703613029065, 0.024326324462797828, 0.05897903442360314, 0.03942489624008398, 0.013263702392527528, 0.005264282226542418, 0.8418388366667104]",1,Tuberculosis-16.png
866490,0,86.29614878913895,0.9257668084748346,"[0.0020484924316328105, 0.0031700134277222822, 0.002273559570303827, 0.012310028076124916, 0.03710937499985844, 0.019207000732348607, 0.004322052001936637, 0.0018730163574147299, 0.917686462398843]",1,Tuberculosis-378.png
1002660,0,116.19753699853227,0.8922189817810624,"[0.002376556396475309, 0.004070281982406348, 0.0035743713378769896, 0.017757415771416634, 0.05427932739237106, 0.02717971801747444, 0.006759643554661714, 0.002613067626943157, 0.8813896179165596]",1,Tuberculosis-415.png
556665,0,59.71407931751467,0.8864438219319077,"[0.0032043457031127763, 0.006988525390598341, 0.005332946777323406, 0.019863128662033602, 0.049861907958794166, 0.034755706786976794, 0.012916564941356977, 0.0072708129882535135, 0.8598060607877357]",1,Tuberculosis-336.png
750720,0,85.53156341731899,0.8274084884515909,"[0.002452850341787518, 0.008319854736296386, 0.0047492980956850075, 0.03323745727526383, 0.06753158569310176, 0.07292556762667493, 0.01847076416008579, 0.016582489013608617, 0.7757301330536814]",1,Tuberculosis-620.png
409785,0,84.92351088551858,0.9010705014494225,"[0.0021858215331947866, 0.0049514770507623615, 0.0032310485839720494, 0.016853332519466958, 0.0398712158201604, 0.03442001342760307, 0.011344909667925472, 0.00596237182614913, 0.8811798095669511]",1,Tuberculosis-127.png
869550,0,188.92047608855182,0.8542746326523494,"[0.002841949462879784, 0.0076599121093457795, 0.004371643066389573, 0.025802612304589072, 0.057357788085718696, 0.05677795410134591, 0.01482009887689659, 0.00927734374996461, 0.8210906982390552]",1,Tuberculosis-97.png
2280975,0,249.6969942514676,0.8315809803173695,"[0.005214691162089482, 0.009716033935509811, 0.006252288818335524, 0.030364990234259166, 0.0860557556149061, 0.04016876220687802, 0.010852813720661724, 0.004558563232404485, 0.806816101071141]",1,Tuberculosis-396.png
2060145,0,306.95988258317016,0.7313493347362724,"[0.006607055664037296, 0.014034271240180838, 0.01013183593746135, 0.053348541259562114, 0.12702560424756232, 0.08502197265592566, 0.02402114868154899, 0.016147613525329025, 0.6636619567845777]",1,Tuberculosis-458.png
1888530,0,331.01108427103713,0.6334063279118018,"[0.005905151367164974, 0.018249511718680382, 0.013874053955025199, 0.0750312805172919, 0.17310333251887092, 0.14802169799748222, 0.03865432739243067, 0.028167724609267548, 0.49899291991997147]",1,Tuberculosis-311.png
1922190,1,173.64603718199604,0.5749500240050107,"[0.004364013671858353, 0.016208648681578793, 0.013904571533150082, 0.08160781860320432, 0.21963500976478714, 0.15362930297792957, 0.037578582763528524, 0.027873992919815543, 0.44519805908033294]",1,Tuberculosis-302.png
927180,0,104.18071183953032,0.8328815276006674,"[0.003948211669906813, 0.008602142333951561, 0.007225036621066189, 0.032718658447140815, 0.07822036743134224, 0.0533065795896404, 0.017486572265558293, 0.008869171142544291, 0.7896232604950347]",1,Tuberculosis-6.png
985065,0,137.3791967343444,0.8808466495826376,"[0.0035247802734240537, 0.005943298339821078, 0.005218505859355093, 0.023345947265535943, 0.055072784423618036, 0.034702301025258245, 0.010677337646443644, 0.005893707275368142, 0.855621337887361]",1,Tuberculosis-498.png
1200285,1,77.48061399217221,0.524038433122537,"[0.005809783935524712, 0.01872634887688169, 0.016975402831966493, 0.10089111328086513, 0.23084259033115065, 0.1893882751457619, 0.051227569579882705, 0.04173660278304391, 0.3444023132311081]",1,Tuberculosis-390.png
1110525,1,173.366094361546,0.6837601130456026,"[0.0035896301269394315, 0.02078628540031133, 0.008560180664029846, 0.07047271728488741, 0.10436248779257064, 0.16629028320249065, 0.04504013061506256, 0.04121017456038967, 0.5396881103495037]",1,Tuberculosis-388.png
1921170,2,172.61500886741678,0.6734788013466203,"[0.006820678710911481, 0.014930725097599294, 0.011035919189411027, 0.05951690673805421, 0.1586761474603322, 0.11538696289018482, 0.029689788818246115, 0.0215415954589022, 0.582401275632544]",1,Tuberculosis-625.png
596445,0,93.24927378913894,0.91931732594171,"[0.0024414062499906867, 0.005779266357399828, 0.003337860107409142, 0.013568878173776363, 0.030273437499884516, 0.030464172363165037, 0.008445739746061531, 0.006565093994115581, 0.8991241455043826]",1,Tuberculosis-561.png
358530,0,90.39180222602741,0.8852162453787537,"[0.0023574829101472568, 0.005859374999977648, 0.004131317138656115, 0.02003479003898607, 0.045955657958809064, 0.03830718994126012, 0.013134002685496773, 0.007743835449189209, 0.862476348873663]",1,Tuberculosis-74.png
499800,0,73.32099284491191,0.8998863372611481,"[0.002445220947256297, 0.004383087158186405, 0.0037651062011575124, 0.017524719238214397, 0.04457855224592369, 0.03140640258777082, 0.010314941406210651, 0.00476837158201306, 0.8808135986294524]",1,Tuberculosis-501.png
1776075,3,112.19437224804305,0.46971469153376977,"[0.006519317626928256, 0.023876190185455795, 0.01932144165031692, 0.10929870605427056, 0.25520706176660457, 0.2037391662589884, 0.06201171874976344, 0.046928405761539733, 0.2730979919423176]",1,Tuberculosis-301.png
1110525,0,117.92185206702543,0.7576668030283575,"[0.00298309326170737, 0.010116577148398908, 0.007484436035127699, 0.04581832885724709, 0.10984420776325285, 0.10036087036094528, 0.022819519042881698, 0.01700592041009138, 0.683567047116533]",1,Tuberculosis-410.png
741795,0,123.59499220278863,0.8457390886843311,"[0.003295898437487427, 0.00655746459958436, 0.006095886230445496, 0.028274536132704642, 0.07319259643526767, 0.04981613159160684, 0.01370620727533834, 0.006885528564426859, 0.8121757507293237]",1,Tuberculosis-196.png
732870,0,42.07557561766146,0.7700256977721788,"[0.004032135009750243, 0.013229370117137033, 0.008842468261685018, 0.05397796630838784, 0.09012985229457805, 0.09433364868128077, 0.03065490722644556, 0.02886199951160865, 0.6759376525853121]",1,Tuberculosis-545.png
1589160,0,159.57279690557726,0.7547289628680431,"[0.004047393798812685, 0.01149368286128428, 0.007320404052706449, 0.04908752441387525, 0.11657333373978968, 0.0810928344723469, 0.021423339843668277, 0.015979766845642167, 0.6929817199680596]",1,Tuberculosis-219.png
1487670,0,361.32590814579254,0.7353036135841008,"[0.006416320800756774, 0.01593017578118923, 0.008506774902311299, 0.0482330322263785, 0.10089111328086513, 0.10233688354453149, 0.03210067749011192, 0.02225112915030574, 0.6633338928197352]",1,Tuberculosis-128.png
1178355,0,258.2052806996085,0.8553468812658124,"[0.004043579101547075, 0.00946044921871391, 0.005287170410136081, 0.027046203613178076, 0.05945968627907005, 0.04970932006816975, 0.01558685302728429, 0.009696960449181759, 0.8197097778289043]",1,Tuberculosis-104.png
740265,0,225.4360093566536,0.8537624056104081,"[0.0032386779785032703, 0.008972167968715774, 0.004795074462872333, 0.02741241455067668, 0.05658721923806539, 0.05540084838846054, 0.01753234863274562, 0.012619018554639361, 0.8134422302215063]",1,Tuberculosis-154.png
504390,0,90.20604513209395,0.8751609865081312,"[0.0036735534667828615, 0.006450653076147268, 0.006412506103491163, 0.023143768310458588, 0.05579376220681841, 0.03901672363266366, 0.01456451416010069, 0.0074234008788779315, 0.8435211181608447]",1,Tuberculosis-149.png
1928565,1,358.3096677776418,0.8128026498019166,"[0.004333496093733469, 0.011161804199176171, 0.0053253173827921855, 0.03388977050768322, 0.08883666992153612, 0.05658721923806539, 0.013732910156197613, 0.00902557373043432, 0.7771072387665668]",1,Tuberculosis-526.png
942225,0,113.7135442147749,0.7322507001507403,"[0.0045967102050605895, 0.013580322265573194, 0.010505676269491174, 0.04862594604473638, 0.12054443359329016, 0.09220886230433575, 0.029441833495981437, 0.018238067626883552, 0.6622581481908331]",1,Tuberculosis-91.png
461295,1,81.64095370596871,0.90726382422234,"[0.0011291503906206927, 0.005306243896464133, 0.002922058105457603, 0.021045684814372842, 0.043891906738113814, 0.03998947143539432, 0.011711120605424076, 0.009433746337854638, 0.8645706176724831]",1,Tuberculosis-583.png
889695,0,81.21101394324853,0.8973153945464385,"[0.0034561157226430657, 0.0058822631835713105, 0.004287719726546143, 0.014934539794864903, 0.04415130615217532, 0.026214599609275, 0.009262084960902167, 0.004631042480451084, 0.8871803283657562]",1,Tuberculosis-335.png
583950,1,61.92068248532288,0.8806596953462813,"[0.0034675598144398973, 0.006740570068333661, 0.0055961608886505275, 0.020721435546795952, 0.050128936767386896, 0.03505706787096002, 0.013946533203071798, 0.007061004638644939, 0.8572807311979016]",1,Tuberculosis-648.png
1299735,0,147.81529017857144,0.7401427046097344,"[0.004898071289043815, 0.018894195556568547, 0.010288238525351379, 0.0649185180661586, 0.08501052856412883, 0.12018203735305716, 0.037525177001809976, 0.03911972045883515, 0.6191635131812319]",1,Tuberculosis-618.png
1564680,2,357.6339132827789,0.8512453194537252,"[0.003967285156234866, 0.010379791259726028, 0.004016876220687801, 0.0249366760252955, 0.04896926879864132, 0.05766677856423314, 0.013015747070262849, 0.012302398681593696, 0.8247451782195101]",1,Tuberculosis-121.png
794070,0,111.4068539016634,0.9354220262744174,"[0.0019569396972581596, 0.00298309326170737, 0.0020408630371015896, 0.010719299316365359, 0.030761718749882653, 0.015064239501895659, 0.0032806396484249853, 0.0011253356933550822, 0.9320678710901944]",1,Tuberculosis-248.png
745875,0,80.90800055039136,0.865468864391744,"[0.002876281738270278, 0.005653381347634684, 0.005550384521463202, 0.02503204345693576, 0.06349182128882029, 0.03958892822250523, 0.011764526367142621, 0.005306243896464133, 0.840736389156949]",1,Tuberculosis-179.png
558705,1,104.8423128669276,0.9237020120679762,"[0.0016632080078061552, 0.0049858093261528555, 0.0021514892578042926, 0.010917663574177103, 0.030380249023321607, 0.025146484374904073, 0.0068321228027083125, 0.00527572631833925, 0.9126472473109716]",1,Tuberculosis-40.png
796365,1,43.42824272260273,0.6805382742308284,"[0.0027465820312395227, 0.01210021972651634, 0.009208679199183622, 0.05766296386696753, 0.15705490112244774, 0.13504791259714108, 0.030155181884650592, 0.026950836181537815, 0.5690727233865011]",1,Tuberculosis-585.png
2094825,1,322.02488609955947,0.6917221346268041,"[0.005466461181619772, 0.013698577880807118, 0.009433746337854638, 0.05481338500955653, 0.15588760375917096, 0.1019020080562519, 0.02316284179678664, 0.015064239501895659, 0.620571136472242]",1,Tuberculosis-267.png
1113585,0,197.01893881482383,0.5392505285518252,"[0.007411956787081101, 0.020740509033124004, 0.017765045165947856, 0.08794403076138327, 0.22635269164952715, 0.16522979736265095, 0.051067352294727066, 0.03412246704088546, 0.38936614990085844]",1,Tuberculosis-622.png
1495320,0,206.5385006421232,0.8916195658571496,"[0.0037651062011575124, 0.005897521972633752, 0.002944946289051266, 0.01831436157219576, 0.05337142944315578, 0.025531768798730727, 0.005908966064430584, 0.0020294189453047584, 0.8822364807095251]",1,Tuberculosis-479.png
687735,0,121.65895609099805,0.8413640203943368,"[0.003807067871079227, 0.009120941162074582, 0.006282806396460408, 0.03083038330066364, 0.06899261474583056, 0.05383300781229464, 0.01900100708000564, 0.010459899902303848, 0.7976722717254727]",1,Tuberculosis-119.png
719100,0,107.58942331213306,0.8218541559972342,"[0.0029678344726449283, 0.006568908691381191, 0.005046844482402623, 0.03178405761706625, 0.08633804321256126, 0.06434631347631703, 0.013813018798775433, 0.011657714843705529, 0.777477264401331]",1,Tuberculosis-600.png
669630,0,104.7558975966243,0.8655102799551035,"[0.0031547546386598404, 0.006244659423804303, 0.003517150878892833, 0.021438598632730718, 0.06661987304662087, 0.047874450683411125, 0.011787414550736284, 0.006313323974585291, 0.833049774166744]",1,Tuberculosis-623.png
1152090,1,94.35860292318982,0.8866062850548783,"[0.0021553039550699033, 0.005676269531228346, 0.0035934448242050418, 0.021060943603435283, 0.06781768798802254, 0.03594970703111286, 0.0075416564941118555, 0.004425048828108119, 0.8517799377408913]",1,Tuberculosis-582.png
942990,0,118.06035958904103,0.8821600721031695,"[0.003101348876941294, 0.005825042724587154, 0.003967285156234866, 0.019714355468674796, 0.05936431884742979, 0.035888671874863096, 0.010322570800741872, 0.004199981689437103, 0.8576164245572753]",1,Tuberculosis-382.png
437070,0,88.1845722235812,0.892118322425746,"[0.002410888671865803, 0.006240844726538693, 0.002956390380848097, 0.019290924072192035, 0.041419982909998244, 0.038970947265476334, 0.012672424316357908, 0.007949829101532174, 0.868087768551376]",1,Tuberculosis-71.png
716805,0,80.4377293297456,0.8794288537704245,"[0.003108978271472515, 0.006359100341772617, 0.004642486572247915, 0.02126693725577825, 0.061702728271248994, 0.03413391113268229, 0.012195587158156601, 0.00655746459958436, 0.8500328063932417]",1,Tuberculosis-135.png
744345,0,73.37923877813111,0.7736407413955511,"[0.0022163391113196704, 0.007640838623017727, 0.00561904907224419, 0.03984832763656674, 0.1150474548335455, 0.08666610717740376, 0.019313812255785698, 0.014129638671821099, 0.7095184326144809]",1,Tuberculosis-687.png
1237770,1,67.09875321061642,0.48696887971896774,"[0.005218505859355093, 0.020065307617110957, 0.01617813110345391, 0.10609436035115778, 0.24040603637603605, 0.21146392822184956, 0.05532836914041394, 0.04323196411116321, 0.3020133972156448]",1,Tuberculosis-276.png
653310,1,147.87873807485323,0.8393286266419372,"[0.003448486328111845, 0.008106231689422202, 0.005004882812480908, 0.02649307250966456, 0.07413482665987345, 0.05572891235330303, 0.015796661376892864, 0.010120391845664519, 0.8011665344207719]",1,Tuberculosis-42.png
2056320,2,223.47667716487277,0.7485959670849988,"[0.00638580322263189, 0.013095855712840668, 0.00843048095699909, 0.044647216796704685, 0.1410446166986807, 0.08348083496061905, 0.020973205566326245, 0.012817382812451105, 0.6691246032689319]",1,Tuberculosis-664.png
1830390,1,221.48293022260276,0.6755584601428365,"[0.003288269042956206, 0.012237548828078317, 0.008888244628872343, 0.06016540527320798, 0.14635467529241045, 0.12615203857373752, 0.024700164794827652, 0.022624969482335566, 0.5955886840797593]",1,Tuberculosis-543.png
2365125,0,431.2092404598826,0.5892225674483318,"[0.0074234008788779315, 0.021240234374918975, 0.01404571533197767, 0.07236099243136458, 0.17029953002864723, 0.13928222656196868, 0.03923797607406907, 0.026760101318257293, 0.5093498229961039]",1,Tuberculosis-671.png
1567740,0,255.00810298434445,0.7863031722758672,"[0.0047988891601379435, 0.010452270507772627, 0.006931304931614184, 0.0347213745115863, 0.09855270385704593, 0.06576919555638973, 0.01694488525384161, 0.008522033691373741, 0.7533073425264232]",1,Tuberculosis-182.png
546720,0,87.27174810420742,0.8698619696395234,"[0.0031127929687381254, 0.006092071533179886, 0.0050697326659962854, 0.0231475830077242, 0.05812072753884079, 0.04061889648422005, 0.013725280761666393, 0.006652832031224621, 0.843460083004595]",1,Tuberculosis-63.png
716295,0,111.01406173556751,0.8250245346526326,"[0.0032806396484249853, 0.008338928222624439, 0.005508422851541487, 0.035964965820175304, 0.09297561645472345, 0.07039260864230959, 0.018264770507742827, 0.012977600097606744, 0.7522964477510364]",1,Tuberculosis-532.png
